DISCONNECT,INSUFFANESTH,PAP,HISTORY,ARTCO2,ERRCAUTER,HRBP,PRESS,FIO2,BP,VENTMACH,VENTTUBE,CATECHOL,CO,INTUBATION,ERRLOWOUTPUT,PCWP,MINVOLSET,TPR,CVP,VENTLUNG,ANAPHYLAXIS,PVSAT,MINVOL,EXPCO2,HRSAT,LVFAILURE,HYPOVOLEMIA,HREKG,LVEDVOLUME,SAO2,PULMEMBOLUS,HR,VENTALV,STROKEVOLUME,KINKEDTUBE,SHUNT
FALSE,FALSE,NORMAL,FALSE,HIGH,FALSE,HIGH,HIGH,NORMAL,HIGH,NORMAL,LOW,HIGH,HIGH,NORMAL,FALSE,HIGH,NORMAL,LOW,NORMAL,ZERO,FALSE,LOW,HIGH,LOW,HIGH,FALSE,TRUE,HIGH,HIGH,LOW,FALSE,HIGH,ZERO,NORMAL,FALSE,NORMAL
FALSE,FALSE,NORMAL,FALSE,HIGH,FALSE,HIGH,HIGH,NORMAL,NORMAL,NORMAL,LOW,HIGH,NORMAL,NORMAL,FALSE,NORMAL,NORMAL,NORMAL,NORMAL,ZERO,FALSE,LOW,ZERO,LOW,HIGH,FALSE,FALSE,HIGH,NORMAL,LOW,FALSE,HIGH,ZERO,NORMAL,FALSE,NORMAL
FALSE,FALSE,NORMAL,FALSE,HIGH,FALSE,HIGH,HIGH,NORMAL,LOW,NORMAL,LOW,HIGH,HIGH,NORMAL,FALSE,HIGH,NORMAL,LOW,HIGH,ZERO,FALSE,LOW,ZERO,LOW,HIGH,FALSE,TRUE,HIGH,HIGH,LOW,FALSE,HIGH,ZERO,NORMAL,FALSE,NORMAL
FALSE,TRUE,NORMAL,FALSE,HIGH,FALSE,HIGH,HIGH,NORMAL,HIGH,NORMAL,LOW,HIGH,HIGH,NORMAL,FALSE,NORMAL,NORMAL,NORMAL,NORMAL,ZERO,FALSE,LOW,HIGH,LOW,HIGH,FALSE,FALSE,HIGH,NORMAL,LOW,FALSE,HIGH,ZERO,NORMAL,FALSE,NORMAL
FALSE,FALSE,NORMAL,FALSE,HIGH,FALSE,HIGH,NORMAL,NORMAL,HIGH,NORMAL,LOW,HIGH,HIGH,NORMAL,FALSE,NORMAL,NORMAL,NORMAL,NORMAL,ZERO,FALSE,LOW,ZERO,LOW,HIGH,FALSE,FALSE,HIGH,NORMAL,LOW,FALSE,HIGH,ZERO,NORMAL,FALSE,NORMAL
FALSE,FALSE,NORMAL,FALSE,LOW,FALSE,HIGH,HIGH,NORMAL,HIGH,ZERO,ZERO,HIGH,HIGH,NORMAL,FALSE,LOW,NORMAL,NORMAL,NORMAL,LOW,FALSE,HIGH,HIGH,LOW,HIGH,FALSE,FALSE,HIGH,NORMAL,HIGH,FALSE,HIGH,HIGH,NORMAL,FALSE,NORMAL
FALSE,FALSE,NORMAL,FALSE,HIGH,FALSE,HIGH,LOW,NORMAL,HIGH,NORMAL,LOW,NORMAL,HIGH,NORMAL,FALSE,NORMAL,NORMAL,HIGH,NORMAL,ZERO,FALSE,LOW,ZERO,LOW,HIGH,FALSE,FALSE,HIGH,NORMAL,LOW,FALSE,HIGH,ZERO,NORMAL,FALSE,NORMAL
FALSE,FALSE,NORMAL,FALSE,HIGH,FALSE,HIGH,NORMAL,NORMAL,HIGH,NORMAL,LOW,HIGH,LOW,NORMAL,FALSE,HIGH,NORMAL,NORMAL,NORMAL,ZERO,FALSE,LOW,ZERO,LOW,HIGH,FALSE,TRUE,HIGH,HIGH,LOW,FALSE,HIGH,ZERO,LOW,FALSE,NORMAL
FALSE,FALSE,NORMAL,FALSE,HIGH,FALSE,HIGH,HIGH,NORMAL,LOW,NORMAL,LOW,HIGH,HIGH,NORMAL,FALSE,LOW,NORMAL,LOW,LOW,ZERO,FALSE,LOW,LOW,LOW,HIGH,FALSE,FALSE,HIGH,LOW,LOW,FALSE,HIGH,ZERO,NORMAL,FALSE,NORMAL
FALSE,FALSE,NORMAL,FALSE,HIGH,FALSE,HIGH,NORMAL,NORMAL,HIGH,NORMAL,LOW,HIGH,HIGH,NORMAL,FALSE,NORMAL,NORMAL,NORMAL,NORMAL,ZERO,FALSE,LOW,ZERO,LOW,HIGH,FALSE,FALSE,HIGH,NORMAL,LOW,FALSE,HIGH,ZERO,NORMAL,FALSE,NORMAL
TRUE,FALSE,NORMAL,FALSE,HIGH,FALSE,HIGH,HIGH,NORMAL,HIGH,NORMAL,ZERO,HIGH,HIGH,NORMAL,FALSE,NORMAL,NORMAL,HIGH,NORMAL,ZERO,FALSE,LOW,ZERO,LOW,HIGH,FALSE,FALSE,HIGH,NORMAL,LOW,FALSE,HIGH,ZERO,NORMAL,FALSE,NORMAL
FALSE,FALSE,NORMAL,FALSE,HIGH,FALSE,HIGH,NORMAL,NORMAL,HIGH,NORMAL,LOW,HIGH,NORMAL,NORMAL,FALSE,NORMAL,NORMAL,HIGH,NORMAL,ZERO,FALSE,LOW,ZERO,LOW,HIGH,FALSE,FALSE,HIGH,NORMAL,LOW,FALSE,HIGH,ZERO,NORMAL,TRUE,NORMAL
FALSE,FALSE,NORMAL,FALSE,HIGH,FALSE,HIGH,LOW,NORMAL,HIGH,NORMAL,LOW,HIGH,HIGH,NORMAL,FALSE,HIGH,NORMAL,NORMAL,HIGH,ZERO,FALSE,LOW,ZERO,LOW,HIGH,FALSE,FALSE,HIGH,HIGH,LOW,FALSE,HIGH,ZERO,HIGH,FALSE,NORMAL
TRUE,FALSE,HIGH,FALSE,HIGH,FALSE,HIGH,NORMAL,NORMAL,LOW,ZERO,LOW,HIGH,HIGH,NORMAL,FALSE,NORMAL,NORMAL,LOW,NORMAL,ZERO,FALSE,LOW,ZERO,LOW,HIGH,FALSE,FALSE,HIGH,NORMAL,LOW,TRUE,HIGH,ZERO,NORMAL,FALSE,HIGH
FALSE,FALSE,NORMAL,FALSE,HIGH,FALSE,HIGH,LOW,LOW,HIGH,NORMAL,LOW,HIGH,HIGH,NORMAL,FALSE,NORMAL,NORMAL,HIGH,NORMAL,ZERO,FALSE,LOW,ZERO,LOW,HIGH,FALSE,FALSE,HIGH,NORMAL,LOW,FALSE,HIGH,ZERO,NORMAL,FALSE,NORMAL
FALSE,FALSE,HIGH,FALSE,HIGH,FALSE,HIGH,HIGH,NORMAL,LOW,NORMAL,LOW,HIGH,LOW,NORMAL,FALSE,NORMAL,NORMAL,LOW,NORMAL,ZERO,FALSE,LOW,ZERO,LOW,HIGH,FALSE,FALSE,HIGH,NORMAL,LOW,FALSE,HIGH,ZERO,LOW,FALSE,NORMAL
FALSE,FALSE,NORMAL,FALSE,HIGH,FALSE,HIGH,LOW,NORMAL,LOW,NORMAL,LOW,HIGH,LOW,NORMAL,FALSE,HIGH,NORMAL,HIGH,NORMAL,ZERO,FALSE,LOW,ZERO,LOW,HIGH,FALSE,TRUE,HIGH,HIGH,LOW,FALSE,HIGH,ZERO,LOW,FALSE,NORMAL
FALSE,FALSE,NORMAL,FALSE,HIGH,FALSE,HIGH,HIGH,NORMAL,HIGH,NORMAL,LOW,HIGH,HIGH,NORMAL,FALSE,NORMAL,NORMAL,NORMAL,NORMAL,ZERO,FALSE,LOW,ZERO,LOW,HIGH,FALSE,FALSE,HIGH,NORMAL,LOW,FALSE,HIGH,ZERO,NORMAL,FALSE,NORMAL
FALSE,FALSE,NORMAL,FALSE,HIGH,FALSE,HIGH,HIGH,NORMAL,HIGH,NORMAL,LOW,HIGH,HIGH,NORMAL,FALSE,NORMAL,NORMAL,NORMAL,NORMAL,ZERO,FALSE,LOW,ZERO,LOW,HIGH,FALSE,FALSE,HIGH,NORMAL,LOW,FALSE,HIGH,ZERO,NORMAL,FALSE,NORMAL
FALSE,FALSE,NORMAL,FALSE,HIGH,FALSE,HIGH,HIGH,NORMAL,LOW,NORMAL,LOW,HIGH,HIGH,NORMAL,FALSE,LOW,NORMAL,LOW,LOW,ZERO,FALSE,LOW,ZERO,LOW,HIGH,FALSE,FALSE,HIGH,LOW,LOW,FALSE,HIGH,ZERO,NORMAL,FALSE,NORMAL
FALSE,FALSE,NORMAL,FALSE,HIGH,FALSE,HIGH,NORMAL,NORMAL,HIGH,NORMAL,LOW,HIGH,HIGH,NORMAL,FALSE,NORMAL,NORMAL,HIGH,NORMAL,ZERO,FALSE,LOW,ZERO,LOW,HIGH,FALSE,FALSE,HIGH,NORMAL,LOW,FALSE,HIGH,ZERO,NORMAL,FALSE,NORMAL
FALSE,FALSE,NORMAL,FALSE,HIGH,FALSE,HIGH,LOW,NORMAL,LOW,NORMAL,LOW,HIGH,LOW,NORMAL,FALSE,HIGH,NORMAL,NORMAL,HIGH,ZERO,FALSE,LOW,ZERO,LOW,HIGH,FALSE,TRUE,HIGH,HIGH,LOW,FALSE,HIGH,ZERO,LOW,FALSE,NORMAL
FALSE,FALSE,NORMAL,FALSE,HIGH,TRUE,HIGH,LOW,NORMAL,LOW,NORMAL,LOW,HIGH,HIGH,NORMAL,FALSE,NORMAL,NORMAL,LOW,LOW,ZERO,TRUE,LOW,ZERO,LOW,NORMAL,FALSE,FALSE,NORMAL,NORMAL,LOW,FALSE,HIGH,ZERO,NORMAL,TRUE,NORMAL
FALSE,FALSE,NORMAL,FALSE,HIGH,FALSE,HIGH,HIGH,NORMAL,LOW,NORMAL,LOW,HIGH,NORMAL,ESOPHAGEAL,FALSE,HIGH,NORMAL,HIGH,HIGH,ZERO,FALSE,LOW,LOW,LOW,HIGH,FALSE,TRUE,HIGH,HIGH,LOW,FALSE,HIGH,LOW,LOW,FALSE,NORMAL
FALSE,FALSE,NORMAL,FALSE,HIGH,FALSE,HIGH,ZERO,NORMAL,NORMAL,LOW,ZERO,HIGH,NORMAL,NORMAL,FALSE,HIGH,LOW,NORMAL,NORMAL,ZERO,FALSE,LOW,ZERO,LOW,HIGH,FALSE,TRUE,HIGH,HIGH,LOW,FALSE,HIGH,ZERO,LOW,TRUE,NORMAL
FALSE,FALSE,NORMAL,FALSE,NORMAL,FALSE,HIGH,HIGH,NORMAL,NORMAL,NORMAL,LOW,HIGH,LOW,NORMAL,FALSE,HIGH,NORMAL,HIGH,HIGH,ZERO,FALSE,LOW,ZERO,LOW,HIGH,FALSE,TRUE,HIGH,HIGH,LOW,FALSE,HIGH,ZERO,LOW,FALSE,NORMAL
FALSE,FALSE,NORMAL,FALSE,HIGH,FALSE,NORMAL,HIGH,NORMAL,LOW,LOW,ZERO,HIGH,HIGH,NORMAL,TRUE,NORMAL,LOW,LOW,HIGH,ZERO,FALSE,LOW,ZERO,LOW,HIGH,FALSE,FALSE,HIGH,NORMAL,LOW,FALSE,HIGH,ZERO,HIGH,FALSE,NORMAL
FALSE,FALSE,LOW,FALSE,HIGH,FALSE,HIGH,LOW,LOW,HIGH,NORMAL,LOW,HIGH,HIGH,NORMAL,FALSE,NORMAL,NORMAL,NORMAL,NORMAL,ZERO,FALSE,LOW,ZERO,LOW,HIGH,FALSE,FALSE,HIGH,NORMAL,LOW,FALSE,HIGH,ZERO,NORMAL,FALSE,NORMAL
FALSE,FALSE,NORMAL,FALSE,LOW,TRUE,HIGH,NORMAL,LOW,NORMAL,HIGH,HIGH,HIGH,NORMAL,ESOPHAGEAL,TRUE,LOW,HIGH,NORMAL,NORMAL,NORMAL,FALSE,NORMAL,ZERO,NORMAL,HIGH,FALSE,FALSE,HIGH,NORMAL,NORMAL,FALSE,NORMAL,HIGH,NORMAL,FALSE,NORMAL
FALSE,FALSE,NORMAL,FALSE,HIGH,FALSE,LOW,NORMAL,NORMAL,NORMAL,NORMAL,LOW,HIGH,NORMAL,NORMAL,FALSE,NORMAL,NORMAL,NORMAL,NORMAL,ZERO,FALSE,LOW,LOW,LOW,LOW,FALSE,FALSE,LOW,NORMAL,LOW,FALSE,NORMAL,ZERO,NORMAL,FALSE,NORMAL
FALSE,FALSE,NORMAL,FALSE,HIGH,FALSE,NORMAL,HIGH,NORMAL,HIGH,NORMAL,LOW,HIGH,HIGH,ONESIDED,TRUE,NORMAL,NORMAL,HIGH,NORMAL,LOW,FALSE,LOW,ZERO,HIGH,HIGH,FALSE,FALSE,HIGH,NORMAL,LOW,FALSE,HIGH,LOW,NORMAL,FALSE,HIGH
FALSE,FALSE,NORMAL,FALSE,LOW,FALSE,LOW,LOW,NORMAL,HIGH,ZERO,HIGH,NORMAL,NORMAL,NORMAL,FALSE,HIGH,NORMAL,HIGH,HIGH,LOW,FALSE,HIGH,HIGH,LOW,NORMAL,FALSE,TRUE,LOW,HIGH,HIGH,FALSE,NORMAL,HIGH,NORMAL,FALSE,NORMAL
FALSE,FALSE,NORMAL,FALSE,HIGH,FALSE,HIGH,HIGH,NORMAL,LOW,NORMAL,LOW,HIGH,LOW,NORMAL,FALSE,HIGH,NORMAL,LOW,NORMAL,ZERO,FALSE,LOW,ZERO,LOW,HIGH,FALSE,TRUE,HIGH,HIGH,LOW,FALSE,HIGH,ZERO,LOW,FALSE,NORMAL
FALSE,FALSE,NORMAL,FALSE,LOW,FALSE,HIGH,LOW,LOW,HIGH,HIGH,HIGH,HIGH,HIGH,NORMAL,FALSE,LOW,HIGH,NORMAL,LOW,LOW,FALSE,NORMAL,HIGH,LOW,HIGH,FALSE,FALSE,HIGH,LOW,NORMAL,FALSE,HIGH,HIGH,NORMAL,FALSE,NORMAL
FALSE,FALSE,NORMAL,FALSE,HIGH,FALSE,LOW,HIGH,NORMAL,HIGH,NORMAL,LOW,HIGH,LOW,NORMAL,FALSE,NORMAL,NORMAL,HIGH,NORMAL,ZERO,FALSE,LOW,ZERO,LOW,LOW,FALSE,FALSE,LOW,NORMAL,LOW,FALSE,NORMAL,ZERO,NORMAL,FALSE,NORMAL
FALSE,FALSE,NORMAL,FALSE,HIGH,FALSE,HIGH,LOW,NORMAL,HIGH,NORMAL,LOW,HIGH,HIGH,NORMAL,FALSE,NORMAL,NORMAL,HIGH,NORMAL,ZERO,FALSE,LOW,ZERO,LOW,HIGH,FALSE,FALSE,HIGH,NORMAL,LOW,FALSE,HIGH,ZERO,NORMAL,FALSE,NORMAL
FALSE,FALSE,NORMAL,FALSE,LOW,FALSE,LOW,HIGH,NORMAL,NORMAL,NORMAL,LOW,NORMAL,LOW,ESOPHAGEAL,FALSE,NORMAL,NORMAL,HIGH,NORMAL,LOW,FALSE,HIGH,LOW,LOW,LOW,FALSE,TRUE,LOW,HIGH,HIGH,FALSE,NORMAL,HIGH,LOW,FALSE,NORMAL
FALSE,FALSE,NORMAL,FALSE,HIGH,FALSE,HIGH,HIGH,NORMAL,HIGH,NORMAL,LOW,HIGH,HIGH,NORMAL,FALSE,NORMAL,NORMAL,NORMAL,NORMAL,ZERO,FALSE,LOW,ZERO,LOW,HIGH,FALSE,FALSE,HIGH,NORMAL,LOW,FALSE,HIGH,ZERO,NORMAL,FALSE,NORMAL
FALSE,FALSE,NORMAL,FALSE,HIGH,FALSE,HIGH,LOW,NORMAL,LOW,NORMAL,LOW,HIGH,LOW,NORMAL,FALSE,HIGH,NORMAL,NORMAL,HIGH,ZERO,FALSE,LOW,ZERO,LOW,HIGH,FALSE,TRUE,HIGH,HIGH,LOW,FALSE,HIGH,ZERO,LOW,FALSE,NORMAL
TRUE,FALSE,NORMAL,FALSE,HIGH,FALSE,HIGH,HIGH,LOW,HIGH,HIGH,NORMAL,HIGH,HIGH,NORMAL,FALSE,NORMAL,HIGH,NORMAL,NORMAL,HIGH,FALSE,NORMAL,LOW,HIGH,HIGH,FALSE,FALSE,HIGH,NORMAL,NORMAL,FALSE,HIGH,LOW,NORMAL,FALSE,NORMAL
FALSE,FALSE,NORMAL,FALSE,NORMAL,FALSE,LOW,HIGH,NORMAL,NORMAL,NORMAL,LOW,NORMAL,LOW,ONESIDED,FALSE,HIGH,NORMAL,HIGH,NORMAL,ZERO,FALSE,LOW,NORMAL,LOW,LOW,FALSE,TRUE,LOW,HIGH,LOW,FALSE,NORMAL,NORMAL,LOW,FALSE,HIGH
FALSE,FALSE,NORMAL,FALSE,HIGH,FALSE,HIGH,NORMAL,NORMAL,HIGH,NORMAL,LOW,HIGH,HIGH,NORMAL,FALSE,NORMAL,NORMAL,NORMAL,NORMAL,ZERO,FALSE,LOW,ZERO,LOW,HIGH,FALSE,FALSE,HIGH,NORMAL,LOW,FALSE,HIGH,ZERO,NORMAL,FALSE,NORMAL
FALSE,FALSE,NORMAL,FALSE,LOW,FALSE,HIGH,HIGH,NORMAL,LOW,ZERO,ZERO,HIGH,HIGH,NORMAL,FALSE,NORMAL,NORMAL,LOW,LOW,LOW,TRUE,HIGH,HIGH,LOW,HIGH,FALSE,FALSE,HIGH,NORMAL,HIGH,FALSE,HIGH,HIGH,NORMAL,FALSE,NORMAL
FALSE,FALSE,NORMAL,FALSE,HIGH,TRUE,HIGH,HIGH,NORMAL,HIGH,NORMAL,LOW,HIGH,HIGH,NORMAL,FALSE,NORMAL,NORMAL,HIGH,NORMAL,ZERO,FALSE,LOW,ZERO,LOW,NORMAL,FALSE,FALSE,NORMAL,NORMAL,LOW,FALSE,HIGH,ZERO,NORMAL,FALSE,NORMAL
FALSE,FALSE,LOW,TRUE,HIGH,FALSE,HIGH,NORMAL,NORMAL,LOW,NORMAL,LOW,HIGH,LOW,NORMAL,FALSE,NORMAL,NORMAL,LOW,NORMAL,ZERO,FALSE,LOW,HIGH,LOW,HIGH,FALSE,FALSE,HIGH,NORMAL,LOW,FALSE,HIGH,ZERO,LOW,FALSE,NORMAL
FALSE,FALSE,NORMAL,FALSE,HIGH,FALSE,HIGH,ZERO,NORMAL,NORMAL,LOW,ZERO,HIGH,HIGH,NORMAL,FALSE,NORMAL,LOW,LOW,NORMAL,ZERO,FALSE,LOW,ZERO,LOW,HIGH,FALSE,FALSE,HIGH,NORMAL,LOW,FALSE,HIGH,ZERO,NORMAL,TRUE,NORMAL
FALSE,FALSE,LOW,FALSE,HIGH,TRUE,LOW,HIGH,NORMAL,LOW,NORMAL,LOW,HIGH,NORMAL,NORMAL,FALSE,NORMAL,NORMAL,LOW,NORMAL,ZERO,FALSE,LOW,ZERO,LOW,HIGH,FALSE,TRUE,NORMAL,NORMAL,LOW,FALSE,NORMAL,ZERO,NORMAL,FALSE,NORMAL
FALSE,FALSE,NORMAL,FALSE,HIGH,FALSE,HIGH,HIGH,NORMAL,HIGH,NORMAL,LOW,HIGH,HIGH,NORMAL,FALSE,NORMAL,NORMAL,NORMAL,NORMAL,ZERO,FALSE,LOW,ZERO,LOW,HIGH,FALSE,FALSE,HIGH,NORMAL,LOW,FALSE,HIGH,ZERO,NORMAL,FALSE,NORMAL
FALSE,FALSE,NORMAL,FALSE,HIGH,FALSE,HIGH,HIGH,NORMAL,LOW,NORMAL,LOW,HIGH,HIGH,NORMAL,FALSE,NORMAL,NORMAL,LOW,NORMAL,ZERO,FALSE,LOW,ZERO,LOW,HIGH,FALSE,FALSE,HIGH,NORMAL,LOW,FALSE,HIGH,ZERO,NORMAL,FALSE,NORMAL
FALSE,FALSE,NORMAL,FALSE,HIGH,FALSE,HIGH,ZERO,NORMAL,LOW,NORMAL,LOW,HIGH,HIGH,NORMAL,FALSE,LOW,NORMAL,LOW,LOW,ZERO,FALSE,LOW,ZERO,LOW,HIGH,FALSE,FALSE,HIGH,LOW,LOW,FALSE,HIGH,ZERO,NORMAL,FALSE,HIGH
FALSE,FALSE,NORMAL,FALSE,LOW,FALSE,LOW,LOW,NORMAL,HIGH,HIGH,HIGH,NORMAL,NORMAL,NORMAL,FALSE,NORMAL,HIGH,HIGH,NORMAL,LOW,FALSE,HIGH,HIGH,LOW,LOW,FALSE,FALSE,LOW,NORMAL,HIGH,FALSE,NORMAL,HIGH,NORMAL,FALSE,NORMAL
FALSE,FALSE,NORMAL,FALSE,HIGH,FALSE,LOW,HIGH,NORMAL,HIGH,NORMAL,ZERO,NORMAL,NORMAL,NORMAL,FALSE,NORMAL,NORMAL,HIGH,NORMAL,ZERO,FALSE,LOW,ZERO,LOW,LOW,FALSE,FALSE,LOW,NORMAL,LOW,FALSE,NORMAL,ZERO,NORMAL,FALSE,NORMAL
FALSE,FALSE,NORMAL,TRUE,HIGH,TRUE,HIGH,HIGH,NORMAL,HIGH,NORMAL,LOW,HIGH,HIGH,NORMAL,FALSE,NORMAL,NORMAL,HIGH,NORMAL,ZERO,FALSE,LOW,ZERO,LOW,NORMAL,FALSE,FALSE,NORMAL,NORMAL,LOW,FALSE,HIGH,ZERO,NORMAL,FALSE,HIGH
FALSE,FALSE,NORMAL,FALSE,HIGH,FALSE,HIGH,HIGH,NORMAL,HIGH,NORMAL,LOW,HIGH,HIGH,NORMAL,FALSE,LOW,NORMAL,NORMAL,LOW,ZERO,FALSE,LOW,ZERO,LOW,HIGH,FALSE,FALSE,HIGH,LOW,LOW,FALSE,HIGH,ZERO,NORMAL,FALSE,NORMAL
FALSE,FALSE,NORMAL,FALSE,LOW,FALSE,HIGH,HIGH,NORMAL,LOW,LOW,ZERO,HIGH,HIGH,NORMAL,FALSE,NORMAL,LOW,LOW,NORMAL,LOW,FALSE,HIGH,HIGH,LOW,HIGH,FALSE,FALSE,HIGH,NORMAL,HIGH,FALSE,HIGH,HIGH,HIGH,FALSE,NORMAL
FALSE,FALSE,NORMAL,FALSE,LOW,FALSE,HIGH,LOW,NORMAL,HIGH,HIGH,HIGH,HIGH,HIGH,NORMAL,FALSE,NORMAL,HIGH,NORMAL,NORMAL,LOW,FALSE,HIGH,HIGH,LOW,HIGH,FALSE,FALSE,HIGH,NORMAL,HIGH,FALSE,HIGH,HIGH,NORMAL,FALSE,NORMAL
FALSE,FALSE,NORMAL,FALSE,HIGH,FALSE,HIGH,HIGH,NORMAL,NORMAL,NORMAL,LOW,NORMAL,NORMAL,NORMAL,FALSE,NORMAL,NORMAL,NORMAL,NORMAL,ZERO,FALSE,LOW,ZERO,LOW,HIGH,FALSE,FALSE,HIGH,NORMAL,LOW,FALSE,HIGH,ZERO,NORMAL,FALSE,NORMAL
FALSE,FALSE,NORMAL,FALSE,HIGH,FALSE,HIGH,LOW,NORMAL,LOW,NORMAL,LOW,HIGH,HIGH,NORMAL,FALSE,NORMAL,NORMAL,HIGH,NORMAL,ZERO,FALSE,LOW,ZERO,LOW,HIGH,FALSE,FALSE,HIGH,NORMAL,LOW,FALSE,HIGH,ZERO,NORMAL,FALSE,NORMAL
FALSE,FALSE,NORMAL,FALSE,HIGH,FALSE,HIGH,LOW,NORMAL,HIGH,NORMAL,LOW,HIGH,HIGH,NORMAL,FALSE,NORMAL,NORMAL,HIGH,NORMAL,ZERO,FALSE,LOW,ZERO,LOW,HIGH,FALSE,FALSE,HIGH,NORMAL,LOW,FALSE,HIGH,ZERO,NORMAL,FALSE,NORMAL
FALSE,FALSE,NORMAL,FALSE,HIGH,FALSE,NORMAL,NORMAL,NORMAL,LOW,NORMAL,LOW,HIGH,LOW,NORMAL,TRUE,HIGH,NORMAL,LOW,NORMAL,ZERO,FALSE,LOW,ZERO,LOW,HIGH,FALSE,TRUE,HIGH,HIGH,LOW,FALSE,HIGH,ZERO,LOW,FALSE,NORMAL
FALSE,FALSE,NORMAL,TRUE,HIGH,FALSE,HIGH,HIGH,NORMAL,LOW,ZERO,ZERO,HIGH,LOW,NORMAL,FALSE,LOW,NORMAL,NORMAL,LOW,ZERO,FALSE,LOW,ZERO,LOW,HIGH,TRUE,TRUE,HIGH,LOW,LOW,FALSE,HIGH,ZERO,LOW,FALSE,NORMAL
FALSE,FALSE,NORMAL,FALSE,HIGH,FALSE,HIGH,HIGH,NORMAL,HIGH,NORMAL,LOW,HIGH,HIGH,NORMAL,FALSE,NORMAL,NORMAL,NORMAL,NORMAL,ZERO,FALSE,LOW,ZERO,HIGH,HIGH,FALSE,FALSE,HIGH,NORMAL,LOW,FALSE,HIGH,ZERO,NORMAL,FALSE,NORMAL
FALSE,FALSE,NORMAL,FALSE,HIGH,FALSE,HIGH,NORMAL,NORMAL,NORMAL,NORMAL,LOW,HIGH,HIGH,NORMAL,FALSE,NORMAL,NORMAL,LOW,NORMAL,ZERO,FALSE,LOW,ZERO,LOW,HIGH,FALSE,FALSE,HIGH,NORMAL,LOW,FALSE,HIGH,ZERO,NORMAL,FALSE,NORMAL
FALSE,FALSE,NORMAL,FALSE,HIGH,FALSE,HIGH,NORMAL,NORMAL,LOW,NORMAL,LOW,HIGH,HIGH,NORMAL,FALSE,NORMAL,NORMAL,LOW,NORMAL,ZERO,FALSE,LOW,ZERO,LOW,HIGH,FALSE,FALSE,HIGH,NORMAL,LOW,FALSE,HIGH,ZERO,NORMAL,FALSE,NORMAL
TRUE,FALSE,LOW,FALSE,LOW,FALSE,LOW,HIGH,NORMAL,NORMAL,LOW,ZERO,NORMAL,NORMAL,NORMAL,TRUE,NORMAL,LOW,HIGH,NORMAL,LOW,FALSE,HIGH,HIGH,LOW,LOW,FALSE,FALSE,LOW,NORMAL,HIGH,FALSE,NORMAL,HIGH,NORMAL,FALSE,NORMAL
FALSE,TRUE,NORMAL,FALSE,HIGH,FALSE,HIGH,HIGH,NORMAL,HIGH,NORMAL,LOW,HIGH,HIGH,NORMAL,FALSE,NORMAL,NORMAL,HIGH,NORMAL,ZERO,FALSE,LOW,ZERO,LOW,HIGH,FALSE,FALSE,HIGH,NORMAL,LOW,FALSE,HIGH,ZERO,NORMAL,FALSE,NORMAL
FALSE,FALSE,NORMAL,FALSE,LOW,FALSE,LOW,HIGH,NORMAL,NORMAL,ZERO,ZERO,NORMAL,NORMAL,NORMAL,FALSE,NORMAL,NORMAL,NORMAL,NORMAL,LOW,FALSE,HIGH,HIGH,LOW,LOW,FALSE,FALSE,LOW,NORMAL,HIGH,FALSE,NORMAL,HIGH,NORMAL,FALSE,NORMAL
TRUE,FALSE,NORMAL,FALSE,LOW,FALSE,LOW,HIGH,NORMAL,HIGH,NORMAL,ZERO,NORMAL,NORMAL,NORMAL,FALSE,NORMAL,NORMAL,HIGH,NORMAL,LOW,FALSE,HIGH,HIGH,LOW,LOW,FALSE,FALSE,LOW,NORMAL,HIGH,FALSE,NORMAL,HIGH,NORMAL,FALSE,NORMAL
FALSE,TRUE,NORMAL,FALSE,HIGH,FALSE,HIGH,LOW,NORMAL,HIGH,NORMAL,LOW,HIGH,HIGH,NORMAL,FALSE,NORMAL,NORMAL,NORMAL,NORMAL,ZERO,FALSE,LOW,ZERO,NORMAL,HIGH,FALSE,FALSE,HIGH,NORMAL,LOW,FALSE,HIGH,ZERO,NORMAL,FALSE,NORMAL
FALSE,FALSE,NORMAL,FALSE,HIGH,FALSE,HIGH,HIGH,NORMAL,LOW,NORMAL,LOW,HIGH,NORMAL,NORMAL,FALSE,NORMAL,NORMAL,LOW,NORMAL,ZERO,TRUE,LOW,ZERO,LOW,HIGH,FALSE,FALSE,HIGH,NORMAL,LOW,FALSE,HIGH,ZERO,LOW,FALSE,NORMAL
FALSE,FALSE,NORMAL,FALSE,HIGH,FALSE,HIGH,HIGH,NORMAL,LOW,NORMAL,LOW,HIGH,HIGH,NORMAL,FALSE,NORMAL,NORMAL,LOW,NORMAL,ZERO,FALSE,LOW,ZERO,LOW,HIGH,FALSE,FALSE,HIGH,NORMAL,LOW,FALSE,HIGH,ZERO,NORMAL,FALSE,NORMAL
TRUE,FALSE,NORMAL,FALSE,LOW,FALSE,HIGH,HIGH,NORMAL,NORMAL,NORMAL,ZERO,HIGH,HIGH,NORMAL,FALSE,NORMAL,NORMAL,NORMAL,NORMAL,LOW,FALSE,HIGH,HIGH,LOW,HIGH,FALSE,FALSE,HIGH,NORMAL,HIGH,FALSE,HIGH,HIGH,NORMAL,FALSE,NORMAL
FALSE,FALSE,NORMAL,FALSE,LOW,TRUE,HIGH,HIGH,NORMAL,LOW,NORMAL,ZERO,HIGH,HIGH,NORMAL,FALSE,NORMAL,NORMAL,LOW,NORMAL,LOW,FALSE,HIGH,HIGH,ZERO,NORMAL,FALSE,FALSE,NORMAL,NORMAL,HIGH,FALSE,HIGH,HIGH,NORMAL,FALSE,NORMAL
TRUE,TRUE,NORMAL,FALSE,HIGH,FALSE,HIGH,HIGH,NORMAL,LOW,NORMAL,ZERO,HIGH,LOW,NORMAL,FALSE,HIGH,NORMAL,NORMAL,HIGH,ZERO,FALSE,LOW,ZERO,LOW,HIGH,FALSE,TRUE,HIGH,HIGH,LOW,FALSE,HIGH,ZERO,LOW,FALSE,NORMAL
FALSE,FALSE,NORMAL,FALSE,HIGH,FALSE,HIGH,LOW,LOW,LOW,NORMAL,LOW,HIGH,HIGH,NORMAL,FALSE,NORMAL,NORMAL,LOW,NORMAL,ZERO,FALSE,LOW,LOW,LOW,HIGH,FALSE,FALSE,HIGH,NORMAL,LOW,FALSE,HIGH,ZERO,NORMAL,FALSE,NORMAL
FALSE,FALSE,NORMAL,FALSE,HIGH,FALSE,HIGH,NORMAL,NORMAL,NORMAL,NORMAL,LOW,HIGH,HIGH,NORMAL,FALSE,HIGH,NORMAL,LOW,HIGH,HIGH,FALSE,NORMAL,LOW,HIGH,HIGH,FALSE,TRUE,HIGH,HIGH,NORMAL,FALSE,HIGH,LOW,NORMAL,FALSE,NORMAL
FALSE,FALSE,NORMAL,FALSE,HIGH,FALSE,HIGH,NORMAL,NORMAL,HIGH,NORMAL,LOW,HIGH,HIGH,NORMAL,FALSE,NORMAL,NORMAL,HIGH,NORMAL,ZERO,FALSE,LOW,ZERO,LOW,HIGH,FALSE,FALSE,HIGH,NORMAL,LOW,FALSE,HIGH,ZERO,NORMAL,FALSE,NORMAL
FALSE,FALSE,NORMAL,FALSE,HIGH,FALSE,HIGH,NORMAL,NORMAL,HIGH,NORMAL,LOW,HIGH,HIGH,NORMAL,FALSE,HIGH,NORMAL,NORMAL,HIGH,ZERO,FALSE,LOW,ZERO,LOW,HIGH,FALSE,TRUE,HIGH,HIGH,LOW,FALSE,HIGH,ZERO,NORMAL,FALSE,NORMAL
FALSE,TRUE,NORMAL,FALSE,NORMAL,FALSE,HIGH,LOW,NORMAL,LOW,HIGH,HIGH,HIGH,HIGH,NORMAL,FALSE,NORMAL,HIGH,LOW,NORMAL,LOW,FALSE,HIGH,HIGH,ZERO,HIGH,FALSE,FALSE,HIGH,NORMAL,HIGH,FALSE,HIGH,HIGH,NORMAL,FALSE,NORMAL
FALSE,FALSE,NORMAL,FALSE,HIGH,FALSE,LOW,LOW,NORMAL,LOW,NORMAL,LOW,HIGH,NORMAL,NORMAL,FALSE,NORMAL,NORMAL,LOW,NORMAL,ZERO,FALSE,LOW,ZERO,LOW,LOW,FALSE,FALSE,LOW,NORMAL,LOW,FALSE,NORMAL,ZERO,NORMAL,FALSE,NORMAL
FALSE,FALSE,NORMAL,FALSE,HIGH,FALSE,HIGH,NORMAL,NORMAL,LOW,NORMAL,LOW,HIGH,LOW,NORMAL,FALSE,HIGH,NORMAL,LOW,NORMAL,ZERO,FALSE,LOW,ZERO,LOW,HIGH,FALSE,TRUE,HIGH,HIGH,LOW,FALSE,HIGH,ZERO,LOW,FALSE,NORMAL
FALSE,TRUE,NORMAL,FALSE,HIGH,FALSE,HIGH,NORMAL,NORMAL,HIGH,NORMAL,LOW,HIGH,HIGH,NORMAL,FALSE,NORMAL,NORMAL,NORMAL,NORMAL,ZERO,FALSE,LOW,ZERO,LOW,HIGH,FALSE,FALSE,HIGH,NORMAL,LOW,FALSE,HIGH,ZERO,HIGH,FALSE,NORMAL
FALSE,FALSE,NORMAL,FALSE,HIGH,FALSE,HIGH,HIGH,NORMAL,HIGH,NORMAL,LOW,HIGH,HIGH,NORMAL,FALSE,NORMAL,NORMAL,HIGH,NORMAL,ZERO,FALSE,LOW,ZERO,LOW,HIGH,FALSE,FALSE,HIGH,NORMAL,LOW,FALSE,HIGH,ZERO,NORMAL,FALSE,NORMAL
FALSE,TRUE,NORMAL,FALSE,LOW,FALSE,HIGH,HIGH,NORMAL,HIGH,LOW,ZERO,HIGH,HIGH,NORMAL,FALSE,HIGH,LOW,NORMAL,HIGH,LOW,FALSE,HIGH,HIGH,LOW,HIGH,FALSE,FALSE,HIGH,HIGH,HIGH,FALSE,HIGH,HIGH,NORMAL,FALSE,NORMAL
TRUE,FALSE,NORMAL,TRUE,HIGH,FALSE,LOW,ZERO,NORMAL,LOW,NORMAL,ZERO,HIGH,LOW,NORMAL,FALSE,LOW,NORMAL,HIGH,LOW,ZERO,FALSE,LOW,ZERO,LOW,LOW,TRUE,FALSE,LOW,LOW,LOW,FALSE,NORMAL,ZERO,LOW,TRUE,NORMAL
TRUE,FALSE,NORMAL,FALSE,LOW,FALSE,HIGH,NORMAL,NORMAL,HIGH,NORMAL,ZERO,HIGH,HIGH,NORMAL,FALSE,NORMAL,NORMAL,NORMAL,NORMAL,LOW,FALSE,NORMAL,HIGH,LOW,HIGH,FALSE,FALSE,HIGH,NORMAL,NORMAL,FALSE,HIGH,HIGH,NORMAL,FALSE,NORMAL
FALSE,FALSE,NORMAL,FALSE,LOW,FALSE,HIGH,LOW,NORMAL,HIGH,NORMAL,HIGH,HIGH,HIGH,NORMAL,FALSE,NORMAL,NORMAL,NORMAL,HIGH,LOW,FALSE,HIGH,HIGH,LOW,HIGH,FALSE,FALSE,HIGH,HIGH,HIGH,FALSE,HIGH,HIGH,NORMAL,FALSE,NORMAL
FALSE,TRUE,NORMAL,FALSE,HIGH,FALSE,HIGH,LOW,NORMAL,LOW,NORMAL,LOW,HIGH,LOW,NORMAL,FALSE,NORMAL,NORMAL,NORMAL,NORMAL,ZERO,FALSE,LOW,ZERO,LOW,HIGH,FALSE,FALSE,HIGH,NORMAL,LOW,FALSE,HIGH,ZERO,LOW,FALSE,NORMAL
FALSE,FALSE,NORMAL,FALSE,HIGH,FALSE,HIGH,HIGH,NORMAL,HIGH,ZERO,ZERO,HIGH,HIGH,NORMAL,FALSE,NORMAL,NORMAL,NORMAL,NORMAL,ZERO,FALSE,LOW,ZERO,LOW,HIGH,FALSE,FALSE,HIGH,NORMAL,LOW,FALSE,HIGH,ZERO,NORMAL,FALSE,NORMAL
FALSE,FALSE,NORMAL,FALSE,HIGH,FALSE,HIGH,HIGH,NORMAL,HIGH,NORMAL,LOW,HIGH,HIGH,NORMAL,FALSE,HIGH,NORMAL,NORMAL,NORMAL,ZERO,FALSE,LOW,ZERO,LOW,HIGH,FALSE,FALSE,HIGH,NORMAL,LOW,FALSE,HIGH,ZERO,NORMAL,FALSE,NORMAL
FALSE,FALSE,NORMAL,FALSE,HIGH,FALSE,HIGH,LOW,NORMAL,HIGH,NORMAL,LOW,HIGH,HIGH,NORMAL,FALSE,HIGH,NORMAL,NORMAL,NORMAL,ZERO,FALSE,LOW,ZERO,LOW,HIGH,FALSE,TRUE,HIGH,HIGH,LOW,FALSE,HIGH,ZERO,NORMAL,TRUE,NORMAL
FALSE,FALSE,NORMAL,FALSE,HIGH,FALSE,LOW,HIGH,NORMAL,HIGH,NORMAL,LOW,HIGH,HIGH,ESOPHAGEAL,FALSE,NORMAL,NORMAL,HIGH,NORMAL,ZERO,FALSE,LOW,LOW,LOW,LOW,FALSE,FALSE,LOW,NORMAL,LOW,FALSE,NORMAL,LOW,HIGH,FALSE,NORMAL
FALSE,FALSE,NORMAL,FALSE,NORMAL,FALSE,LOW,HIGH,NORMAL,HIGH,NORMAL,LOW,NORMAL,NORMAL,NORMAL,FALSE,NORMAL,NORMAL,HIGH,NORMAL,ZERO,FALSE,LOW,ZERO,LOW,LOW,FALSE,FALSE,LOW,NORMAL,LOW,FALSE,NORMAL,ZERO,NORMAL,FALSE,NORMAL
FALSE,FALSE,NORMAL,FALSE,NORMAL,FALSE,LOW,HIGH,LOW,NORMAL,NORMAL,LOW,NORMAL,NORMAL,NORMAL,FALSE,NORMAL,NORMAL,NORMAL,NORMAL,ZERO,FALSE,LOW,ZERO,LOW,LOW,FALSE,FALSE,LOW,NORMAL,LOW,FALSE,NORMAL,ZERO,NORMAL,FALSE,NORMAL
FALSE,FALSE,NORMAL,FALSE,LOW,FALSE,HIGH,HIGH,NORMAL,NORMAL,ZERO,ZERO,HIGH,HIGH,NORMAL,FALSE,NORMAL,NORMAL,LOW,NORMAL,LOW,FALSE,HIGH,HIGH,LOW,HIGH,FALSE,FALSE,HIGH,NORMAL,HIGH,FALSE,HIGH,HIGH,NORMAL,FALSE,NORMAL
FALSE,FALSE,NORMAL,FALSE,HIGH,TRUE,HIGH,NORMAL,NORMAL,HIGH,NORMAL,LOW,HIGH,HIGH,NORMAL,FALSE,NORMAL,NORMAL,HIGH,NORMAL,ZERO,FALSE,LOW,ZERO,LOW,NORMAL,FALSE,FALSE,NORMAL,NORMAL,LOW,FALSE,HIGH,ZERO,NORMAL,FALSE,NORMAL
FALSE,FALSE,NORMAL,FALSE,HIGH,FALSE,HIGH,LOW,NORMAL,NORMAL,NORMAL,LOW,HIGH,HIGH,NORMAL,FALSE,NORMAL,NORMAL,LOW,NORMAL,ZERO,FALSE,LOW,ZERO,LOW,HIGH,FALSE,FALSE,HIGH,NORMAL,LOW,FALSE,HIGH,ZERO,NORMAL,FALSE,NORMAL
FALSE,FALSE,NORMAL,FALSE,HIGH,TRUE,LOW,NORMAL,NORMAL,LOW,NORMAL,LOW,HIGH,LOW,NORMAL,FALSE,LOW,NORMAL,NORMAL,LOW,HIGH,FALSE,LOW,LOW,HIGH,HIGH,FALSE,FALSE,HIGH,LOW,LOW,FALSE,NORMAL,LOW,LOW,FALSE,NORMAL
FALSE,FALSE,NORMAL,FALSE,HIGH,FALSE,HIGH,HIGH,NORMAL,NORMAL,NORMAL,LOW,HIGH,HIGH,NORMAL,FALSE,NORMAL,NORMAL,NORMAL,NORMAL,ZERO,FALSE,LOW,ZERO,LOW,HIGH,FALSE,FALSE,HIGH,NORMAL,LOW,FALSE,HIGH,ZERO,NORMAL,FALSE,NORMAL
FALSE,FALSE,NORMAL,FALSE,HIGH,FALSE,HIGH,NORMAL,NORMAL,LOW,NORMAL,LOW,HIGH,HIGH,NORMAL,FALSE,HIGH,NORMAL,LOW,HIGH,ZERO,FALSE,LOW,ZERO,LOW,HIGH,FALSE,FALSE,HIGH,HIGH,LOW,FALSE,HIGH,ZERO,NORMAL,FALSE,NORMAL
FALSE,FALSE,NORMAL,FALSE,HIGH,FALSE,HIGH,LOW,NORMAL,NORMAL,NORMAL,LOW,HIGH,HIGH,NORMAL,FALSE,NORMAL,NORMAL,NORMAL,NORMAL,ZERO,FALSE,LOW,ZERO,LOW,HIGH,FALSE,FALSE,HIGH,NORMAL,LOW,FALSE,HIGH,ZERO,NORMAL,FALSE,NORMAL
TRUE,FALSE,NORMAL,FALSE,LOW,FALSE,HIGH,LOW,NORMAL,NORMAL,NORMAL,ZERO,HIGH,HIGH,NORMAL,FALSE,NORMAL,NORMAL,NORMAL,HIGH,LOW,FALSE,HIGH,HIGH,LOW,HIGH,FALSE,FALSE,HIGH,NORMAL,HIGH,FALSE,HIGH,HIGH,NORMAL,FALSE,NORMAL
FALSE,FALSE,LOW,FALSE,HIGH,FALSE,HIGH,HIGH,NORMAL,HIGH,NORMAL,LOW,HIGH,HIGH,ONESIDED,FALSE,NORMAL,NORMAL,NORMAL,NORMAL,LOW,FALSE,LOW,ZERO,NORMAL,HIGH,FALSE,FALSE,HIGH,NORMAL,LOW,FALSE,HIGH,LOW,NORMAL,FALSE,HIGH
FALSE,FALSE,NORMAL,FALSE,HIGH,FALSE,LOW,HIGH,NORMAL,LOW,NORMAL,LOW,HIGH,LOW,NORMAL,FALSE,HIGH,NORMAL,LOW,HIGH,ZERO,FALSE,LOW,ZERO,LOW,LOW,FALSE,TRUE,LOW,HIGH,LOW,FALSE,NORMAL,ZERO,LOW,FALSE,NORMAL
FALSE,FALSE,NORMAL,FALSE,HIGH,FALSE,HIGH,NORMAL,NORMAL,HIGH,NORMAL,LOW,HIGH,HIGH,NORMAL,FALSE,NORMAL,NORMAL,NORMAL,NORMAL,ZERO,FALSE,LOW,ZERO,LOW,HIGH,FALSE,FALSE,HIGH,NORMAL,LOW,FALSE,HIGH,ZERO,NORMAL,FALSE,NORMAL
FALSE,FALSE,NORMAL,FALSE,HIGH,TRUE,HIGH,LOW,NORMAL,NORMAL,NORMAL,LOW,HIGH,HIGH,NORMAL,FALSE,LOW,NORMAL,HIGH,NORMAL,ZERO,FALSE,LOW,ZERO,LOW,NORMAL,FALSE,FALSE,NORMAL,NORMAL,LOW,FALSE,HIGH,ZERO,NORMAL,FALSE,NORMAL
TRUE,FALSE,NORMAL,FALSE,LOW,FALSE,HIGH,HIGH,NORMAL,HIGH,NORMAL,ZERO,HIGH,HIGH,NORMAL,FALSE,LOW,NORMAL,NORMAL,LOW,LOW,FALSE,HIGH,HIGH,LOW,HIGH,FALSE,FALSE,HIGH,LOW,HIGH,FALSE,HIGH,HIGH,NORMAL,FALSE,NORMAL
FALSE,FALSE,NORMAL,FALSE,HIGH,FALSE,HIGH,HIGH,NORMAL,HIGH,NORMAL,LOW,HIGH,NORMAL,NORMAL,FALSE,LOW,NORMAL,HIGH,NORMAL,ZERO,FALSE,LOW,ZERO,LOW,HIGH,FALSE,FALSE,HIGH,NORMAL,LOW,FALSE,HIGH,ZERO,NORMAL,FALSE,NORMAL
FALSE,TRUE,NORMAL,TRUE,HIGH,FALSE,HIGH,NORMAL,NORMAL,HIGH,NORMAL,LOW,HIGH,HIGH,NORMAL,FALSE,NORMAL,NORMAL,NORMAL,NORMAL,ZERO,FALSE,LOW,ZERO,LOW,HIGH,FALSE,FALSE,HIGH,NORMAL,LOW,FALSE,HIGH,ZERO,HIGH,FALSE,NORMAL
FALSE,FALSE,NORMAL,FALSE,HIGH,FALSE,LOW,ZERO,NORMAL,NORMAL,NORMAL,LOW,HIGH,NORMAL,NORMAL,FALSE,HIGH,NORMAL,NORMAL,HIGH,ZERO,FALSE,LOW,ZERO,LOW,LOW,FALSE,FALSE,LOW,HIGH,LOW,FALSE,NORMAL,ZERO,NORMAL,FALSE,NORMAL
FALSE,FALSE,LOW,FALSE,HIGH,FALSE,HIGH,HIGH,NORMAL,HIGH,NORMAL,LOW,HIGH,HIGH,NORMAL,FALSE,NORMAL,NORMAL,HIGH,NORMAL,ZERO,FALSE,LOW,ZERO,LOW,HIGH,FALSE,FALSE,HIGH,NORMAL,LOW,FALSE,HIGH,ZERO,NORMAL,FALSE,NORMAL
TRUE,FALSE,NORMAL,FALSE,LOW,FALSE,LOW,HIGH,NORMAL,LOW,NORMAL,ZERO,NORMAL,NORMAL,NORMAL,FALSE,NORMAL,NORMAL,HIGH,NORMAL,LOW,FALSE,HIGH,NORMAL,LOW,LOW,FALSE,FALSE,LOW,NORMAL,HIGH,FALSE,NORMAL,HIGH,NORMAL,FALSE,NORMAL
FALSE,FALSE,NORMAL,FALSE,HIGH,FALSE,HIGH,HIGH,NORMAL,HIGH,NORMAL,LOW,HIGH,HIGH,NORMAL,FALSE,HIGH,NORMAL,NORMAL,HIGH,ZERO,FALSE,LOW,ZERO,LOW,HIGH,FALSE,TRUE,HIGH,HIGH,LOW,FALSE,HIGH,ZERO,NORMAL,FALSE,NORMAL
FALSE,FALSE,NORMAL,FALSE,HIGH,FALSE,HIGH,HIGH,NORMAL,HIGH,NORMAL,LOW,HIGH,HIGH,NORMAL,FALSE,HIGH,NORMAL,HIGH,NORMAL,ZERO,FALSE,LOW,ZERO,LOW,HIGH,FALSE,TRUE,HIGH,HIGH,LOW,FALSE,HIGH,ZERO,NORMAL,FALSE,NORMAL
FALSE,FALSE,NORMAL,FALSE,HIGH,FALSE,LOW,HIGH,NORMAL,HIGH,NORMAL,LOW,HIGH,HIGH,NORMAL,FALSE,NORMAL,NORMAL,NORMAL,NORMAL,ZERO,FALSE,LOW,ZERO,LOW,LOW,FALSE,FALSE,LOW,NORMAL,LOW,FALSE,NORMAL,ZERO,HIGH,FALSE,NORMAL
FALSE,FALSE,NORMAL,FALSE,HIGH,FALSE,HIGH,NORMAL,NORMAL,LOW,NORMAL,LOW,HIGH,LOW,NORMAL,FALSE,NORMAL,NORMAL,LOW,NORMAL,ZERO,FALSE,LOW,ZERO,LOW,HIGH,FALSE,FALSE,HIGH,NORMAL,LOW,FALSE,HIGH,ZERO,LOW,FALSE,NORMAL
FALSE,FALSE,NORMAL,FALSE,HIGH,FALSE,HIGH,LOW,NORMAL,LOW,NORMAL,LOW,HIGH,HIGH,NORMAL,FALSE,NORMAL,NORMAL,LOW,NORMAL,ZERO,FALSE,LOW,ZERO,LOW,NORMAL,FALSE,FALSE,HIGH,NORMAL,LOW,FALSE,HIGH,ZERO,NORMAL,FALSE,NORMAL
FALSE,FALSE,NORMAL,FALSE,HIGH,FALSE,HIGH,NORMAL,NORMAL,NORMAL,NORMAL,LOW,HIGH,HIGH,NORMAL,FALSE,NORMAL,NORMAL,NORMAL,NORMAL,ZERO,FALSE,LOW,NORMAL,LOW,HIGH,FALSE,FALSE,HIGH,NORMAL,LOW,FALSE,HIGH,ZERO,HIGH,FALSE,NORMAL
FALSE,TRUE,NORMAL,FALSE,HIGH,FALSE,HIGH,NORMAL,NORMAL,LOW,NORMAL,LOW,HIGH,HIGH,NORMAL,FALSE,NORMAL,NORMAL,LOW,NORMAL,ZERO,FALSE,LOW,ZERO,LOW,HIGH,FALSE,FALSE,HIGH,NORMAL,LOW,FALSE,HIGH,ZERO,NORMAL,FALSE,NORMAL
FALSE,FALSE,HIGH,FALSE,HIGH,FALSE,HIGH,LOW,NORMAL,LOW,NORMAL,LOW,HIGH,HIGH,NORMAL,FALSE,NORMAL,NORMAL,NORMAL,NORMAL,ZERO,FALSE,LOW,ZERO,LOW,HIGH,FALSE,FALSE,HIGH,NORMAL,LOW,FALSE,HIGH,ZERO,NORMAL,FALSE,NORMAL
FALSE,FALSE,NORMAL,FALSE,HIGH,FALSE,HIGH,HIGH,NORMAL,HIGH,NORMAL,LOW,HIGH,HIGH,NORMAL,FALSE,LOW,NORMAL,HIGH,LOW,ZERO,FALSE,LOW,ZERO,LOW,HIGH,FALSE,FALSE,HIGH,LOW,LOW,FALSE,HIGH,ZERO,NORMAL,FALSE,NORMAL
TRUE,FALSE,NORMAL,FALSE,HIGH,FALSE,HIGH,ZERO,NORMAL,HIGH,HIGH,NORMAL,HIGH,HIGH,ESOPHAGEAL,FALSE,NORMAL,HIGH,NORMAL,NORMAL,ZERO,FALSE,LOW,LOW,LOW,HIGH,FALSE,FALSE,HIGH,NORMAL,LOW,FALSE,HIGH,LOW,NORMAL,FALSE,NORMAL
FALSE,FALSE,HIGH,FALSE,HIGH,FALSE,HIGH,HIGH,NORMAL,LOW,NORMAL,LOW,HIGH,HIGH,NORMAL,FALSE,LOW,NORMAL,LOW,LOW,ZERO,FALSE,LOW,ZERO,LOW,HIGH,FALSE,FALSE,HIGH,LOW,LOW,FALSE,HIGH,ZERO,NORMAL,FALSE,NORMAL
TRUE,TRUE,NORMAL,FALSE,LOW,FALSE,HIGH,HIGH,NORMAL,HIGH,ZERO,ZERO,HIGH,HIGH,NORMAL,FALSE,NORMAL,NORMAL,NORMAL,NORMAL,LOW,FALSE,HIGH,HIGH,LOW,HIGH,FALSE,FALSE,HIGH,NORMAL,HIGH,FALSE,HIGH,HIGH,NORMAL,FALSE,NORMAL
FALSE,FALSE,NORMAL,FALSE,HIGH,FALSE,HIGH,HIGH,NORMAL,NORMAL,NORMAL,LOW,HIGH,HIGH,NORMAL,FALSE,NORMAL,NORMAL,NORMAL,NORMAL,ZERO,FALSE,LOW,ZERO,LOW,HIGH,FALSE,FALSE,HIGH,NORMAL,LOW,FALSE,HIGH,ZERO,NORMAL,FALSE,NORMAL
FALSE,FALSE,HIGH,FALSE,NORMAL,FALSE,HIGH,HIGH,NORMAL,LOW,NORMAL,LOW,HIGH,HIGH,NORMAL,FALSE,NORMAL,NORMAL,LOW,HIGH,ZERO,FALSE,LOW,ZERO,LOW,HIGH,FALSE,FALSE,HIGH,NORMAL,LOW,FALSE,HIGH,ZERO,NORMAL,FALSE,NORMAL
FALSE,FALSE,NORMAL,FALSE,HIGH,FALSE,HIGH,LOW,LOW,LOW,NORMAL,LOW,HIGH,HIGH,NORMAL,FALSE,LOW,NORMAL,LOW,LOW,ZERO,FALSE,LOW,ZERO,LOW,HIGH,FALSE,FALSE,HIGH,NORMAL,LOW,FALSE,HIGH,ZERO,NORMAL,FALSE,NORMAL
FALSE,TRUE,NORMAL,FALSE,HIGH,FALSE,HIGH,HIGH,NORMAL,LOW,NORMAL,LOW,HIGH,HIGH,NORMAL,FALSE,NORMAL,NORMAL,LOW,NORMAL,ZERO,FALSE,LOW,HIGH,LOW,HIGH,FALSE,FALSE,HIGH,NORMAL,LOW,FALSE,HIGH,ZERO,NORMAL,FALSE,NORMAL
FALSE,FALSE,NORMAL,FALSE,HIGH,FALSE,HIGH,HIGH,NORMAL,HIGH,NORMAL,LOW,HIGH,HIGH,NORMAL,FALSE,NORMAL,NORMAL,NORMAL,NORMAL,ZERO,FALSE,LOW,ZERO,HIGH,HIGH,FALSE,FALSE,HIGH,NORMAL,LOW,FALSE,HIGH,ZERO,NORMAL,FALSE,NORMAL
FALSE,FALSE,LOW,FALSE,HIGH,FALSE,HIGH,NORMAL,NORMAL,HIGH,NORMAL,LOW,HIGH,HIGH,NORMAL,FALSE,NORMAL,NORMAL,NORMAL,NORMAL,ZERO,FALSE,LOW,ZERO,LOW,HIGH,FALSE,FALSE,HIGH,NORMAL,LOW,FALSE,HIGH,ZERO,NORMAL,FALSE,HIGH
TRUE,FALSE,NORMAL,FALSE,LOW,FALSE,HIGH,HIGH,NORMAL,HIGH,NORMAL,ZERO,HIGH,HIGH,NORMAL,FALSE,NORMAL,NORMAL,NORMAL,NORMAL,LOW,FALSE,HIGH,HIGH,LOW,HIGH,FALSE,FALSE,HIGH,NORMAL,HIGH,FALSE,HIGH,HIGH,NORMAL,FALSE,NORMAL
TRUE,TRUE,NORMAL,FALSE,NORMAL,FALSE,NORMAL,LOW,NORMAL,LOW,NORMAL,ZERO,HIGH,HIGH,ONESIDED,TRUE,NORMAL,NORMAL,NORMAL,NORMAL,ZERO,FALSE,LOW,NORMAL,LOW,HIGH,FALSE,FALSE,HIGH,NORMAL,LOW,FALSE,HIGH,NORMAL,NORMAL,FALSE,HIGH
FALSE,FALSE,LOW,FALSE,NORMAL,FALSE,HIGH,HIGH,NORMAL,LOW,NORMAL,LOW,HIGH,HIGH,ONESIDED,FALSE,LOW,NORMAL,LOW,NORMAL,ZERO,FALSE,NORMAL,NORMAL,LOW,HIGH,FALSE,FALSE,HIGH,NORMAL,LOW,FALSE,HIGH,NORMAL,NORMAL,FALSE,HIGH
FALSE,FALSE,NORMAL,FALSE,HIGH,FALSE,HIGH,LOW,NORMAL,NORMAL,NORMAL,LOW,HIGH,HIGH,NORMAL,FALSE,NORMAL,NORMAL,NORMAL,NORMAL,ZERO,FALSE,LOW,ZERO,LOW,HIGH,FALSE,FALSE,HIGH,NORMAL,LOW,FALSE,HIGH,ZERO,NORMAL,FALSE,NORMAL
FALSE,TRUE,NORMAL,FALSE,HIGH,FALSE,LOW,HIGH,NORMAL,NORMAL,NORMAL,LOW,HIGH,NORMAL,NORMAL,FALSE,NORMAL,NORMAL,HIGH,NORMAL,ZERO,FALSE,LOW,ZERO,LOW,LOW,FALSE,FALSE,LOW,NORMAL,LOW,FALSE,NORMAL,LOW,NORMAL,FALSE,NORMAL
FALSE,FALSE,HIGH,FALSE,LOW,FALSE,HIGH,NORMAL,NORMAL,HIGH,HIGH,HIGH,HIGH,HIGH,NORMAL,FALSE,LOW,NORMAL,NORMAL,LOW,LOW,FALSE,HIGH,HIGH,LOW,LOW,FALSE,FALSE,HIGH,LOW,HIGH,FALSE,HIGH,HIGH,HIGH,FALSE,NORMAL
FALSE,FALSE,LOW,FALSE,LOW,FALSE,LOW,HIGH,NORMAL,NORMAL,LOW,ZERO,NORMAL,LOW,NORMAL,FALSE,LOW,LOW,HIGH,LOW,LOW,FALSE,HIGH,HIGH,LOW,LOW,TRUE,FALSE,LOW,LOW,HIGH,FALSE,NORMAL,HIGH,LOW,FALSE,NORMAL
FALSE,FALSE,NORMAL,FALSE,HIGH,FALSE,LOW,HIGH,NORMAL,HIGH,NORMAL,LOW,NORMAL,LOW,NORMAL,FALSE,HIGH,NORMAL,HIGH,NORMAL,ZERO,FALSE,LOW,ZERO,LOW,LOW,FALSE,FALSE,LOW,NORMAL,LOW,FALSE,NORMAL,ZERO,LOW,FALSE,NORMAL
FALSE,TRUE,NORMAL,FALSE,LOW,FALSE,LOW,HIGH,NORMAL,HIGH,LOW,ZERO,NORMAL,HIGH,NORMAL,FALSE,NORMAL,LOW,HIGH,NORMAL,LOW,FALSE,HIGH,HIGH,LOW,LOW,FALSE,FALSE,LOW,NORMAL,HIGH,FALSE,NORMAL,HIGH,HIGH,FALSE,NORMAL
TRUE,FALSE,NORMAL,FALSE,NORMAL,FALSE,HIGH,LOW,NORMAL,LOW,NORMAL,ZERO,HIGH,HIGH,NORMAL,FALSE,NORMAL,NORMAL,LOW,LOW,LOW,FALSE,HIGH,HIGH,ZERO,HIGH,FALSE,FALSE,HIGH,NORMAL,HIGH,FALSE,HIGH,HIGH,HIGH,FALSE,NORMAL
FALSE,FALSE,NORMAL,FALSE,HIGH,TRUE,HIGH,LOW,NORMAL,NORMAL,NORMAL,LOW,HIGH,HIGH,NORMAL,FALSE,NORMAL,NORMAL,HIGH,NORMAL,ZERO,FALSE,LOW,ZERO,LOW,NORMAL,FALSE,FALSE,NORMAL,NORMAL,LOW,FALSE,HIGH,ZERO,NORMAL,FALSE,NORMAL
FALSE,FALSE,NORMAL,FALSE,LOW,FALSE,LOW,LOW,NORMAL,NORMAL,HIGH,HIGH,HIGH,NORMAL,NORMAL,FALSE,NORMAL,NORMAL,NORMAL,NORMAL,LOW,FALSE,HIGH,HIGH,LOW,LOW,FALSE,FALSE,LOW,NORMAL,HIGH,FALSE,NORMAL,HIGH,NORMAL,FALSE,NORMAL
TRUE,FALSE,NORMAL,FALSE,LOW,FALSE,HIGH,HIGH,NORMAL,LOW,NORMAL,ZERO,HIGH,HIGH,NORMAL,FALSE,NORMAL,NORMAL,NORMAL,LOW,LOW,FALSE,HIGH,HIGH,LOW,HIGH,FALSE,FALSE,HIGH,NORMAL,HIGH,FALSE,HIGH,HIGH,HIGH,FALSE,NORMAL
FALSE,FALSE,NORMAL,FALSE,HIGH,FALSE,HIGH,NORMAL,NORMAL,LOW,NORMAL,LOW,HIGH,HIGH,NORMAL,FALSE,NORMAL,NORMAL,LOW,NORMAL,ZERO,FALSE,LOW,ZERO,LOW,HIGH,FALSE,FALSE,HIGH,NORMAL,LOW,FALSE,HIGH,ZERO,NORMAL,FALSE,NORMAL
FALSE,FALSE,NORMAL,FALSE,HIGH,FALSE,HIGH,HIGH,NORMAL,LOW,NORMAL,LOW,HIGH,NORMAL,NORMAL,FALSE,LOW,NORMAL,HIGH,NORMAL,ZERO,FALSE,LOW,ZERO,LOW,HIGH,FALSE,FALSE,HIGH,NORMAL,LOW,FALSE,HIGH,ZERO,NORMAL,FALSE,NORMAL
FALSE,FALSE,NORMAL,FALSE,LOW,FALSE,HIGH,LOW,NORMAL,NORMAL,HIGH,HIGH,HIGH,HIGH,NORMAL,FALSE,NORMAL,HIGH,NORMAL,NORMAL,LOW,FALSE,HIGH,HIGH,LOW,HIGH,FALSE,FALSE,HIGH,NORMAL,HIGH,FALSE,HIGH,HIGH,HIGH,FALSE,NORMAL
FALSE,FALSE,NORMAL,FALSE,HIGH,TRUE,HIGH,HIGH,NORMAL,LOW,NORMAL,LOW,HIGH,LOW,NORMAL,FALSE,HIGH,NORMAL,NORMAL,NORMAL,ZERO,FALSE,LOW,ZERO,LOW,NORMAL,FALSE,TRUE,NORMAL,HIGH,LOW,FALSE,HIGH,ZERO,LOW,FALSE,NORMAL
TRUE,FALSE,HIGH,FALSE,LOW,FALSE,HIGH,HIGH,NORMAL,NORMAL,NORMAL,LOW,HIGH,HIGH,NORMAL,FALSE,NORMAL,NORMAL,NORMAL,NORMAL,ZERO,FALSE,HIGH,ZERO,ZERO,HIGH,FALSE,FALSE,HIGH,NORMAL,HIGH,FALSE,HIGH,HIGH,HIGH,FALSE,NORMAL
FALSE,TRUE,NORMAL,FALSE,HIGH,FALSE,HIGH,NORMAL,NORMAL,NORMAL,NORMAL,LOW,HIGH,HIGH,NORMAL,FALSE,NORMAL,NORMAL,NORMAL,NORMAL,ZERO,FALSE,LOW,ZERO,LOW,HIGH,FALSE,FALSE,HIGH,NORMAL,LOW,FALSE,HIGH,ZERO,NORMAL,FALSE,NORMAL
FALSE,FALSE,NORMAL,FALSE,HIGH,TRUE,HIGH,LOW,NORMAL,HIGH,NORMAL,LOW,HIGH,HIGH,NORMAL,FALSE,NORMAL,NORMAL,NORMAL,NORMAL,ZERO,FALSE,LOW,HIGH,LOW,NORMAL,FALSE,FALSE,NORMAL,NORMAL,LOW,FALSE,HIGH,ZERO,NORMAL,FALSE,NORMAL
FALSE,FALSE,NORMAL,FALSE,HIGH,TRUE,HIGH,NORMAL,NORMAL,NORMAL,NORMAL,LOW,HIGH,HIGH,NORMAL,FALSE,LOW,NORMAL,NORMAL,NORMAL,ZERO,FALSE,LOW,ZERO,LOW,NORMAL,FALSE,FALSE,NORMAL,NORMAL,LOW,FALSE,HIGH,ZERO,NORMAL,FALSE,NORMAL
FALSE,FALSE,NORMAL,FALSE,HIGH,FALSE,HIGH,HIGH,NORMAL,HIGH,NORMAL,LOW,HIGH,HIGH,NORMAL,FALSE,NORMAL,NORMAL,NORMAL,NORMAL,ZERO,FALSE,LOW,ZERO,LOW,HIGH,FALSE,FALSE,HIGH,NORMAL,LOW,FALSE,HIGH,ZERO,NORMAL,FALSE,NORMAL
FALSE,FALSE,NORMAL,TRUE,HIGH,FALSE,HIGH,LOW,NORMAL,LOW,NORMAL,LOW,HIGH,LOW,NORMAL,FALSE,LOW,NORMAL,NORMAL,LOW,ZERO,FALSE,LOW,ZERO,LOW,HIGH,TRUE,FALSE,HIGH,LOW,LOW,FALSE,HIGH,ZERO,LOW,FALSE,NORMAL
TRUE,FALSE,NORMAL,FALSE,LOW,FALSE,HIGH,HIGH,NORMAL,LOW,NORMAL,ZERO,HIGH,HIGH,NORMAL,FALSE,NORMAL,NORMAL,LOW,NORMAL,LOW,FALSE,HIGH,HIGH,LOW,HIGH,FALSE,FALSE,HIGH,NORMAL,HIGH,FALSE,HIGH,HIGH,NORMAL,FALSE,NORMAL
FALSE,FALSE,NORMAL,FALSE,LOW,FALSE,LOW,LOW,NORMAL,LOW,HIGH,HIGH,NORMAL,NORMAL,NORMAL,FALSE,NORMAL,HIGH,LOW,NORMAL,LOW,FALSE,HIGH,HIGH,LOW,LOW,FALSE,FALSE,LOW,NORMAL,HIGH,FALSE,NORMAL,HIGH,NORMAL,FALSE,NORMAL
FALSE,FALSE,NORMAL,FALSE,HIGH,FALSE,HIGH,HIGH,NORMAL,HIGH,NORMAL,LOW,HIGH,HIGH,NORMAL,FALSE,NORMAL,NORMAL,HIGH,LOW,ZERO,FALSE,LOW,ZERO,LOW,HIGH,FALSE,FALSE,HIGH,NORMAL,LOW,FALSE,HIGH,ZERO,NORMAL,FALSE,NORMAL
FALSE,FALSE,LOW,FALSE,HIGH,FALSE,NORMAL,HIGH,NORMAL,LOW,NORMAL,LOW,HIGH,HIGH,NORMAL,TRUE,LOW,NORMAL,LOW,NORMAL,ZERO,FALSE,LOW,ZERO,LOW,HIGH,FALSE,FALSE,HIGH,NORMAL,LOW,FALSE,HIGH,ZERO,NORMAL,FALSE,NORMAL
FALSE,FALSE,LOW,FALSE,HIGH,TRUE,LOW,HIGH,NORMAL,HIGH,LOW,ZERO,HIGH,HIGH,NORMAL,FALSE,NORMAL,NORMAL,HIGH,NORMAL,ZERO,FALSE,LOW,ZERO,LOW,NORMAL,FALSE,FALSE,NORMAL,NORMAL,LOW,FALSE,HIGH,ZERO,NORMAL,FALSE,NORMAL
FALSE,TRUE,HIGH,FALSE,LOW,FALSE,LOW,HIGH,NORMAL,LOW,ZERO,ZERO,HIGH,HIGH,NORMAL,FALSE,NORMAL,NORMAL,LOW,LOW,LOW,FALSE,HIGH,HIGH,LOW,HIGH,FALSE,FALSE,HIGH,NORMAL,HIGH,FALSE,HIGH,HIGH,NORMAL,FALSE,NORMAL
FALSE,FALSE,NORMAL,FALSE,HIGH,FALSE,HIGH,NORMAL,NORMAL,HIGH,NORMAL,LOW,HIGH,HIGH,NORMAL,FALSE,NORMAL,NORMAL,NORMAL,HIGH,ZERO,FALSE,LOW,LOW,LOW,HIGH,FALSE,FALSE,HIGH,NORMAL,LOW,FALSE,HIGH,ZERO,NORMAL,FALSE,NORMAL
FALSE,FALSE,HIGH,FALSE,HIGH,FALSE,HIGH,NORMAL,NORMAL,HIGH,NORMAL,LOW,HIGH,HIGH,NORMAL,FALSE,HIGH,NORMAL,HIGH,HIGH,ZERO,FALSE,LOW,ZERO,LOW,HIGH,FALSE,TRUE,HIGH,HIGH,LOW,FALSE,HIGH,ZERO,NORMAL,FALSE,NORMAL
FALSE,FALSE,NORMAL,FALSE,HIGH,FALSE,HIGH,HIGH,NORMAL,HIGH,NORMAL,LOW,HIGH,HIGH,NORMAL,FALSE,NORMAL,NORMAL,NORMAL,NORMAL,ZERO,FALSE,LOW,ZERO,LOW,HIGH,FALSE,FALSE,HIGH,NORMAL,LOW,FALSE,HIGH,ZERO,NORMAL,FALSE,NORMAL
FALSE,FALSE,NORMAL,FALSE,HIGH,TRUE,HIGH,LOW,NORMAL,NORMAL,NORMAL,LOW,HIGH,HIGH,NORMAL,FALSE,NORMAL,NORMAL,LOW,NORMAL,ZERO,FALSE,LOW,ZERO,LOW,NORMAL,FALSE,FALSE,NORMAL,NORMAL,LOW,FALSE,HIGH,ZERO,NORMAL,FALSE,NORMAL
FALSE,FALSE,NORMAL,FALSE,HIGH,FALSE,HIGH,LOW,NORMAL,HIGH,NORMAL,LOW,HIGH,HIGH,NORMAL,FALSE,LOW,NORMAL,NORMAL,NORMAL,ZERO,FALSE,LOW,ZERO,LOW,HIGH,FALSE,FALSE,HIGH,NORMAL,LOW,FALSE,HIGH,ZERO,NORMAL,FALSE,NORMAL
FALSE,FALSE,NORMAL,FALSE,HIGH,FALSE,HIGH,HIGH,NORMAL,HIGH,NORMAL,LOW,HIGH,HIGH,NORMAL,FALSE,NORMAL,NORMAL,HIGH,LOW,ZERO,FALSE,LOW,ZERO,LOW,HIGH,FALSE,FALSE,HIGH,NORMAL,LOW,FALSE,HIGH,ZERO,NORMAL,FALSE,NORMAL
FALSE,FALSE,HIGH,FALSE,HIGH,FALSE,NORMAL,LOW,NORMAL,LOW,NORMAL,LOW,HIGH,LOW,NORMAL,FALSE,NORMAL,NORMAL,LOW,NORMAL,ZERO,FALSE,LOW,ZERO,LOW,LOW,FALSE,FALSE,LOW,NORMAL,LOW,FALSE,LOW,ZERO,NORMAL,FALSE,NORMAL
FALSE,TRUE,NORMAL,TRUE,HIGH,FALSE,LOW,NORMAL,NORMAL,LOW,NORMAL,LOW,HIGH,LOW,NORMAL,FALSE,LOW,NORMAL,NORMAL,LOW,ZERO,FALSE,LOW,ZERO,LOW,LOW,TRUE,TRUE,LOW,LOW,LOW,FALSE,NORMAL,ZERO,LOW,FALSE,NORMAL
FALSE,FALSE,NORMAL,FALSE,LOW,FALSE,HIGH,HIGH,NORMAL,NORMAL,ZERO,ZERO,HIGH,NORMAL,NORMAL,FALSE,LOW,NORMAL,NORMAL,NORMAL,LOW,FALSE,HIGH,HIGH,LOW,HIGH,FALSE,FALSE,HIGH,NORMAL,HIGH,FALSE,HIGH,HIGH,LOW,FALSE,NORMAL
FALSE,FALSE,NORMAL,FALSE,HIGH,FALSE,NORMAL,LOW,LOW,LOW,HIGH,HIGH,HIGH,LOW,NORMAL,TRUE,NORMAL,HIGH,HIGH,NORMAL,ZERO,FALSE,LOW,ZERO,LOW,HIGH,FALSE,FALSE,HIGH,NORMAL,LOW,FALSE,HIGH,ZERO,NORMAL,FALSE,NORMAL
FALSE,FALSE,NORMAL,FALSE,HIGH,FALSE,HIGH,LOW,NORMAL,HIGH,NORMAL,LOW,HIGH,HIGH,NORMAL,FALSE,NORMAL,NORMAL,HIGH,NORMAL,ZERO,FALSE,LOW,ZERO,LOW,HIGH,FALSE,FALSE,HIGH,NORMAL,LOW,FALSE,HIGH,LOW,NORMAL,FALSE,NORMAL
FALSE,FALSE,NORMAL,FALSE,HIGH,FALSE,HIGH,NORMAL,NORMAL,HIGH,NORMAL,LOW,HIGH,HIGH,NORMAL,FALSE,NORMAL,NORMAL,NORMAL,NORMAL,ZERO,FALSE,LOW,ZERO,LOW,HIGH,FALSE,FALSE,HIGH,NORMAL,LOW,FALSE,HIGH,ZERO,NORMAL,FALSE,NORMAL
FALSE,FALSE,NORMAL,FALSE,HIGH,FALSE,HIGH,HIGH,NORMAL,LOW,NORMAL,LOW,HIGH,LOW,NORMAL,FALSE,NORMAL,NORMAL,NORMAL,NORMAL,ZERO,FALSE,LOW,ZERO,ZERO,HIGH,FALSE,FALSE,HIGH,NORMAL,LOW,FALSE,HIGH,ZERO,LOW,FALSE,NORMAL
TRUE,FALSE,NORMAL,FALSE,HIGH,FALSE,HIGH,ZERO,NORMAL,HIGH,NORMAL,ZERO,HIGH,HIGH,ESOPHAGEAL,FALSE,NORMAL,NORMAL,NORMAL,NORMAL,ZERO,FALSE,LOW,LOW,LOW,HIGH,FALSE,FALSE,HIGH,NORMAL,LOW,FALSE,HIGH,LOW,NORMAL,FALSE,NORMAL
FALSE,FALSE,NORMAL,FALSE,NORMAL,FALSE,HIGH,HIGH,NORMAL,HIGH,NORMAL,LOW,HIGH,HIGH,NORMAL,FALSE,NORMAL,NORMAL,NORMAL,NORMAL,ZERO,FALSE,LOW,ZERO,LOW,HIGH,FALSE,FALSE,HIGH,NORMAL,LOW,FALSE,HIGH,NORMAL,NORMAL,TRUE,NORMAL
TRUE,FALSE,NORMAL,FALSE,LOW,FALSE,HIGH,HIGH,NORMAL,HIGH,NORMAL,ZERO,HIGH,HIGH,NORMAL,FALSE,NORMAL,NORMAL,NORMAL,NORMAL,LOW,FALSE,HIGH,HIGH,LOW,HIGH,FALSE,FALSE,HIGH,NORMAL,HIGH,FALSE,HIGH,HIGH,NORMAL,FALSE,NORMAL
FALSE,TRUE,NORMAL,FALSE,HIGH,FALSE,HIGH,HIGH,NORMAL,HIGH,NORMAL,LOW,HIGH,HIGH,NORMAL,FALSE,NORMAL,NORMAL,HIGH,NORMAL,ZERO,FALSE,LOW,ZERO,HIGH,HIGH,FALSE,FALSE,HIGH,NORMAL,LOW,FALSE,HIGH,ZERO,NORMAL,FALSE,NORMAL
FALSE,FALSE,NORMAL,TRUE,HIGH,FALSE,HIGH,LOW,NORMAL,LOW,NORMAL,LOW,HIGH,NORMAL,NORMAL,FALSE,LOW,NORMAL,LOW,LOW,ZERO,FALSE,LOW,ZERO,LOW,HIGH,TRUE,FALSE,HIGH,LOW,LOW,FALSE,HIGH,ZERO,LOW,FALSE,NORMAL
TRUE,FALSE,NORMAL,FALSE,HIGH,FALSE,LOW,HIGH,NORMAL,NORMAL,NORMAL,ZERO,HIGH,NORMAL,NORMAL,FALSE,NORMAL,NORMAL,NORMAL,NORMAL,ZERO,FALSE,LOW,ZERO,LOW,LOW,FALSE,FALSE,LOW,NORMAL,LOW,FALSE,NORMAL,ZERO,NORMAL,FALSE,NORMAL
FALSE,FALSE,NORMAL,FALSE,HIGH,FALSE,HIGH,LOW,NORMAL,HIGH,NORMAL,LOW,HIGH,HIGH,NORMAL,FALSE,NORMAL,NORMAL,HIGH,NORMAL,ZERO,FALSE,LOW,ZERO,LOW,HIGH,FALSE,FALSE,HIGH,NORMAL,LOW,FALSE,HIGH,ZERO,NORMAL,FALSE,NORMAL
FALSE,FALSE,HIGH,FALSE,HIGH,FALSE,LOW,HIGH,NORMAL,HIGH,NORMAL,LOW,HIGH,HIGH,ONESIDED,FALSE,NORMAL,NORMAL,NORMAL,NORMAL,LOW,FALSE,LOW,ZERO,NORMAL,LOW,FALSE,FALSE,LOW,NORMAL,LOW,FALSE,NORMAL,LOW,HIGH,FALSE,HIGH
FALSE,FALSE,NORMAL,FALSE,LOW,FALSE,HIGH,LOW,NORMAL,HIGH,HIGH,HIGH,HIGH,HIGH,NORMAL,FALSE,NORMAL,HIGH,NORMAL,NORMAL,LOW,FALSE,HIGH,HIGH,LOW,HIGH,FALSE,FALSE,HIGH,NORMAL,HIGH,FALSE,HIGH,HIGH,NORMAL,FALSE,NORMAL
FALSE,FALSE,NORMAL,FALSE,HIGH,FALSE,HIGH,LOW,NORMAL,HIGH,NORMAL,LOW,HIGH,HIGH,NORMAL,FALSE,NORMAL,NORMAL,HIGH,NORMAL,ZERO,FALSE,LOW,ZERO,LOW,HIGH,FALSE,FALSE,HIGH,NORMAL,LOW,FALSE,HIGH,ZERO,NORMAL,FALSE,NORMAL
FALSE,FALSE,NORMAL,FALSE,HIGH,FALSE,HIGH,LOW,NORMAL,HIGH,NORMAL,LOW,HIGH,HIGH,NORMAL,FALSE,NORMAL,NORMAL,NORMAL,NORMAL,ZERO,FALSE,LOW,ZERO,LOW,HIGH,FALSE,FALSE,HIGH,NORMAL,LOW,FALSE,HIGH,ZERO,NORMAL,FALSE,NORMAL
FALSE,FALSE,NORMAL,FALSE,HIGH,FALSE,HIGH,HIGH,NORMAL,HIGH,NORMAL,LOW,HIGH,HIGH,NORMAL,FALSE,NORMAL,NORMAL,NORMAL,NORMAL,ZERO,FALSE,LOW,ZERO,LOW,HIGH,FALSE,FALSE,HIGH,NORMAL,LOW,FALSE,HIGH,ZERO,NORMAL,FALSE,NORMAL
FALSE,TRUE,NORMAL,FALSE,HIGH,FALSE,LOW,HIGH,NORMAL,HIGH,NORMAL,LOW,HIGH,NORMAL,NORMAL,FALSE,NORMAL,NORMAL,NORMAL,NORMAL,ZERO,FALSE,LOW,ZERO,LOW,LOW,FALSE,FALSE,NORMAL,NORMAL,LOW,FALSE,NORMAL,ZERO,NORMAL,FALSE,NORMAL
FALSE,FALSE,NORMAL,TRUE,HIGH,FALSE,HIGH,NORMAL,NORMAL,HIGH,NORMAL,LOW,HIGH,NORMAL,NORMAL,FALSE,LOW,NORMAL,HIGH,NORMAL,ZERO,FALSE,LOW,ZERO,LOW,HIGH,FALSE,FALSE,HIGH,NORMAL,LOW,FALSE,HIGH,ZERO,NORMAL,FALSE,NORMAL
FALSE,FALSE,NORMAL,FALSE,HIGH,FALSE,HIGH,HIGH,NORMAL,HIGH,NORMAL,ZERO,HIGH,HIGH,NORMAL,FALSE,NORMAL,NORMAL,HIGH,NORMAL,LOW,FALSE,HIGH,HIGH,NORMAL,HIGH,FALSE,FALSE,HIGH,NORMAL,HIGH,FALSE,HIGH,HIGH,NORMAL,FALSE,NORMAL
FALSE,FALSE,NORMAL,FALSE,HIGH,FALSE,HIGH,HIGH,NORMAL,HIGH,NORMAL,LOW,HIGH,HIGH,NORMAL,FALSE,NORMAL,NORMAL,NORMAL,NORMAL,ZERO,FALSE,LOW,ZERO,LOW,HIGH,FALSE,TRUE,HIGH,NORMAL,LOW,FALSE,HIGH,ZERO,NORMAL,FALSE,NORMAL
FALSE,FALSE,NORMAL,FALSE,LOW,FALSE,LOW,LOW,NORMAL,NORMAL,HIGH,HIGH,NORMAL,LOW,NORMAL,FALSE,LOW,HIGH,HIGH,LOW,LOW,FALSE,HIGH,HIGH,LOW,LOW,TRUE,TRUE,LOW,LOW,HIGH,FALSE,NORMAL,HIGH,LOW,FALSE,NORMAL
TRUE,FALSE,NORMAL,FALSE,HIGH,FALSE,HIGH,HIGH,NORMAL,NORMAL,NORMAL,ZERO,HIGH,LOW,NORMAL,FALSE,HIGH,NORMAL,HIGH,HIGH,ZERO,FALSE,LOW,ZERO,LOW,HIGH,FALSE,TRUE,HIGH,HIGH,LOW,FALSE,HIGH,ZERO,LOW,FALSE,NORMAL
TRUE,FALSE,NORMAL,FALSE,HIGH,FALSE,HIGH,HIGH,NORMAL,HIGH,NORMAL,ZERO,HIGH,HIGH,NORMAL,FALSE,NORMAL,NORMAL,HIGH,NORMAL,ZERO,FALSE,LOW,NORMAL,LOW,HIGH,FALSE,FALSE,HIGH,NORMAL,LOW,FALSE,HIGH,ZERO,NORMAL,FALSE,NORMAL
FALSE,FALSE,NORMAL,FALSE,HIGH,TRUE,HIGH,HIGH,NORMAL,HIGH,NORMAL,LOW,HIGH,HIGH,NORMAL,FALSE,NORMAL,NORMAL,NORMAL,NORMAL,ZERO,FALSE,LOW,ZERO,LOW,NORMAL,FALSE,FALSE,NORMAL,NORMAL,LOW,FALSE,HIGH,ZERO,NORMAL,FALSE,NORMAL
FALSE,FALSE,NORMAL,FALSE,HIGH,FALSE,HIGH,NORMAL,NORMAL,NORMAL,NORMAL,LOW,HIGH,HIGH,NORMAL,FALSE,NORMAL,NORMAL,LOW,NORMAL,ZERO,FALSE,LOW,ZERO,LOW,HIGH,FALSE,FALSE,HIGH,NORMAL,LOW,FALSE,HIGH,ZERO,NORMAL,FALSE,NORMAL
FALSE,FALSE,NORMAL,FALSE,HIGH,FALSE,NORMAL,HIGH,NORMAL,LOW,NORMAL,LOW,HIGH,LOW,NORMAL,FALSE,HIGH,NORMAL,NORMAL,HIGH,ZERO,FALSE,LOW,ZERO,LOW,HIGH,FALSE,TRUE,HIGH,HIGH,LOW,FALSE,HIGH,ZERO,LOW,FALSE,NORMAL
FALSE,FALSE,NORMAL,FALSE,HIGH,FALSE,HIGH,HIGH,NORMAL,LOW,NORMAL,LOW,HIGH,HIGH,NORMAL,FALSE,HIGH,NORMAL,LOW,NORMAL,ZERO,FALSE,LOW,ZERO,LOW,HIGH,FALSE,TRUE,HIGH,HIGH,LOW,FALSE,HIGH,ZERO,NORMAL,FALSE,NORMAL
FALSE,FALSE,NORMAL,FALSE,LOW,FALSE,HIGH,HIGH,NORMAL,NORMAL,NORMAL,LOW,HIGH,HIGH,NORMAL,FALSE,NORMAL,NORMAL,NORMAL,NORMAL,ZERO,FALSE,LOW,ZERO,ZERO,HIGH,FALSE,FALSE,HIGH,NORMAL,LOW,FALSE,HIGH,ZERO,NORMAL,FALSE,NORMAL
FALSE,FALSE,NORMAL,FALSE,HIGH,FALSE,HIGH,LOW,NORMAL,LOW,NORMAL,LOW,HIGH,LOW,NORMAL,FALSE,HIGH,NORMAL,LOW,HIGH,ZERO,FALSE,LOW,ZERO,LOW,HIGH,FALSE,TRUE,HIGH,HIGH,LOW,FALSE,HIGH,ZERO,LOW,FALSE,NORMAL
TRUE,FALSE,NORMAL,FALSE,LOW,FALSE,HIGH,HIGH,NORMAL,LOW,NORMAL,ZERO,HIGH,HIGH,NORMAL,FALSE,NORMAL,NORMAL,LOW,NORMAL,LOW,FALSE,HIGH,HIGH,LOW,HIGH,FALSE,FALSE,HIGH,NORMAL,HIGH,FALSE,HIGH,HIGH,NORMAL,FALSE,NORMAL
FALSE,FALSE,HIGH,FALSE,LOW,FALSE,HIGH,LOW,NORMAL,LOW,HIGH,HIGH,HIGH,HIGH,NORMAL,FALSE,NORMAL,HIGH,NORMAL,NORMAL,LOW,FALSE,HIGH,ZERO,LOW,HIGH,FALSE,FALSE,HIGH,NORMAL,HIGH,FALSE,HIGH,HIGH,NORMAL,FALSE,NORMAL
FALSE,FALSE,NORMAL,FALSE,HIGH,FALSE,HIGH,NORMAL,NORMAL,HIGH,NORMAL,LOW,HIGH,HIGH,NORMAL,FALSE,HIGH,NORMAL,NORMAL,NORMAL,ZERO,FALSE,LOW,ZERO,LOW,HIGH,FALSE,FALSE,HIGH,HIGH,LOW,FALSE,HIGH,ZERO,NORMAL,FALSE,NORMAL
FALSE,TRUE,NORMAL,FALSE,HIGH,FALSE,HIGH,HIGH,NORMAL,HIGH,NORMAL,LOW,HIGH,HIGH,NORMAL,FALSE,NORMAL,NORMAL,NORMAL,NORMAL,ZERO,FALSE,LOW,ZERO,LOW,HIGH,FALSE,FALSE,HIGH,NORMAL,LOW,FALSE,HIGH,ZERO,NORMAL,FALSE,NORMAL
FALSE,FALSE,NORMAL,FALSE,HIGH,FALSE,HIGH,LOW,NORMAL,LOW,NORMAL,LOW,HIGH,HIGH,NORMAL,FALSE,NORMAL,NORMAL,LOW,NORMAL,ZERO,FALSE,LOW,ZERO,LOW,NORMAL,FALSE,FALSE,HIGH,NORMAL,LOW,FALSE,HIGH,ZERO,NORMAL,FALSE,NORMAL
FALSE,FALSE,NORMAL,FALSE,NORMAL,FALSE,HIGH,LOW,NORMAL,HIGH,ZERO,ZERO,HIGH,HIGH,ONESIDED,FALSE,LOW,NORMAL,HIGH,NORMAL,ZERO,FALSE,LOW,NORMAL,LOW,LOW,FALSE,FALSE,HIGH,NORMAL,LOW,FALSE,HIGH,NORMAL,HIGH,FALSE,HIGH
FALSE,FALSE,NORMAL,FALSE,HIGH,FALSE,LOW,NORMAL,NORMAL,LOW,NORMAL,LOW,HIGH,LOW,NORMAL,FALSE,HIGH,NORMAL,LOW,NORMAL,ZERO,FALSE,LOW,ZERO,LOW,LOW,FALSE,TRUE,LOW,HIGH,LOW,FALSE,NORMAL,ZERO,LOW,FALSE,NORMAL
FALSE,FALSE,NORMAL,FALSE,HIGH,FALSE,LOW,HIGH,NORMAL,HIGH,NORMAL,LOW,HIGH,HIGH,ESOPHAGEAL,FALSE,NORMAL,NORMAL,HIGH,NORMAL,ZERO,FALSE,LOW,LOW,LOW,LOW,FALSE,FALSE,LOW,NORMAL,LOW,FALSE,NORMAL,LOW,HIGH,FALSE,NORMAL
FALSE,FALSE,NORMAL,FALSE,HIGH,FALSE,HIGH,LOW,NORMAL,HIGH,NORMAL,LOW,HIGH,HIGH,NORMAL,FALSE,NORMAL,NORMAL,HIGH,NORMAL,ZERO,FALSE,LOW,ZERO,LOW,HIGH,FALSE,FALSE,HIGH,NORMAL,LOW,FALSE,HIGH,ZERO,NORMAL,FALSE,NORMAL
TRUE,FALSE,NORMAL,FALSE,LOW,FALSE,LOW,HIGH,NORMAL,HIGH,NORMAL,ZERO,NORMAL,NORMAL,NORMAL,FALSE,NORMAL,NORMAL,HIGH,LOW,LOW,FALSE,HIGH,HIGH,LOW,LOW,FALSE,FALSE,LOW,NORMAL,HIGH,FALSE,NORMAL,HIGH,NORMAL,FALSE,NORMAL
FALSE,FALSE,LOW,TRUE,LOW,FALSE,HIGH,LOW,NORMAL,LOW,HIGH,HIGH,HIGH,LOW,NORMAL,FALSE,LOW,HIGH,LOW,LOW,LOW,FALSE,HIGH,HIGH,LOW,HIGH,TRUE,FALSE,HIGH,LOW,HIGH,FALSE,HIGH,HIGH,LOW,FALSE,NORMAL
TRUE,FALSE,NORMAL,FALSE,HIGH,FALSE,HIGH,HIGH,NORMAL,HIGH,NORMAL,ZERO,HIGH,HIGH,NORMAL,FALSE,NORMAL,NORMAL,NORMAL,NORMAL,ZERO,FALSE,LOW,ZERO,LOW,HIGH,FALSE,FALSE,HIGH,NORMAL,LOW,FALSE,HIGH,ZERO,NORMAL,FALSE,NORMAL
FALSE,FALSE,NORMAL,FALSE,HIGH,TRUE,LOW,NORMAL,NORMAL,HIGH,NORMAL,LOW,HIGH,HIGH,NORMAL,FALSE,NORMAL,NORMAL,HIGH,NORMAL,ZERO,FALSE,LOW,ZERO,LOW,NORMAL,FALSE,FALSE,NORMAL,NORMAL,LOW,FALSE,HIGH,ZERO,HIGH,FALSE,NORMAL
FALSE,FALSE,HIGH,FALSE,HIGH,FALSE,HIGH,LOW,NORMAL,HIGH,LOW,ZERO,HIGH,HIGH,ONESIDED,FALSE,NORMAL,LOW,HIGH,NORMAL,ZERO,FALSE,LOW,NORMAL,LOW,HIGH,FALSE,FALSE,HIGH,NORMAL,LOW,FALSE,HIGH,ZERO,NORMAL,FALSE,HIGH
FALSE,FALSE,NORMAL,FALSE,HIGH,FALSE,HIGH,NORMAL,NORMAL,NORMAL,NORMAL,LOW,HIGH,HIGH,NORMAL,FALSE,NORMAL,NORMAL,HIGH,LOW,ZERO,FALSE,LOW,ZERO,LOW,HIGH,FALSE,FALSE,HIGH,NORMAL,LOW,FALSE,HIGH,ZERO,NORMAL,FALSE,NORMAL
FALSE,FALSE,NORMAL,FALSE,LOW,FALSE,LOW,HIGH,NORMAL,LOW,LOW,ZERO,NORMAL,NORMAL,NORMAL,FALSE,NORMAL,LOW,LOW,NORMAL,LOW,FALSE,HIGH,HIGH,LOW,LOW,FALSE,FALSE,LOW,NORMAL,HIGH,FALSE,NORMAL,HIGH,NORMAL,FALSE,NORMAL
FALSE,TRUE,NORMAL,FALSE,HIGH,FALSE,HIGH,NORMAL,NORMAL,NORMAL,NORMAL,LOW,HIGH,HIGH,NORMAL,FALSE,NORMAL,NORMAL,NORMAL,NORMAL,ZERO,FALSE,LOW,ZERO,LOW,HIGH,FALSE,FALSE,HIGH,NORMAL,LOW,FALSE,HIGH,ZERO,NORMAL,FALSE,NORMAL
FALSE,FALSE,NORMAL,FALSE,LOW,FALSE,HIGH,LOW,NORMAL,HIGH,HIGH,HIGH,HIGH,HIGH,NORMAL,FALSE,HIGH,HIGH,LOW,HIGH,LOW,FALSE,HIGH,ZERO,LOW,HIGH,FALSE,TRUE,HIGH,HIGH,LOW,FALSE,HIGH,HIGH,NORMAL,FALSE,HIGH
FALSE,FALSE,NORMAL,FALSE,HIGH,FALSE,HIGH,HIGH,NORMAL,LOW,NORMAL,LOW,HIGH,HIGH,NORMAL,FALSE,NORMAL,NORMAL,LOW,NORMAL,ZERO,FALSE,LOW,ZERO,LOW,HIGH,FALSE,FALSE,HIGH,NORMAL,LOW,FALSE,HIGH,ZERO,NORMAL,FALSE,NORMAL
FALSE,TRUE,NORMAL,FALSE,NORMAL,FALSE,LOW,NORMAL,LOW,LOW,NORMAL,LOW,HIGH,NORMAL,NORMAL,FALSE,NORMAL,NORMAL,LOW,NORMAL,ZERO,FALSE,LOW,ZERO,LOW,LOW,FALSE,FALSE,LOW,NORMAL,LOW,FALSE,NORMAL,NORMAL,NORMAL,FALSE,NORMAL
FALSE,FALSE,NORMAL,FALSE,LOW,FALSE,HIGH,HIGH,NORMAL,HIGH,LOW,ZERO,HIGH,HIGH,NORMAL,FALSE,NORMAL,LOW,NORMAL,NORMAL,LOW,FALSE,HIGH,HIGH,LOW,HIGH,FALSE,FALSE,HIGH,NORMAL,HIGH,FALSE,HIGH,HIGH,NORMAL,FALSE,NORMAL
FALSE,FALSE,NORMAL,FALSE,HIGH,FALSE,LOW,LOW,NORMAL,NORMAL,NORMAL,LOW,HIGH,HIGH,NORMAL,FALSE,NORMAL,NORMAL,NORMAL,NORMAL,ZERO,FALSE,LOW,ZERO,LOW,HIGH,FALSE,FALSE,HIGH,NORMAL,LOW,FALSE,HIGH,ZERO,NORMAL,FALSE,NORMAL
TRUE,TRUE,NORMAL,FALSE,LOW,TRUE,HIGH,HIGH,NORMAL,HIGH,NORMAL,ZERO,HIGH,HIGH,NORMAL,FALSE,NORMAL,NORMAL,NORMAL,NORMAL,LOW,FALSE,HIGH,HIGH,LOW,NORMAL,FALSE,FALSE,NORMAL,NORMAL,HIGH,FALSE,HIGH,HIGH,NORMAL,FALSE,NORMAL
FALSE,FALSE,HIGH,FALSE,LOW,FALSE,HIGH,LOW,NORMAL,NORMAL,NORMAL,LOW,HIGH,HIGH,NORMAL,FALSE,HIGH,NORMAL,NORMAL,HIGH,LOW,FALSE,HIGH,HIGH,LOW,HIGH,FALSE,TRUE,HIGH,HIGH,HIGH,FALSE,HIGH,HIGH,NORMAL,FALSE,NORMAL
FALSE,FALSE,NORMAL,TRUE,LOW,FALSE,HIGH,HIGH,NORMAL,LOW,ZERO,ZERO,HIGH,LOW,NORMAL,FALSE,LOW,NORMAL,NORMAL,LOW,LOW,FALSE,HIGH,HIGH,LOW,HIGH,TRUE,FALSE,HIGH,LOW,HIGH,FALSE,HIGH,HIGH,LOW,FALSE,NORMAL
FALSE,FALSE,NORMAL,FALSE,HIGH,FALSE,HIGH,LOW,NORMAL,HIGH,NORMAL,LOW,HIGH,HIGH,NORMAL,FALSE,HIGH,NORMAL,HIGH,HIGH,ZERO,FALSE,LOW,ZERO,LOW,HIGH,FALSE,TRUE,HIGH,HIGH,LOW,FALSE,HIGH,ZERO,NORMAL,FALSE,NORMAL
FALSE,FALSE,NORMAL,FALSE,HIGH,FALSE,HIGH,NORMAL,NORMAL,HIGH,NORMAL,LOW,HIGH,HIGH,NORMAL,FALSE,HIGH,NORMAL,HIGH,NORMAL,ZERO,FALSE,LOW,ZERO,LOW,HIGH,FALSE,FALSE,HIGH,NORMAL,LOW,FALSE,HIGH,ZERO,NORMAL,FALSE,NORMAL
FALSE,FALSE,NORMAL,FALSE,HIGH,FALSE,HIGH,LOW,NORMAL,HIGH,NORMAL,LOW,HIGH,HIGH,NORMAL,FALSE,NORMAL,NORMAL,NORMAL,NORMAL,ZERO,FALSE,LOW,ZERO,NORMAL,HIGH,FALSE,FALSE,HIGH,NORMAL,LOW,FALSE,HIGH,ZERO,NORMAL,FALSE,NORMAL
FALSE,FALSE,NORMAL,FALSE,LOW,TRUE,NORMAL,LOW,NORMAL,LOW,HIGH,HIGH,HIGH,HIGH,NORMAL,TRUE,NORMAL,HIGH,NORMAL,NORMAL,LOW,FALSE,HIGH,HIGH,LOW,NORMAL,FALSE,FALSE,NORMAL,NORMAL,HIGH,FALSE,HIGH,HIGH,NORMAL,FALSE,NORMAL
FALSE,FALSE,NORMAL,FALSE,HIGH,TRUE,HIGH,HIGH,NORMAL,HIGH,NORMAL,LOW,HIGH,HIGH,NORMAL,FALSE,NORMAL,NORMAL,HIGH,NORMAL,ZERO,FALSE,LOW,ZERO,LOW,NORMAL,FALSE,FALSE,NORMAL,NORMAL,LOW,FALSE,HIGH,ZERO,NORMAL,FALSE,NORMAL
FALSE,FALSE,NORMAL,FALSE,HIGH,TRUE,NORMAL,NORMAL,NORMAL,HIGH,NORMAL,LOW,HIGH,HIGH,NORMAL,TRUE,NORMAL,NORMAL,HIGH,NORMAL,ZERO,FALSE,LOW,ZERO,LOW,NORMAL,FALSE,FALSE,NORMAL,NORMAL,LOW,FALSE,HIGH,ZERO,NORMAL,FALSE,NORMAL
FALSE,FALSE,NORMAL,FALSE,HIGH,TRUE,HIGH,HIGH,NORMAL,LOW,NORMAL,LOW,HIGH,HIGH,NORMAL,FALSE,NORMAL,NORMAL,LOW,NORMAL,ZERO,FALSE,LOW,ZERO,LOW,NORMAL,FALSE,FALSE,NORMAL,NORMAL,LOW,FALSE,HIGH,ZERO,NORMAL,FALSE,HIGH
FALSE,FALSE,NORMAL,FALSE,LOW,FALSE,HIGH,HIGH,NORMAL,LOW,NORMAL,LOW,HIGH,LOW,ESOPHAGEAL,FALSE,HIGH,NORMAL,NORMAL,NORMAL,NORMAL,FALSE,HIGH,ZERO,NORMAL,HIGH,FALSE,TRUE,HIGH,HIGH,HIGH,FALSE,HIGH,HIGH,LOW,FALSE,NORMAL
FALSE,FALSE,HIGH,FALSE,HIGH,FALSE,HIGH,HIGH,NORMAL,HIGH,LOW,ZERO,HIGH,HIGH,NORMAL,FALSE,HIGH,LOW,HIGH,NORMAL,ZERO,FALSE,LOW,ZERO,LOW,HIGH,FALSE,TRUE,HIGH,HIGH,LOW,FALSE,HIGH,ZERO,NORMAL,FALSE,NORMAL
FALSE,FALSE,NORMAL,FALSE,NORMAL,FALSE,HIGH,LOW,NORMAL,NORMAL,NORMAL,LOW,HIGH,HIGH,NORMAL,FALSE,NORMAL,NORMAL,NORMAL,NORMAL,HIGH,FALSE,LOW,LOW,HIGH,HIGH,FALSE,FALSE,HIGH,NORMAL,LOW,FALSE,HIGH,LOW,NORMAL,FALSE,NORMAL
FALSE,FALSE,NORMAL,FALSE,HIGH,FALSE,HIGH,HIGH,NORMAL,NORMAL,NORMAL,LOW,HIGH,HIGH,NORMAL,FALSE,HIGH,NORMAL,NORMAL,HIGH,ZERO,FALSE,LOW,ZERO,LOW,HIGH,FALSE,TRUE,HIGH,HIGH,LOW,FALSE,HIGH,ZERO,NORMAL,FALSE,NORMAL
FALSE,FALSE,NORMAL,FALSE,LOW,FALSE,NORMAL,LOW,NORMAL,HIGH,NORMAL,HIGH,NORMAL,NORMAL,NORMAL,FALSE,LOW,NORMAL,HIGH,LOW,LOW,FALSE,HIGH,HIGH,LOW,LOW,FALSE,FALSE,LOW,NORMAL,HIGH,FALSE,NORMAL,HIGH,NORMAL,FALSE,NORMAL
FALSE,FALSE,LOW,FALSE,HIGH,TRUE,LOW,HIGH,NORMAL,NORMAL,NORMAL,LOW,HIGH,NORMAL,NORMAL,FALSE,NORMAL,NORMAL,NORMAL,NORMAL,ZERO,FALSE,LOW,ZERO,LOW,LOW,FALSE,FALSE,NORMAL,NORMAL,LOW,FALSE,NORMAL,ZERO,NORMAL,FALSE,NORMAL
FALSE,TRUE,NORMAL,FALSE,LOW,FALSE,LOW,HIGH,NORMAL,HIGH,ZERO,ZERO,NORMAL,NORMAL,NORMAL,FALSE,HIGH,HIGH,HIGH,HIGH,LOW,FALSE,HIGH,HIGH,LOW,LOW,FALSE,TRUE,LOW,HIGH,HIGH,FALSE,NORMAL,HIGH,NORMAL,FALSE,NORMAL
FALSE,FALSE,NORMAL,FALSE,HIGH,FALSE,HIGH,LOW,NORMAL,LOW,NORMAL,LOW,HIGH,HIGH,NORMAL,FALSE,NORMAL,NORMAL,LOW,NORMAL,ZERO,FALSE,LOW,ZERO,LOW,HIGH,FALSE,FALSE,HIGH,NORMAL,LOW,FALSE,HIGH,ZERO,NORMAL,FALSE,NORMAL
FALSE,FALSE,NORMAL,FALSE,LOW,FALSE,HIGH,HIGH,NORMAL,HIGH,LOW,ZERO,HIGH,HIGH,NORMAL,FALSE,NORMAL,NORMAL,NORMAL,NORMAL,LOW,FALSE,LOW,HIGH,LOW,HIGH,FALSE,FALSE,HIGH,NORMAL,LOW,FALSE,HIGH,HIGH,NORMAL,FALSE,NORMAL
FALSE,FALSE,NORMAL,FALSE,HIGH,TRUE,HIGH,HIGH,NORMAL,HIGH,ZERO,ZERO,HIGH,HIGH,NORMAL,FALSE,NORMAL,NORMAL,NORMAL,NORMAL,ZERO,FALSE,LOW,ZERO,LOW,NORMAL,FALSE,FALSE,NORMAL,NORMAL,LOW,FALSE,HIGH,ZERO,NORMAL,FALSE,NORMAL
FALSE,FALSE,NORMAL,FALSE,HIGH,FALSE,HIGH,HIGH,NORMAL,LOW,NORMAL,LOW,HIGH,HIGH,NORMAL,FALSE,NORMAL,NORMAL,LOW,NORMAL,ZERO,FALSE,LOW,ZERO,LOW,HIGH,FALSE,FALSE,HIGH,HIGH,LOW,FALSE,HIGH,ZERO,NORMAL,FALSE,NORMAL
FALSE,FALSE,NORMAL,FALSE,NORMAL,FALSE,HIGH,NORMAL,NORMAL,NORMAL,NORMAL,LOW,HIGH,HIGH,NORMAL,FALSE,NORMAL,NORMAL,NORMAL,NORMAL,NORMAL,FALSE,NORMAL,LOW,NORMAL,HIGH,FALSE,FALSE,HIGH,NORMAL,NORMAL,FALSE,HIGH,NORMAL,NORMAL,FALSE,NORMAL
FALSE,FALSE,NORMAL,FALSE,HIGH,FALSE,HIGH,NORMAL,NORMAL,NORMAL,NORMAL,LOW,HIGH,HIGH,NORMAL,FALSE,HIGH,NORMAL,NORMAL,NORMAL,ZERO,FALSE,LOW,ZERO,LOW,HIGH,FALSE,TRUE,HIGH,HIGH,LOW,FALSE,HIGH,ZERO,NORMAL,FALSE,NORMAL
FALSE,FALSE,NORMAL,FALSE,HIGH,FALSE,LOW,HIGH,NORMAL,LOW,NORMAL,LOW,HIGH,NORMAL,NORMAL,FALSE,NORMAL,NORMAL,LOW,NORMAL,ZERO,FALSE,LOW,ZERO,LOW,LOW,FALSE,FALSE,LOW,NORMAL,LOW,FALSE,NORMAL,ZERO,NORMAL,FALSE,NORMAL
FALSE,FALSE,NORMAL,FALSE,HIGH,FALSE,HIGH,LOW,NORMAL,LOW,NORMAL,LOW,HIGH,LOW,NORMAL,FALSE,NORMAL,NORMAL,LOW,NORMAL,ZERO,FALSE,LOW,ZERO,LOW,HIGH,FALSE,FALSE,HIGH,NORMAL,LOW,FALSE,HIGH,ZERO,NORMAL,FALSE,NORMAL
FALSE,FALSE,NORMAL,FALSE,HIGH,FALSE,HIGH,LOW,NORMAL,HIGH,NORMAL,LOW,HIGH,HIGH,NORMAL,FALSE,LOW,NORMAL,NORMAL,LOW,ZERO,FALSE,LOW,ZERO,LOW,HIGH,FALSE,FALSE,HIGH,LOW,LOW,FALSE,HIGH,ZERO,NORMAL,FALSE,NORMAL
FALSE,FALSE,NORMAL,FALSE,LOW,TRUE,HIGH,HIGH,NORMAL,LOW,ZERO,ZERO,HIGH,LOW,NORMAL,FALSE,NORMAL,HIGH,LOW,HIGH,LOW,FALSE,HIGH,HIGH,LOW,NORMAL,FALSE,TRUE,NORMAL,HIGH,HIGH,FALSE,HIGH,HIGH,LOW,FALSE,NORMAL
FALSE,FALSE,NORMAL,FALSE,HIGH,FALSE,HIGH,NORMAL,NORMAL,HIGH,NORMAL,LOW,HIGH,HIGH,NORMAL,FALSE,NORMAL,NORMAL,NORMAL,NORMAL,ZERO,FALSE,LOW,ZERO,LOW,HIGH,FALSE,FALSE,HIGH,NORMAL,LOW,FALSE,HIGH,ZERO,NORMAL,FALSE,NORMAL
FALSE,FALSE,NORMAL,FALSE,HIGH,FALSE,HIGH,HIGH,NORMAL,HIGH,NORMAL,LOW,HIGH,HIGH,NORMAL,FALSE,NORMAL,NORMAL,HIGH,NORMAL,ZERO,FALSE,LOW,ZERO,LOW,HIGH,FALSE,FALSE,HIGH,NORMAL,LOW,FALSE,HIGH,ZERO,HIGH,FALSE,NORMAL
TRUE,TRUE,NORMAL,FALSE,HIGH,TRUE,HIGH,ZERO,NORMAL,LOW,NORMAL,ZERO,HIGH,LOW,NORMAL,FALSE,HIGH,NORMAL,LOW,HIGH,ZERO,FALSE,LOW,ZERO,LOW,NORMAL,FALSE,TRUE,NORMAL,HIGH,LOW,FALSE,HIGH,ZERO,LOW,TRUE,NORMAL
TRUE,FALSE,NORMAL,FALSE,HIGH,TRUE,HIGH,HIGH,NORMAL,LOW,NORMAL,ZERO,HIGH,HIGH,NORMAL,FALSE,NORMAL,NORMAL,LOW,LOW,ZERO,FALSE,LOW,ZERO,NORMAL,NORMAL,FALSE,FALSE,NORMAL,NORMAL,LOW,FALSE,HIGH,ZERO,NORMAL,FALSE,NORMAL
FALSE,FALSE,NORMAL,FALSE,LOW,FALSE,HIGH,LOW,NORMAL,LOW,NORMAL,LOW,HIGH,HIGH,NORMAL,FALSE,NORMAL,NORMAL,LOW,NORMAL,ZERO,FALSE,HIGH,ZERO,ZERO,HIGH,FALSE,FALSE,HIGH,NORMAL,HIGH,FALSE,HIGH,HIGH,NORMAL,FALSE,NORMAL
FALSE,FALSE,NORMAL,FALSE,HIGH,FALSE,HIGH,LOW,NORMAL,HIGH,NORMAL,LOW,HIGH,HIGH,NORMAL,FALSE,NORMAL,NORMAL,NORMAL,NORMAL,ZERO,FALSE,LOW,ZERO,LOW,HIGH,FALSE,FALSE,HIGH,NORMAL,LOW,FALSE,HIGH,ZERO,NORMAL,FALSE,NORMAL
FALSE,TRUE,NORMAL,FALSE,HIGH,FALSE,HIGH,NORMAL,NORMAL,NORMAL,NORMAL,LOW,HIGH,HIGH,NORMAL,FALSE,NORMAL,NORMAL,NORMAL,NORMAL,ZERO,FALSE,LOW,ZERO,LOW,HIGH,FALSE,FALSE,HIGH,NORMAL,LOW,FALSE,HIGH,ZERO,NORMAL,FALSE,NORMAL
FALSE,FALSE,NORMAL,FALSE,HIGH,FALSE,HIGH,LOW,NORMAL,HIGH,NORMAL,LOW,HIGH,HIGH,NORMAL,FALSE,NORMAL,NORMAL,NORMAL,NORMAL,ZERO,FALSE,LOW,ZERO,LOW,HIGH,FALSE,FALSE,HIGH,NORMAL,LOW,FALSE,HIGH,ZERO,NORMAL,FALSE,NORMAL
FALSE,FALSE,NORMAL,TRUE,HIGH,FALSE,HIGH,HIGH,NORMAL,LOW,NORMAL,LOW,HIGH,LOW,NORMAL,FALSE,LOW,NORMAL,NORMAL,LOW,ZERO,FALSE,LOW,ZERO,LOW,HIGH,TRUE,FALSE,HIGH,LOW,LOW,FALSE,HIGH,ZERO,LOW,FALSE,NORMAL
FALSE,FALSE,NORMAL,FALSE,HIGH,FALSE,HIGH,HIGH,NORMAL,HIGH,NORMAL,LOW,HIGH,HIGH,NORMAL,FALSE,LOW,NORMAL,NORMAL,NORMAL,ZERO,FALSE,LOW,ZERO,LOW,HIGH,FALSE,FALSE,HIGH,NORMAL,LOW,FALSE,HIGH,ZERO,NORMAL,FALSE,NORMAL
TRUE,FALSE,NORMAL,FALSE,HIGH,FALSE,HIGH,HIGH,NORMAL,LOW,HIGH,NORMAL,HIGH,LOW,NORMAL,FALSE,NORMAL,NORMAL,LOW,NORMAL,HIGH,FALSE,LOW,LOW,HIGH,HIGH,FALSE,FALSE,HIGH,NORMAL,LOW,FALSE,HIGH,LOW,LOW,FALSE,NORMAL
FALSE,FALSE,NORMAL,FALSE,LOW,FALSE,HIGH,LOW,LOW,HIGH,HIGH,HIGH,HIGH,HIGH,NORMAL,FALSE,NORMAL,HIGH,NORMAL,NORMAL,LOW,FALSE,NORMAL,HIGH,LOW,HIGH,FALSE,FALSE,HIGH,NORMAL,NORMAL,FALSE,HIGH,HIGH,NORMAL,FALSE,NORMAL
FALSE,FALSE,NORMAL,FALSE,HIGH,FALSE,HIGH,NORMAL,NORMAL,LOW,NORMAL,LOW,HIGH,HIGH,NORMAL,FALSE,NORMAL,NORMAL,LOW,NORMAL,ZERO,FALSE,LOW,ZERO,LOW,HIGH,FALSE,FALSE,HIGH,NORMAL,LOW,FALSE,HIGH,ZERO,NORMAL,FALSE,NORMAL
FALSE,FALSE,NORMAL,FALSE,HIGH,FALSE,LOW,HIGH,NORMAL,LOW,NORMAL,LOW,HIGH,LOW,NORMAL,TRUE,NORMAL,NORMAL,LOW,NORMAL,ZERO,FALSE,LOW,ZERO,LOW,NORMAL,FALSE,FALSE,HIGH,NORMAL,LOW,FALSE,LOW,ZERO,NORMAL,FALSE,NORMAL
FALSE,FALSE,NORMAL,FALSE,LOW,FALSE,NORMAL,HIGH,NORMAL,LOW,NORMAL,ZERO,HIGH,HIGH,NORMAL,TRUE,NORMAL,NORMAL,LOW,NORMAL,LOW,FALSE,HIGH,HIGH,LOW,HIGH,FALSE,FALSE,HIGH,NORMAL,HIGH,FALSE,HIGH,HIGH,NORMAL,FALSE,NORMAL
FALSE,FALSE,NORMAL,FALSE,HIGH,TRUE,HIGH,NORMAL,NORMAL,LOW,NORMAL,LOW,HIGH,LOW,NORMAL,FALSE,NORMAL,NORMAL,NORMAL,NORMAL,ZERO,FALSE,LOW,ZERO,LOW,NORMAL,FALSE,FALSE,NORMAL,NORMAL,LOW,FALSE,HIGH,LOW,LOW,FALSE,NORMAL
FALSE,FALSE,NORMAL,FALSE,LOW,FALSE,LOW,NORMAL,NORMAL,LOW,HIGH,HIGH,NORMAL,NORMAL,NORMAL,FALSE,HIGH,HIGH,LOW,HIGH,LOW,FALSE,HIGH,HIGH,LOW,LOW,FALSE,FALSE,LOW,HIGH,HIGH,FALSE,NORMAL,HIGH,NORMAL,FALSE,NORMAL
TRUE,FALSE,NORMAL,FALSE,NORMAL,TRUE,HIGH,HIGH,NORMAL,LOW,NORMAL,ZERO,HIGH,HIGH,NORMAL,FALSE,NORMAL,NORMAL,LOW,NORMAL,LOW,FALSE,LOW,HIGH,ZERO,NORMAL,FALSE,FALSE,NORMAL,NORMAL,LOW,FALSE,HIGH,NORMAL,NORMAL,FALSE,NORMAL
FALSE,FALSE,NORMAL,FALSE,HIGH,FALSE,HIGH,HIGH,NORMAL,LOW,NORMAL,LOW,HIGH,HIGH,NORMAL,FALSE,NORMAL,NORMAL,LOW,NORMAL,ZERO,FALSE,LOW,ZERO,LOW,HIGH,FALSE,FALSE,HIGH,NORMAL,LOW,FALSE,HIGH,ZERO,NORMAL,TRUE,NORMAL
FALSE,FALSE,NORMAL,FALSE,LOW,TRUE,HIGH,NORMAL,NORMAL,NORMAL,NORMAL,LOW,HIGH,HIGH,NORMAL,FALSE,NORMAL,NORMAL,NORMAL,NORMAL,ZERO,FALSE,HIGH,ZERO,ZERO,NORMAL,FALSE,FALSE,NORMAL,NORMAL,HIGH,FALSE,HIGH,HIGH,NORMAL,FALSE,NORMAL
TRUE,FALSE,NORMAL,FALSE,LOW,TRUE,HIGH,HIGH,NORMAL,HIGH,NORMAL,ZERO,HIGH,HIGH,NORMAL,FALSE,NORMAL,NORMAL,NORMAL,NORMAL,LOW,FALSE,HIGH,HIGH,LOW,NORMAL,FALSE,FALSE,NORMAL,NORMAL,HIGH,FALSE,HIGH,HIGH,NORMAL,FALSE,NORMAL
FALSE,FALSE,NORMAL,FALSE,HIGH,FALSE,LOW,NORMAL,NORMAL,LOW,NORMAL,LOW,HIGH,LOW,NORMAL,FALSE,HIGH,NORMAL,LOW,HIGH,ZERO,FALSE,LOW,ZERO,LOW,LOW,FALSE,TRUE,LOW,HIGH,LOW,FALSE,NORMAL,ZERO,LOW,FALSE,NORMAL
FALSE,FALSE,NORMAL,FALSE,HIGH,FALSE,HIGH,ZERO,NORMAL,LOW,NORMAL,NORMAL,HIGH,HIGH,NORMAL,FALSE,NORMAL,NORMAL,LOW,NORMAL,ZERO,FALSE,LOW,ZERO,LOW,HIGH,FALSE,FALSE,HIGH,NORMAL,LOW,FALSE,HIGH,ZERO,NORMAL,TRUE,NORMAL
FALSE,TRUE,NORMAL,FALSE,LOW,FALSE,HIGH,HIGH,NORMAL,HIGH,LOW,ZERO,HIGH,HIGH,NORMAL,FALSE,NORMAL,LOW,NORMAL,NORMAL,LOW,FALSE,HIGH,HIGH,LOW,HIGH,FALSE,FALSE,HIGH,NORMAL,HIGH,FALSE,HIGH,HIGH,NORMAL,FALSE,NORMAL
FALSE,TRUE,NORMAL,FALSE,HIGH,FALSE,HIGH,HIGH,NORMAL,LOW,NORMAL,LOW,HIGH,LOW,NORMAL,FALSE,HIGH,NORMAL,LOW,HIGH,ZERO,FALSE,LOW,ZERO,LOW,HIGH,FALSE,TRUE,HIGH,HIGH,LOW,FALSE,HIGH,ZERO,LOW,FALSE,NORMAL
FALSE,FALSE,NORMAL,FALSE,HIGH,FALSE,HIGH,HIGH,NORMAL,HIGH,NORMAL,LOW,HIGH,HIGH,NORMAL,FALSE,NORMAL,NORMAL,NORMAL,NORMAL,ZERO,FALSE,LOW,ZERO,LOW,HIGH,FALSE,FALSE,HIGH,NORMAL,LOW,FALSE,HIGH,ZERO,NORMAL,FALSE,NORMAL
FALSE,FALSE,NORMAL,FALSE,HIGH,FALSE,HIGH,HIGH,NORMAL,HIGH,NORMAL,LOW,HIGH,HIGH,NORMAL,FALSE,LOW,NORMAL,NORMAL,NORMAL,ZERO,FALSE,LOW,ZERO,LOW,HIGH,FALSE,FALSE,HIGH,NORMAL,LOW,FALSE,HIGH,ZERO,NORMAL,FALSE,NORMAL
FALSE,FALSE,NORMAL,FALSE,HIGH,FALSE,HIGH,LOW,NORMAL,LOW,NORMAL,LOW,HIGH,HIGH,NORMAL,FALSE,LOW,NORMAL,LOW,LOW,ZERO,FALSE,LOW,ZERO,LOW,HIGH,FALSE,TRUE,HIGH,LOW,LOW,FALSE,HIGH,ZERO,NORMAL,FALSE,NORMAL
FALSE,FALSE,NORMAL,FALSE,HIGH,FALSE,LOW,LOW,NORMAL,NORMAL,NORMAL,LOW,HIGH,NORMAL,NORMAL,FALSE,NORMAL,NORMAL,NORMAL,NORMAL,ZERO,FALSE,LOW,ZERO,LOW,LOW,FALSE,FALSE,LOW,NORMAL,LOW,FALSE,NORMAL,ZERO,NORMAL,FALSE,NORMAL
FALSE,FALSE,NORMAL,TRUE,HIGH,FALSE,HIGH,NORMAL,NORMAL,LOW,NORMAL,LOW,HIGH,LOW,NORMAL,FALSE,LOW,NORMAL,NORMAL,LOW,ZERO,FALSE,LOW,ZERO,LOW,HIGH,TRUE,TRUE,HIGH,LOW,LOW,FALSE,HIGH,ZERO,LOW,FALSE,NORMAL
FALSE,FALSE,NORMAL,FALSE,HIGH,FALSE,HIGH,HIGH,NORMAL,LOW,NORMAL,LOW,HIGH,LOW,ESOPHAGEAL,FALSE,LOW,NORMAL,NORMAL,NORMAL,ZERO,FALSE,LOW,LOW,LOW,HIGH,FALSE,FALSE,HIGH,NORMAL,LOW,FALSE,HIGH,LOW,LOW,FALSE,NORMAL
FALSE,FALSE,NORMAL,FALSE,HIGH,FALSE,HIGH,LOW,NORMAL,HIGH,NORMAL,LOW,HIGH,HIGH,NORMAL,FALSE,NORMAL,NORMAL,NORMAL,NORMAL,ZERO,FALSE,LOW,ZERO,LOW,HIGH,FALSE,FALSE,NORMAL,NORMAL,LOW,FALSE,HIGH,ZERO,NORMAL,FALSE,NORMAL
FALSE,FALSE,NORMAL,FALSE,HIGH,FALSE,HIGH,NORMAL,NORMAL,LOW,NORMAL,LOW,HIGH,HIGH,NORMAL,FALSE,LOW,NORMAL,LOW,LOW,ZERO,FALSE,LOW,ZERO,LOW,HIGH,FALSE,FALSE,HIGH,LOW,LOW,FALSE,HIGH,ZERO,NORMAL,FALSE,NORMAL
FALSE,TRUE,NORMAL,TRUE,HIGH,FALSE,HIGH,NORMAL,NORMAL,HIGH,NORMAL,LOW,HIGH,HIGH,NORMAL,FALSE,HIGH,NORMAL,NORMAL,HIGH,ZERO,FALSE,LOW,ZERO,LOW,HIGH,FALSE,FALSE,HIGH,HIGH,LOW,FALSE,HIGH,ZERO,NORMAL,FALSE,NORMAL
FALSE,FALSE,NORMAL,FALSE,HIGH,FALSE,HIGH,LOW,NORMAL,HIGH,NORMAL,LOW,HIGH,HIGH,NORMAL,FALSE,NORMAL,NORMAL,HIGH,NORMAL,ZERO,FALSE,LOW,ZERO,LOW,HIGH,FALSE,FALSE,HIGH,NORMAL,NORMAL,FALSE,HIGH,ZERO,NORMAL,FALSE,NORMAL
FALSE,FALSE,NORMAL,FALSE,HIGH,FALSE,NORMAL,HIGH,LOW,HIGH,NORMAL,LOW,HIGH,HIGH,NORMAL,TRUE,HIGH,NORMAL,NORMAL,HIGH,ZERO,FALSE,LOW,ZERO,LOW,HIGH,FALSE,FALSE,HIGH,HIGH,LOW,FALSE,HIGH,ZERO,NORMAL,FALSE,NORMAL
FALSE,FALSE,HIGH,FALSE,LOW,FALSE,LOW,HIGH,NORMAL,LOW,ZERO,ZERO,NORMAL,NORMAL,NORMAL,FALSE,NORMAL,NORMAL,LOW,NORMAL,LOW,FALSE,HIGH,HIGH,LOW,LOW,FALSE,FALSE,LOW,NORMAL,HIGH,FALSE,NORMAL,HIGH,NORMAL,FALSE,NORMAL
FALSE,FALSE,LOW,TRUE,HIGH,TRUE,HIGH,NORMAL,NORMAL,LOW,NORMAL,LOW,HIGH,HIGH,NORMAL,FALSE,NORMAL,NORMAL,LOW,NORMAL,ZERO,FALSE,LOW,ZERO,LOW,NORMAL,FALSE,FALSE,NORMAL,NORMAL,LOW,FALSE,HIGH,ZERO,NORMAL,FALSE,NORMAL
FALSE,FALSE,NORMAL,FALSE,HIGH,FALSE,HIGH,NORMAL,NORMAL,HIGH,NORMAL,LOW,HIGH,HIGH,NORMAL,FALSE,NORMAL,NORMAL,HIGH,NORMAL,ZERO,FALSE,LOW,ZERO,LOW,HIGH,FALSE,FALSE,HIGH,NORMAL,LOW,FALSE,HIGH,ZERO,NORMAL,FALSE,NORMAL
FALSE,FALSE,NORMAL,FALSE,HIGH,FALSE,HIGH,NORMAL,NORMAL,LOW,NORMAL,LOW,HIGH,HIGH,NORMAL,FALSE,NORMAL,NORMAL,LOW,NORMAL,ZERO,FALSE,LOW,ZERO,HIGH,HIGH,FALSE,FALSE,HIGH,NORMAL,LOW,FALSE,HIGH,ZERO,NORMAL,FALSE,NORMAL
FALSE,FALSE,NORMAL,FALSE,HIGH,FALSE,HIGH,HIGH,NORMAL,NORMAL,NORMAL,LOW,HIGH,HIGH,NORMAL,FALSE,LOW,NORMAL,NORMAL,LOW,ZERO,FALSE,LOW,ZERO,LOW,HIGH,FALSE,FALSE,HIGH,LOW,LOW,FALSE,HIGH,ZERO,NORMAL,TRUE,NORMAL
FALSE,FALSE,NORMAL,FALSE,HIGH,FALSE,HIGH,HIGH,NORMAL,HIGH,NORMAL,LOW,HIGH,HIGH,NORMAL,FALSE,NORMAL,NORMAL,HIGH,NORMAL,ZERO,FALSE,LOW,LOW,LOW,HIGH,FALSE,FALSE,HIGH,NORMAL,LOW,FALSE,HIGH,ZERO,NORMAL,FALSE,NORMAL
FALSE,FALSE,NORMAL,FALSE,HIGH,FALSE,HIGH,LOW,NORMAL,HIGH,NORMAL,LOW,HIGH,HIGH,NORMAL,FALSE,NORMAL,NORMAL,NORMAL,NORMAL,ZERO,FALSE,LOW,ZERO,LOW,HIGH,FALSE,FALSE,HIGH,NORMAL,LOW,FALSE,HIGH,ZERO,NORMAL,FALSE,NORMAL
TRUE,FALSE,NORMAL,FALSE,LOW,FALSE,LOW,HIGH,NORMAL,NORMAL,NORMAL,ZERO,NORMAL,NORMAL,NORMAL,FALSE,NORMAL,NORMAL,NORMAL,NORMAL,LOW,FALSE,HIGH,HIGH,LOW,LOW,FALSE,FALSE,LOW,NORMAL,HIGH,FALSE,NORMAL,HIGH,NORMAL,FALSE,NORMAL
FALSE,FALSE,NORMAL,FALSE,LOW,TRUE,LOW,LOW,NORMAL,NORMAL,HIGH,HIGH,NORMAL,NORMAL,NORMAL,FALSE,NORMAL,HIGH,HIGH,NORMAL,LOW,FALSE,HIGH,HIGH,LOW,LOW,FALSE,FALSE,NORMAL,NORMAL,HIGH,FALSE,NORMAL,HIGH,NORMAL,FALSE,NORMAL
FALSE,FALSE,NORMAL,FALSE,HIGH,FALSE,NORMAL,HIGH,NORMAL,HIGH,NORMAL,LOW,HIGH,HIGH,NORMAL,TRUE,NORMAL,NORMAL,NORMAL,NORMAL,ZERO,FALSE,LOW,ZERO,LOW,HIGH,FALSE,FALSE,HIGH,NORMAL,LOW,FALSE,HIGH,ZERO,NORMAL,FALSE,NORMAL
FALSE,FALSE,NORMAL,TRUE,HIGH,FALSE,NORMAL,HIGH,NORMAL,LOW,LOW,ZERO,HIGH,LOW,NORMAL,TRUE,LOW,LOW,NORMAL,LOW,ZERO,FALSE,LOW,ZERO,LOW,HIGH,TRUE,FALSE,HIGH,LOW,NORMAL,FALSE,HIGH,ZERO,LOW,FALSE,NORMAL
FALSE,FALSE,NORMAL,FALSE,HIGH,FALSE,LOW,HIGH,NORMAL,LOW,NORMAL,LOW,NORMAL,NORMAL,ONESIDED,FALSE,HIGH,NORMAL,LOW,HIGH,LOW,FALSE,LOW,ZERO,NORMAL,LOW,FALSE,TRUE,LOW,HIGH,HIGH,FALSE,NORMAL,LOW,NORMAL,FALSE,HIGH
FALSE,FALSE,LOW,FALSE,NORMAL,FALSE,HIGH,HIGH,NORMAL,LOW,LOW,ZERO,HIGH,HIGH,NORMAL,FALSE,NORMAL,LOW,LOW,NORMAL,LOW,FALSE,HIGH,HIGH,ZERO,HIGH,FALSE,FALSE,HIGH,NORMAL,HIGH,FALSE,HIGH,HIGH,NORMAL,FALSE,NORMAL
FALSE,FALSE,NORMAL,FALSE,NORMAL,FALSE,HIGH,HIGH,NORMAL,HIGH,NORMAL,LOW,HIGH,HIGH,NORMAL,FALSE,HIGH,NORMAL,HIGH,HIGH,ZERO,FALSE,LOW,ZERO,LOW,HIGH,FALSE,TRUE,HIGH,HIGH,LOW,FALSE,HIGH,ZERO,NORMAL,FALSE,NORMAL
FALSE,FALSE,NORMAL,FALSE,HIGH,FALSE,HIGH,NORMAL,NORMAL,NORMAL,NORMAL,LOW,HIGH,NORMAL,NORMAL,FALSE,NORMAL,NORMAL,HIGH,NORMAL,ZERO,FALSE,LOW,ZERO,LOW,HIGH,FALSE,FALSE,HIGH,NORMAL,LOW,FALSE,HIGH,ZERO,NORMAL,FALSE,NORMAL
FALSE,FALSE,NORMAL,FALSE,HIGH,FALSE,HIGH,LOW,LOW,NORMAL,NORMAL,LOW,HIGH,HIGH,NORMAL,FALSE,NORMAL,NORMAL,NORMAL,NORMAL,ZERO,FALSE,LOW,ZERO,LOW,HIGH,FALSE,FALSE,HIGH,NORMAL,LOW,FALSE,HIGH,ZERO,NORMAL,FALSE,NORMAL
FALSE,FALSE,NORMAL,FALSE,HIGH,FALSE,HIGH,NORMAL,NORMAL,HIGH,NORMAL,LOW,HIGH,HIGH,NORMAL,FALSE,NORMAL,NORMAL,NORMAL,NORMAL,ZERO,FALSE,LOW,ZERO,LOW,HIGH,FALSE,FALSE,HIGH,NORMAL,LOW,FALSE,HIGH,ZERO,HIGH,FALSE,HIGH
FALSE,FALSE,NORMAL,FALSE,HIGH,TRUE,HIGH,NORMAL,NORMAL,HIGH,NORMAL,LOW,HIGH,HIGH,NORMAL,FALSE,NORMAL,NORMAL,HIGH,NORMAL,ZERO,FALSE,LOW,ZERO,LOW,NORMAL,FALSE,FALSE,NORMAL,NORMAL,LOW,FALSE,HIGH,ZERO,NORMAL,FALSE,NORMAL
FALSE,FALSE,NORMAL,FALSE,HIGH,FALSE,HIGH,HIGH,NORMAL,HIGH,NORMAL,NORMAL,HIGH,HIGH,NORMAL,FALSE,NORMAL,NORMAL,NORMAL,NORMAL,HIGH,FALSE,LOW,LOW,HIGH,HIGH,FALSE,FALSE,HIGH,NORMAL,LOW,FALSE,HIGH,LOW,NORMAL,FALSE,NORMAL
TRUE,FALSE,NORMAL,FALSE,LOW,FALSE,HIGH,NORMAL,NORMAL,LOW,LOW,ZERO,HIGH,HIGH,NORMAL,FALSE,NORMAL,LOW,LOW,NORMAL,LOW,FALSE,HIGH,HIGH,LOW,HIGH,FALSE,FALSE,HIGH,NORMAL,HIGH,FALSE,HIGH,HIGH,NORMAL,FALSE,NORMAL
FALSE,FALSE,NORMAL,FALSE,HIGH,FALSE,HIGH,HIGH,NORMAL,HIGH,NORMAL,LOW,HIGH,HIGH,NORMAL,FALSE,NORMAL,NORMAL,NORMAL,NORMAL,ZERO,FALSE,LOW,ZERO,LOW,HIGH,FALSE,FALSE,HIGH,NORMAL,LOW,FALSE,HIGH,ZERO,NORMAL,FALSE,NORMAL
FALSE,FALSE,NORMAL,FALSE,HIGH,FALSE,LOW,HIGH,NORMAL,NORMAL,NORMAL,LOW,HIGH,NORMAL,NORMAL,FALSE,NORMAL,NORMAL,NORMAL,NORMAL,ZERO,FALSE,LOW,ZERO,ZERO,LOW,FALSE,FALSE,LOW,NORMAL,LOW,TRUE,NORMAL,ZERO,NORMAL,FALSE,HIGH
FALSE,FALSE,NORMAL,FALSE,HIGH,FALSE,HIGH,LOW,NORMAL,LOW,NORMAL,LOW,HIGH,HIGH,NORMAL,FALSE,NORMAL,NORMAL,LOW,NORMAL,ZERO,FALSE,LOW,ZERO,LOW,HIGH,FALSE,FALSE,HIGH,NORMAL,LOW,FALSE,HIGH,ZERO,NORMAL,FALSE,NORMAL
FALSE,FALSE,NORMAL,FALSE,HIGH,FALSE,HIGH,HIGH,NORMAL,HIGH,NORMAL,LOW,HIGH,HIGH,NORMAL,FALSE,NORMAL,NORMAL,NORMAL,NORMAL,ZERO,FALSE,LOW,ZERO,LOW,HIGH,FALSE,FALSE,HIGH,NORMAL,LOW,FALSE,HIGH,ZERO,NORMAL,FALSE,NORMAL
TRUE,FALSE,NORMAL,FALSE,LOW,FALSE,HIGH,HIGH,NORMAL,HIGH,NORMAL,ZERO,HIGH,HIGH,NORMAL,FALSE,LOW,NORMAL,NORMAL,LOW,LOW,FALSE,HIGH,HIGH,LOW,HIGH,FALSE,FALSE,HIGH,LOW,HIGH,FALSE,HIGH,HIGH,NORMAL,FALSE,NORMAL
FALSE,FALSE,NORMAL,FALSE,HIGH,FALSE,NORMAL,HIGH,NORMAL,HIGH,NORMAL,LOW,HIGH,HIGH,ONESIDED,TRUE,NORMAL,NORMAL,HIGH,NORMAL,LOW,FALSE,LOW,LOW,NORMAL,HIGH,FALSE,FALSE,HIGH,NORMAL,LOW,FALSE,HIGH,LOW,NORMAL,FALSE,HIGH
FALSE,FALSE,NORMAL,FALSE,HIGH,FALSE,LOW,LOW,NORMAL,NORMAL,NORMAL,LOW,HIGH,LOW,NORMAL,FALSE,LOW,NORMAL,HIGH,LOW,ZERO,FALSE,LOW,ZERO,LOW,LOW,FALSE,FALSE,LOW,LOW,LOW,FALSE,NORMAL,ZERO,LOW,FALSE,NORMAL
FALSE,FALSE,NORMAL,FALSE,NORMAL,FALSE,HIGH,HIGH,NORMAL,HIGH,ZERO,ZERO,HIGH,HIGH,NORMAL,FALSE,NORMAL,NORMAL,NORMAL,NORMAL,LOW,FALSE,HIGH,HIGH,ZERO,HIGH,FALSE,FALSE,HIGH,NORMAL,HIGH,FALSE,HIGH,HIGH,NORMAL,FALSE,NORMAL
FALSE,FALSE,NORMAL,FALSE,HIGH,FALSE,HIGH,HIGH,NORMAL,LOW,NORMAL,LOW,HIGH,LOW,NORMAL,FALSE,NORMAL,NORMAL,NORMAL,NORMAL,ZERO,FALSE,LOW,ZERO,LOW,HIGH,FALSE,FALSE,HIGH,NORMAL,LOW,FALSE,HIGH,ZERO,LOW,FALSE,NORMAL
FALSE,FALSE,NORMAL,FALSE,HIGH,FALSE,HIGH,NORMAL,NORMAL,HIGH,NORMAL,LOW,HIGH,HIGH,NORMAL,FALSE,HIGH,NORMAL,HIGH,HIGH,ZERO,FALSE,LOW,ZERO,LOW,HIGH,FALSE,TRUE,HIGH,HIGH,LOW,FALSE,HIGH,ZERO,NORMAL,FALSE,NORMAL
FALSE,FALSE,LOW,FALSE,HIGH,TRUE,HIGH,HIGH,NORMAL,HIGH,LOW,ZERO,HIGH,HIGH,NORMAL,FALSE,NORMAL,LOW,NORMAL,NORMAL,ZERO,FALSE,LOW,ZERO,LOW,NORMAL,FALSE,FALSE,NORMAL,NORMAL,LOW,FALSE,HIGH,ZERO,NORMAL,FALSE,NORMAL
FALSE,FALSE,NORMAL,FALSE,HIGH,FALSE,HIGH,NORMAL,NORMAL,HIGH,NORMAL,LOW,HIGH,HIGH,NORMAL,FALSE,NORMAL,NORMAL,NORMAL,NORMAL,ZERO,FALSE,LOW,ZERO,LOW,HIGH,FALSE,FALSE,HIGH,NORMAL,LOW,FALSE,HIGH,ZERO,NORMAL,FALSE,NORMAL
FALSE,FALSE,NORMAL,FALSE,HIGH,FALSE,HIGH,HIGH,NORMAL,LOW,NORMAL,LOW,HIGH,HIGH,NORMAL,FALSE,NORMAL,NORMAL,LOW,NORMAL,ZERO,FALSE,LOW,ZERO,LOW,HIGH,FALSE,FALSE,HIGH,NORMAL,LOW,FALSE,HIGH,ZERO,NORMAL,FALSE,NORMAL
FALSE,FALSE,NORMAL,FALSE,HIGH,FALSE,HIGH,HIGH,NORMAL,HIGH,NORMAL,LOW,HIGH,HIGH,ONESIDED,FALSE,HIGH,NORMAL,NORMAL,HIGH,LOW,FALSE,LOW,LOW,NORMAL,HIGH,FALSE,TRUE,HIGH,HIGH,LOW,FALSE,HIGH,LOW,NORMAL,FALSE,HIGH
FALSE,FALSE,NORMAL,FALSE,HIGH,TRUE,HIGH,HIGH,NORMAL,LOW,NORMAL,LOW,HIGH,HIGH,NORMAL,FALSE,NORMAL,NORMAL,LOW,NORMAL,ZERO,FALSE,LOW,ZERO,LOW,NORMAL,FALSE,FALSE,NORMAL,NORMAL,LOW,FALSE,HIGH,ZERO,NORMAL,FALSE,NORMAL
FALSE,FALSE,NORMAL,FALSE,HIGH,FALSE,HIGH,LOW,NORMAL,HIGH,NORMAL,LOW,HIGH,HIGH,NORMAL,FALSE,NORMAL,NORMAL,NORMAL,NORMAL,ZERO,FALSE,LOW,ZERO,LOW,HIGH,FALSE,FALSE,HIGH,NORMAL,LOW,FALSE,HIGH,ZERO,NORMAL,FALSE,NORMAL
FALSE,FALSE,NORMAL,FALSE,HIGH,FALSE,HIGH,HIGH,NORMAL,HIGH,NORMAL,LOW,HIGH,HIGH,NORMAL,FALSE,NORMAL,NORMAL,HIGH,NORMAL,ZERO,FALSE,LOW,ZERO,LOW,HIGH,FALSE,FALSE,LOW,NORMAL,LOW,FALSE,HIGH,ZERO,NORMAL,FALSE,NORMAL
TRUE,FALSE,NORMAL,FALSE,HIGH,FALSE,HIGH,HIGH,NORMAL,LOW,HIGH,NORMAL,HIGH,HIGH,NORMAL,FALSE,NORMAL,HIGH,LOW,LOW,HIGH,FALSE,LOW,LOW,HIGH,HIGH,FALSE,FALSE,HIGH,NORMAL,LOW,FALSE,HIGH,LOW,NORMAL,FALSE,HIGH
FALSE,FALSE,NORMAL,FALSE,LOW,FALSE,HIGH,LOW,NORMAL,HIGH,NORMAL,LOW,HIGH,HIGH,NORMAL,FALSE,NORMAL,NORMAL,NORMAL,NORMAL,LOW,FALSE,HIGH,HIGH,LOW,HIGH,FALSE,FALSE,HIGH,NORMAL,HIGH,FALSE,HIGH,HIGH,NORMAL,FALSE,NORMAL
FALSE,FALSE,NORMAL,FALSE,HIGH,FALSE,HIGH,LOW,NORMAL,NORMAL,NORMAL,LOW,HIGH,HIGH,NORMAL,FALSE,NORMAL,NORMAL,NORMAL,NORMAL,ZERO,FALSE,LOW,ZERO,LOW,HIGH,FALSE,FALSE,HIGH,NORMAL,LOW,FALSE,HIGH,ZERO,NORMAL,FALSE,NORMAL
FALSE,FALSE,NORMAL,FALSE,HIGH,FALSE,LOW,HIGH,NORMAL,LOW,NORMAL,LOW,HIGH,NORMAL,NORMAL,FALSE,NORMAL,NORMAL,LOW,NORMAL,ZERO,FALSE,LOW,ZERO,LOW,LOW,FALSE,FALSE,LOW,NORMAL,LOW,FALSE,NORMAL,ZERO,NORMAL,FALSE,NORMAL
FALSE,FALSE,NORMAL,FALSE,HIGH,FALSE,HIGH,HIGH,NORMAL,HIGH,NORMAL,LOW,HIGH,HIGH,NORMAL,FALSE,NORMAL,NORMAL,NORMAL,NORMAL,ZERO,FALSE,LOW,ZERO,NORMAL,HIGH,FALSE,TRUE,HIGH,NORMAL,LOW,FALSE,HIGH,ZERO,NORMAL,FALSE,NORMAL
FALSE,FALSE,NORMAL,FALSE,HIGH,FALSE,LOW,HIGH,NORMAL,HIGH,NORMAL,NORMAL,NORMAL,NORMAL,NORMAL,FALSE,NORMAL,NORMAL,HIGH,NORMAL,HIGH,FALSE,LOW,NORMAL,HIGH,LOW,FALSE,FALSE,LOW,NORMAL,HIGH,FALSE,NORMAL,LOW,NORMAL,FALSE,NORMAL
FALSE,FALSE,NORMAL,FALSE,HIGH,FALSE,HIGH,LOW,NORMAL,NORMAL,NORMAL,LOW,HIGH,HIGH,NORMAL,FALSE,NORMAL,NORMAL,NORMAL,NORMAL,ZERO,FALSE,LOW,ZERO,LOW,HIGH,FALSE,FALSE,HIGH,NORMAL,LOW,FALSE,HIGH,ZERO,NORMAL,FALSE,NORMAL
FALSE,FALSE,NORMAL,FALSE,HIGH,FALSE,HIGH,HIGH,NORMAL,HIGH,NORMAL,LOW,HIGH,HIGH,NORMAL,FALSE,LOW,NORMAL,NORMAL,LOW,ZERO,FALSE,LOW,ZERO,LOW,HIGH,FALSE,FALSE,HIGH,LOW,LOW,FALSE,HIGH,ZERO,NORMAL,FALSE,NORMAL
FALSE,FALSE,NORMAL,FALSE,LOW,FALSE,HIGH,LOW,NORMAL,HIGH,HIGH,HIGH,HIGH,HIGH,NORMAL,FALSE,HIGH,HIGH,NORMAL,NORMAL,LOW,FALSE,HIGH,HIGH,LOW,HIGH,FALSE,FALSE,HIGH,NORMAL,HIGH,FALSE,HIGH,HIGH,HIGH,FALSE,NORMAL
FALSE,FALSE,NORMAL,FALSE,HIGH,FALSE,HIGH,HIGH,NORMAL,HIGH,NORMAL,LOW,HIGH,HIGH,NORMAL,FALSE,NORMAL,NORMAL,NORMAL,NORMAL,ZERO,FALSE,LOW,ZERO,LOW,HIGH,FALSE,FALSE,HIGH,NORMAL,LOW,FALSE,HIGH,ZERO,NORMAL,FALSE,NORMAL
FALSE,FALSE,NORMAL,FALSE,HIGH,FALSE,HIGH,LOW,NORMAL,LOW,NORMAL,LOW,HIGH,HIGH,NORMAL,FALSE,NORMAL,NORMAL,LOW,NORMAL,ZERO,TRUE,LOW,ZERO,LOW,HIGH,FALSE,FALSE,HIGH,NORMAL,LOW,FALSE,HIGH,ZERO,NORMAL,FALSE,NORMAL
FALSE,FALSE,NORMAL,FALSE,HIGH,TRUE,NORMAL,HIGH,NORMAL,NORMAL,NORMAL,LOW,HIGH,HIGH,ONESIDED,TRUE,NORMAL,NORMAL,NORMAL,NORMAL,LOW,FALSE,LOW,ZERO,NORMAL,NORMAL,FALSE,FALSE,NORMAL,NORMAL,LOW,FALSE,HIGH,LOW,NORMAL,FALSE,HIGH
FALSE,FALSE,HIGH,TRUE,HIGH,FALSE,HIGH,HIGH,NORMAL,LOW,NORMAL,LOW,HIGH,LOW,NORMAL,FALSE,LOW,NORMAL,HIGH,LOW,ZERO,FALSE,LOW,ZERO,LOW,HIGH,TRUE,FALSE,HIGH,LOW,LOW,FALSE,HIGH,ZERO,LOW,FALSE,NORMAL
FALSE,FALSE,NORMAL,FALSE,HIGH,FALSE,HIGH,NORMAL,NORMAL,HIGH,NORMAL,LOW,HIGH,HIGH,NORMAL,FALSE,NORMAL,NORMAL,HIGH,NORMAL,ZERO,FALSE,LOW,ZERO,LOW,HIGH,FALSE,FALSE,HIGH,NORMAL,LOW,FALSE,HIGH,ZERO,NORMAL,FALSE,NORMAL
TRUE,FALSE,NORMAL,FALSE,NORMAL,TRUE,HIGH,LOW,NORMAL,HIGH,HIGH,NORMAL,HIGH,HIGH,ONESIDED,FALSE,NORMAL,HIGH,NORMAL,NORMAL,ZERO,FALSE,LOW,NORMAL,LOW,NORMAL,FALSE,TRUE,NORMAL,NORMAL,LOW,FALSE,HIGH,NORMAL,NORMAL,FALSE,HIGH
FALSE,FALSE,NORMAL,FALSE,HIGH,FALSE,LOW,HIGH,NORMAL,LOW,NORMAL,LOW,HIGH,LOW,NORMAL,TRUE,HIGH,NORMAL,LOW,HIGH,ZERO,FALSE,LOW,ZERO,LOW,LOW,FALSE,TRUE,LOW,HIGH,LOW,FALSE,NORMAL,ZERO,LOW,FALSE,NORMAL
FALSE,FALSE,HIGH,FALSE,HIGH,FALSE,NORMAL,NORMAL,NORMAL,NORMAL,NORMAL,LOW,HIGH,HIGH,NORMAL,TRUE,NORMAL,NORMAL,HIGH,NORMAL,ZERO,FALSE,LOW,ZERO,LOW,HIGH,FALSE,FALSE,HIGH,NORMAL,LOW,TRUE,HIGH,ZERO,NORMAL,FALSE,HIGH
FALSE,FALSE,LOW,FALSE,HIGH,FALSE,HIGH,HIGH,NORMAL,LOW,NORMAL,LOW,HIGH,LOW,NORMAL,FALSE,HIGH,NORMAL,LOW,HIGH,ZERO,FALSE,LOW,ZERO,LOW,HIGH,FALSE,TRUE,HIGH,HIGH,LOW,FALSE,HIGH,ZERO,LOW,FALSE,NORMAL
FALSE,FALSE,LOW,FALSE,HIGH,FALSE,NORMAL,HIGH,NORMAL,HIGH,NORMAL,LOW,HIGH,HIGH,NORMAL,TRUE,HIGH,NORMAL,NORMAL,NORMAL,ZERO,FALSE,LOW,ZERO,LOW,HIGH,FALSE,TRUE,HIGH,HIGH,LOW,FALSE,HIGH,ZERO,NORMAL,FALSE,NORMAL
FALSE,FALSE,HIGH,FALSE,HIGH,FALSE,HIGH,HIGH,NORMAL,LOW,NORMAL,LOW,HIGH,HIGH,NORMAL,FALSE,LOW,NORMAL,LOW,LOW,ZERO,FALSE,LOW,ZERO,LOW,HIGH,FALSE,TRUE,HIGH,LOW,LOW,FALSE,HIGH,ZERO,NORMAL,TRUE,NORMAL
TRUE,FALSE,NORMAL,FALSE,LOW,FALSE,HIGH,HIGH,NORMAL,LOW,NORMAL,ZERO,HIGH,HIGH,NORMAL,FALSE,NORMAL,NORMAL,LOW,NORMAL,LOW,FALSE,HIGH,ZERO,LOW,HIGH,FALSE,FALSE,HIGH,NORMAL,HIGH,FALSE,HIGH,HIGH,NORMAL,FALSE,NORMAL
FALSE,FALSE,NORMAL,FALSE,LOW,FALSE,HIGH,HIGH,NORMAL,NORMAL,ZERO,ZERO,HIGH,HIGH,NORMAL,FALSE,NORMAL,NORMAL,NORMAL,NORMAL,LOW,FALSE,HIGH,HIGH,LOW,HIGH,FALSE,FALSE,HIGH,NORMAL,HIGH,FALSE,HIGH,HIGH,NORMAL,FALSE,NORMAL
FALSE,FALSE,LOW,FALSE,HIGH,FALSE,HIGH,NORMAL,NORMAL,HIGH,NORMAL,LOW,HIGH,HIGH,NORMAL,FALSE,NORMAL,NORMAL,NORMAL,NORMAL,ZERO,FALSE,LOW,ZERO,LOW,HIGH,FALSE,FALSE,HIGH,NORMAL,LOW,FALSE,HIGH,ZERO,NORMAL,FALSE,NORMAL
FALSE,FALSE,NORMAL,FALSE,HIGH,FALSE,HIGH,HIGH,NORMAL,LOW,NORMAL,LOW,HIGH,HIGH,NORMAL,FALSE,NORMAL,NORMAL,LOW,NORMAL,ZERO,FALSE,LOW,ZERO,LOW,HIGH,FALSE,FALSE,HIGH,NORMAL,LOW,FALSE,HIGH,ZERO,NORMAL,FALSE,NORMAL
FALSE,FALSE,HIGH,FALSE,HIGH,TRUE,NORMAL,LOW,NORMAL,LOW,NORMAL,LOW,HIGH,LOW,NORMAL,TRUE,HIGH,NORMAL,LOW,HIGH,ZERO,FALSE,LOW,ZERO,LOW,NORMAL,FALSE,TRUE,NORMAL,HIGH,LOW,TRUE,HIGH,ZERO,LOW,FALSE,HIGH
FALSE,FALSE,NORMAL,FALSE,HIGH,FALSE,LOW,HIGH,NORMAL,HIGH,NORMAL,LOW,NORMAL,NORMAL,NORMAL,FALSE,NORMAL,NORMAL,HIGH,NORMAL,ZERO,FALSE,LOW,ZERO,LOW,LOW,FALSE,TRUE,LOW,NORMAL,LOW,FALSE,NORMAL,ZERO,NORMAL,FALSE,NORMAL
FALSE,FALSE,NORMAL,FALSE,HIGH,FALSE,HIGH,HIGH,NORMAL,LOW,ZERO,ZERO,HIGH,HIGH,NORMAL,FALSE,NORMAL,HIGH,LOW,NORMAL,ZERO,FALSE,LOW,ZERO,LOW,HIGH,FALSE,FALSE,HIGH,NORMAL,LOW,FALSE,HIGH,ZERO,NORMAL,FALSE,NORMAL
FALSE,FALSE,NORMAL,FALSE,HIGH,FALSE,NORMAL,LOW,NORMAL,NORMAL,HIGH,HIGH,HIGH,HIGH,NORMAL,TRUE,NORMAL,HIGH,NORMAL,NORMAL,ZERO,FALSE,LOW,ZERO,LOW,HIGH,FALSE,FALSE,HIGH,NORMAL,LOW,FALSE,HIGH,ZERO,NORMAL,TRUE,NORMAL
FALSE,FALSE,NORMAL,FALSE,HIGH,FALSE,HIGH,LOW,NORMAL,LOW,NORMAL,LOW,HIGH,LOW,NORMAL,FALSE,HIGH,NORMAL,LOW,HIGH,ZERO,FALSE,LOW,ZERO,LOW,HIGH,FALSE,TRUE,HIGH,HIGH,LOW,FALSE,HIGH,ZERO,LOW,FALSE,NORMAL
FALSE,TRUE,NORMAL,FALSE,HIGH,FALSE,HIGH,NORMAL,NORMAL,HIGH,NORMAL,LOW,HIGH,HIGH,NORMAL,FALSE,HIGH,NORMAL,NORMAL,HIGH,ZERO,FALSE,LOW,ZERO,LOW,HIGH,FALSE,TRUE,HIGH,HIGH,LOW,FALSE,HIGH,ZERO,NORMAL,FALSE,NORMAL
FALSE,FALSE,NORMAL,TRUE,HIGH,FALSE,HIGH,NORMAL,NORMAL,HIGH,NORMAL,LOW,HIGH,HIGH,NORMAL,FALSE,LOW,NORMAL,NORMAL,LOW,ZERO,FALSE,LOW,ZERO,LOW,HIGH,TRUE,FALSE,HIGH,LOW,LOW,FALSE,HIGH,ZERO,LOW,FALSE,NORMAL
FALSE,FALSE,HIGH,FALSE,HIGH,FALSE,HIGH,HIGH,NORMAL,NORMAL,NORMAL,ZERO,HIGH,HIGH,NORMAL,FALSE,NORMAL,NORMAL,NORMAL,NORMAL,ZERO,FALSE,LOW,ZERO,LOW,HIGH,FALSE,FALSE,HIGH,NORMAL,LOW,FALSE,HIGH,ZERO,NORMAL,FALSE,NORMAL
FALSE,FALSE,NORMAL,FALSE,HIGH,FALSE,HIGH,LOW,NORMAL,HIGH,ZERO,LOW,HIGH,HIGH,NORMAL,FALSE,HIGH,NORMAL,NORMAL,LOW,ZERO,FALSE,LOW,ZERO,LOW,HIGH,FALSE,TRUE,HIGH,HIGH,LOW,FALSE,HIGH,ZERO,NORMAL,FALSE,NORMAL
FALSE,FALSE,NORMAL,FALSE,HIGH,FALSE,HIGH,HIGH,NORMAL,HIGH,NORMAL,LOW,HIGH,HIGH,NORMAL,FALSE,NORMAL,NORMAL,HIGH,NORMAL,ZERO,FALSE,LOW,ZERO,LOW,HIGH,FALSE,FALSE,HIGH,NORMAL,LOW,FALSE,HIGH,ZERO,NORMAL,FALSE,NORMAL
FALSE,FALSE,NORMAL,FALSE,LOW,FALSE,HIGH,HIGH,NORMAL,HIGH,LOW,ZERO,HIGH,HIGH,NORMAL,FALSE,LOW,NORMAL,NORMAL,LOW,LOW,FALSE,HIGH,HIGH,LOW,HIGH,FALSE,FALSE,HIGH,LOW,HIGH,FALSE,HIGH,HIGH,NORMAL,FALSE,NORMAL
FALSE,FALSE,NORMAL,FALSE,HIGH,FALSE,HIGH,LOW,NORMAL,HIGH,NORMAL,LOW,HIGH,HIGH,NORMAL,FALSE,NORMAL,NORMAL,HIGH,NORMAL,ZERO,FALSE,LOW,ZERO,LOW,HIGH,FALSE,FALSE,HIGH,NORMAL,LOW,FALSE,HIGH,ZERO,NORMAL,FALSE,NORMAL
FALSE,FALSE,NORMAL,FALSE,HIGH,TRUE,HIGH,NORMAL,NORMAL,HIGH,NORMAL,LOW,HIGH,HIGH,NORMAL,FALSE,NORMAL,NORMAL,NORMAL,NORMAL,ZERO,FALSE,LOW,ZERO,LOW,NORMAL,FALSE,FALSE,NORMAL,NORMAL,LOW,FALSE,HIGH,ZERO,NORMAL,FALSE,NORMAL
FALSE,TRUE,NORMAL,FALSE,HIGH,FALSE,HIGH,HIGH,NORMAL,LOW,NORMAL,LOW,HIGH,LOW,ONESIDED,FALSE,NORMAL,NORMAL,LOW,NORMAL,LOW,FALSE,LOW,LOW,NORMAL,HIGH,FALSE,FALSE,HIGH,NORMAL,LOW,FALSE,HIGH,LOW,LOW,FALSE,HIGH
TRUE,FALSE,LOW,FALSE,HIGH,FALSE,NORMAL,HIGH,LOW,LOW,NORMAL,ZERO,HIGH,NORMAL,NORMAL,TRUE,NORMAL,NORMAL,NORMAL,NORMAL,HIGH,FALSE,LOW,LOW,HIGH,LOW,FALSE,FALSE,NORMAL,NORMAL,LOW,FALSE,NORMAL,LOW,NORMAL,FALSE,NORMAL
FALSE,FALSE,NORMAL,FALSE,HIGH,FALSE,LOW,HIGH,NORMAL,HIGH,NORMAL,LOW,NORMAL,NORMAL,NORMAL,FALSE,LOW,NORMAL,HIGH,LOW,HIGH,FALSE,LOW,LOW,HIGH,LOW,FALSE,TRUE,LOW,LOW,LOW,FALSE,NORMAL,LOW,NORMAL,FALSE,NORMAL
FALSE,FALSE,NORMAL,FALSE,HIGH,FALSE,HIGH,HIGH,NORMAL,LOW,LOW,ZERO,HIGH,LOW,NORMAL,FALSE,HIGH,LOW,LOW,NORMAL,ZERO,FALSE,LOW,ZERO,LOW,HIGH,FALSE,TRUE,HIGH,HIGH,LOW,FALSE,HIGH,ZERO,LOW,FALSE,NORMAL
FALSE,FALSE,NORMAL,FALSE,HIGH,FALSE,HIGH,HIGH,NORMAL,HIGH,NORMAL,LOW,HIGH,HIGH,NORMAL,FALSE,HIGH,NORMAL,NORMAL,HIGH,ZERO,FALSE,LOW,ZERO,LOW,HIGH,FALSE,TRUE,HIGH,HIGH,LOW,FALSE,HIGH,ZERO,NORMAL,FALSE,NORMAL
FALSE,FALSE,NORMAL,TRUE,NORMAL,FALSE,HIGH,ZERO,LOW,NORMAL,NORMAL,LOW,HIGH,HIGH,NORMAL,FALSE,LOW,NORMAL,NORMAL,NORMAL,ZERO,FALSE,LOW,ZERO,LOW,HIGH,FALSE,FALSE,HIGH,NORMAL,LOW,FALSE,HIGH,NORMAL,NORMAL,FALSE,NORMAL
FALSE,FALSE,HIGH,FALSE,HIGH,FALSE,LOW,HIGH,NORMAL,LOW,NORMAL,LOW,NORMAL,NORMAL,NORMAL,FALSE,HIGH,NORMAL,HIGH,HIGH,ZERO,FALSE,LOW,ZERO,LOW,LOW,FALSE,FALSE,LOW,HIGH,LOW,FALSE,NORMAL,ZERO,NORMAL,FALSE,NORMAL
FALSE,FALSE,HIGH,FALSE,HIGH,FALSE,HIGH,LOW,NORMAL,LOW,NORMAL,LOW,HIGH,LOW,NORMAL,FALSE,HIGH,NORMAL,NORMAL,HIGH,ZERO,FALSE,LOW,ZERO,LOW,HIGH,FALSE,TRUE,HIGH,HIGH,LOW,FALSE,HIGH,ZERO,LOW,FALSE,NORMAL
FALSE,FALSE,NORMAL,FALSE,LOW,FALSE,HIGH,LOW,NORMAL,HIGH,HIGH,HIGH,HIGH,HIGH,NORMAL,FALSE,NORMAL,NORMAL,NORMAL,NORMAL,LOW,FALSE,HIGH,HIGH,LOW,HIGH,FALSE,FALSE,HIGH,NORMAL,HIGH,FALSE,HIGH,HIGH,NORMAL,FALSE,NORMAL
FALSE,FALSE,NORMAL,FALSE,HIGH,FALSE,HIGH,LOW,NORMAL,LOW,NORMAL,LOW,HIGH,NORMAL,NORMAL,FALSE,HIGH,NORMAL,LOW,HIGH,LOW,FALSE,HIGH,HIGH,NORMAL,HIGH,FALSE,TRUE,HIGH,HIGH,HIGH,FALSE,HIGH,HIGH,LOW,FALSE,HIGH
FALSE,FALSE,NORMAL,FALSE,HIGH,FALSE,HIGH,HIGH,NORMAL,LOW,NORMAL,LOW,HIGH,HIGH,NORMAL,FALSE,HIGH,NORMAL,LOW,HIGH,ZERO,FALSE,LOW,ZERO,LOW,HIGH,FALSE,TRUE,HIGH,HIGH,LOW,FALSE,HIGH,ZERO,NORMAL,FALSE,NORMAL
FALSE,FALSE,NORMAL,FALSE,HIGH,FALSE,HIGH,HIGH,NORMAL,HIGH,NORMAL,LOW,HIGH,HIGH,ONESIDED,FALSE,NORMAL,NORMAL,NORMAL,NORMAL,LOW,FALSE,LOW,LOW,NORMAL,HIGH,FALSE,FALSE,HIGH,NORMAL,LOW,FALSE,HIGH,LOW,NORMAL,FALSE,HIGH
FALSE,FALSE,NORMAL,TRUE,HIGH,FALSE,HIGH,HIGH,NORMAL,NORMAL,NORMAL,NORMAL,HIGH,LOW,NORMAL,FALSE,LOW,NORMAL,HIGH,LOW,HIGH,FALSE,LOW,LOW,HIGH,HIGH,TRUE,FALSE,LOW,LOW,LOW,FALSE,HIGH,LOW,LOW,FALSE,NORMAL
FALSE,FALSE,NORMAL,FALSE,HIGH,FALSE,LOW,HIGH,NORMAL,HIGH,LOW,ZERO,NORMAL,NORMAL,NORMAL,FALSE,NORMAL,LOW,HIGH,NORMAL,ZERO,FALSE,LOW,ZERO,LOW,LOW,FALSE,FALSE,LOW,NORMAL,LOW,FALSE,NORMAL,ZERO,NORMAL,FALSE,NORMAL
FALSE,FALSE,NORMAL,TRUE,HIGH,FALSE,LOW,NORMAL,NORMAL,NORMAL,NORMAL,LOW,HIGH,LOW,NORMAL,FALSE,LOW,NORMAL,HIGH,LOW,ZERO,FALSE,LOW,ZERO,LOW,LOW,TRUE,FALSE,LOW,LOW,LOW,FALSE,NORMAL,ZERO,LOW,FALSE,HIGH
FALSE,FALSE,NORMAL,FALSE,HIGH,FALSE,HIGH,HIGH,LOW,NORMAL,NORMAL,LOW,HIGH,HIGH,NORMAL,FALSE,NORMAL,NORMAL,HIGH,NORMAL,ZERO,FALSE,LOW,ZERO,LOW,HIGH,FALSE,FALSE,HIGH,NORMAL,LOW,FALSE,HIGH,ZERO,NORMAL,FALSE,NORMAL
FALSE,FALSE,NORMAL,FALSE,HIGH,FALSE,HIGH,LOW,NORMAL,HIGH,NORMAL,LOW,HIGH,HIGH,NORMAL,FALSE,HIGH,NORMAL,HIGH,HIGH,ZERO,FALSE,LOW,LOW,LOW,HIGH,FALSE,FALSE,HIGH,HIGH,LOW,FALSE,HIGH,ZERO,NORMAL,FALSE,NORMAL
FALSE,TRUE,NORMAL,FALSE,HIGH,FALSE,HIGH,NORMAL,NORMAL,HIGH,NORMAL,LOW,HIGH,HIGH,NORMAL,FALSE,NORMAL,NORMAL,HIGH,NORMAL,ZERO,FALSE,LOW,ZERO,LOW,HIGH,FALSE,FALSE,HIGH,NORMAL,LOW,FALSE,HIGH,ZERO,NORMAL,FALSE,NORMAL
FALSE,FALSE,NORMAL,TRUE,HIGH,FALSE,LOW,HIGH,NORMAL,LOW,NORMAL,LOW,HIGH,LOW,NORMAL,FALSE,LOW,NORMAL,NORMAL,LOW,ZERO,FALSE,LOW,ZERO,LOW,LOW,TRUE,FALSE,LOW,LOW,NORMAL,FALSE,NORMAL,ZERO,LOW,FALSE,HIGH
FALSE,FALSE,NORMAL,FALSE,HIGH,FALSE,HIGH,NORMAL,NORMAL,HIGH,NORMAL,LOW,HIGH,HIGH,NORMAL,FALSE,HIGH,NORMAL,HIGH,HIGH,ZERO,FALSE,LOW,ZERO,LOW,HIGH,FALSE,TRUE,HIGH,HIGH,LOW,FALSE,HIGH,ZERO,NORMAL,FALSE,NORMAL
TRUE,FALSE,NORMAL,FALSE,LOW,FALSE,LOW,HIGH,NORMAL,HIGH,NORMAL,ZERO,NORMAL,NORMAL,NORMAL,FALSE,HIGH,NORMAL,HIGH,NORMAL,LOW,FALSE,HIGH,HIGH,LOW,LOW,FALSE,TRUE,LOW,HIGH,HIGH,FALSE,NORMAL,HIGH,NORMAL,FALSE,NORMAL
FALSE,FALSE,NORMAL,FALSE,HIGH,FALSE,HIGH,HIGH,NORMAL,HIGH,NORMAL,LOW,HIGH,HIGH,NORMAL,FALSE,NORMAL,NORMAL,NORMAL,NORMAL,ZERO,FALSE,LOW,ZERO,LOW,HIGH,FALSE,FALSE,HIGH,NORMAL,LOW,FALSE,HIGH,LOW,NORMAL,FALSE,NORMAL
FALSE,FALSE,NORMAL,FALSE,HIGH,FALSE,HIGH,LOW,NORMAL,NORMAL,NORMAL,LOW,HIGH,HIGH,NORMAL,FALSE,HIGH,NORMAL,NORMAL,HIGH,ZERO,FALSE,LOW,ZERO,LOW,HIGH,FALSE,TRUE,HIGH,HIGH,NORMAL,FALSE,HIGH,ZERO,NORMAL,FALSE,NORMAL
FALSE,FALSE,NORMAL,FALSE,NORMAL,FALSE,NORMAL,LOW,NORMAL,NORMAL,NORMAL,LOW,NORMAL,LOW,NORMAL,FALSE,NORMAL,NORMAL,HIGH,NORMAL,ZERO,FALSE,LOW,ZERO,LOW,LOW,FALSE,FALSE,HIGH,NORMAL,LOW,FALSE,LOW,ZERO,NORMAL,FALSE,NORMAL
FALSE,FALSE,NORMAL,FALSE,HIGH,FALSE,HIGH,LOW,NORMAL,LOW,NORMAL,LOW,HIGH,HIGH,NORMAL,FALSE,NORMAL,NORMAL,LOW,NORMAL,ZERO,FALSE,LOW,ZERO,LOW,HIGH,FALSE,FALSE,HIGH,NORMAL,LOW,FALSE,HIGH,ZERO,NORMAL,FALSE,NORMAL
FALSE,FALSE,NORMAL,FALSE,LOW,FALSE,HIGH,HIGH,NORMAL,HIGH,ZERO,ZERO,HIGH,HIGH,NORMAL,FALSE,NORMAL,NORMAL,NORMAL,NORMAL,LOW,FALSE,HIGH,HIGH,LOW,HIGH,FALSE,FALSE,HIGH,NORMAL,HIGH,FALSE,HIGH,HIGH,NORMAL,FALSE,NORMAL
FALSE,FALSE,NORMAL,FALSE,LOW,FALSE,HIGH,HIGH,NORMAL,LOW,LOW,ZERO,HIGH,LOW,NORMAL,FALSE,HIGH,LOW,LOW,HIGH,LOW,FALSE,HIGH,HIGH,LOW,HIGH,FALSE,TRUE,HIGH,HIGH,HIGH,FALSE,HIGH,HIGH,LOW,FALSE,NORMAL
FALSE,FALSE,NORMAL,FALSE,HIGH,FALSE,NORMAL,HIGH,NORMAL,LOW,NORMAL,LOW,HIGH,LOW,ESOPHAGEAL,FALSE,NORMAL,NORMAL,NORMAL,NORMAL,ZERO,FALSE,LOW,LOW,LOW,HIGH,FALSE,FALSE,HIGH,NORMAL,LOW,FALSE,LOW,LOW,NORMAL,FALSE,NORMAL
FALSE,FALSE,NORMAL,FALSE,HIGH,TRUE,HIGH,HIGH,LOW,NORMAL,NORMAL,LOW,HIGH,NORMAL,NORMAL,FALSE,NORMAL,NORMAL,NORMAL,NORMAL,ZERO,FALSE,LOW,ZERO,LOW,NORMAL,FALSE,FALSE,NORMAL,NORMAL,LOW,FALSE,HIGH,ZERO,NORMAL,FALSE,NORMAL
FALSE,FALSE,NORMAL,FALSE,NORMAL,FALSE,HIGH,HIGH,NORMAL,LOW,NORMAL,LOW,HIGH,HIGH,ONESIDED,FALSE,NORMAL,NORMAL,LOW,NORMAL,ZERO,FALSE,LOW,NORMAL,LOW,HIGH,FALSE,FALSE,HIGH,NORMAL,LOW,FALSE,HIGH,NORMAL,NORMAL,FALSE,HIGH
FALSE,FALSE,NORMAL,FALSE,LOW,FALSE,HIGH,NORMAL,NORMAL,HIGH,NORMAL,LOW,HIGH,HIGH,NORMAL,FALSE,NORMAL,NORMAL,HIGH,NORMAL,LOW,FALSE,HIGH,HIGH,LOW,HIGH,FALSE,FALSE,HIGH,NORMAL,HIGH,FALSE,HIGH,HIGH,NORMAL,FALSE,NORMAL
FALSE,FALSE,NORMAL,FALSE,HIGH,FALSE,HIGH,NORMAL,NORMAL,LOW,NORMAL,LOW,HIGH,LOW,NORMAL,FALSE,NORMAL,NORMAL,LOW,NORMAL,ZERO,FALSE,LOW,ZERO,LOW,HIGH,FALSE,FALSE,HIGH,NORMAL,LOW,FALSE,HIGH,ZERO,LOW,FALSE,NORMAL
FALSE,FALSE,NORMAL,FALSE,HIGH,FALSE,HIGH,NORMAL,NORMAL,LOW,NORMAL,LOW,HIGH,HIGH,NORMAL,FALSE,NORMAL,NORMAL,LOW,NORMAL,ZERO,FALSE,LOW,ZERO,LOW,HIGH,FALSE,FALSE,HIGH,NORMAL,LOW,FALSE,HIGH,ZERO,NORMAL,FALSE,NORMAL
FALSE,FALSE,LOW,FALSE,HIGH,FALSE,HIGH,LOW,NORMAL,LOW,NORMAL,LOW,HIGH,NORMAL,NORMAL,FALSE,HIGH,NORMAL,NORMAL,NORMAL,ZERO,FALSE,LOW,ZERO,LOW,HIGH,FALSE,FALSE,HIGH,HIGH,LOW,FALSE,HIGH,ZERO,NORMAL,FALSE,NORMAL
FALSE,FALSE,NORMAL,FALSE,HIGH,TRUE,HIGH,LOW,NORMAL,LOW,NORMAL,LOW,HIGH,HIGH,NORMAL,FALSE,LOW,NORMAL,LOW,LOW,ZERO,FALSE,LOW,ZERO,LOW,NORMAL,FALSE,FALSE,NORMAL,LOW,LOW,FALSE,HIGH,ZERO,NORMAL,FALSE,NORMAL
FALSE,FALSE,NORMAL,FALSE,HIGH,FALSE,HIGH,NORMAL,NORMAL,LOW,NORMAL,LOW,HIGH,HIGH,NORMAL,FALSE,NORMAL,NORMAL,LOW,NORMAL,ZERO,FALSE,LOW,ZERO,LOW,HIGH,FALSE,FALSE,HIGH,NORMAL,LOW,FALSE,HIGH,ZERO,NORMAL,FALSE,NORMAL
FALSE,FALSE,NORMAL,FALSE,HIGH,FALSE,LOW,LOW,NORMAL,HIGH,NORMAL,LOW,NORMAL,NORMAL,NORMAL,FALSE,NORMAL,NORMAL,HIGH,NORMAL,ZERO,FALSE,LOW,ZERO,LOW,LOW,FALSE,FALSE,LOW,NORMAL,LOW,FALSE,NORMAL,ZERO,NORMAL,FALSE,NORMAL
FALSE,FALSE,NORMAL,FALSE,LOW,FALSE,LOW,HIGH,NORMAL,HIGH,LOW,ZERO,NORMAL,NORMAL,NORMAL,FALSE,NORMAL,LOW,HIGH,NORMAL,LOW,FALSE,HIGH,HIGH,LOW,LOW,FALSE,FALSE,LOW,NORMAL,HIGH,FALSE,NORMAL,HIGH,NORMAL,FALSE,NORMAL
FALSE,FALSE,NORMAL,FALSE,HIGH,FALSE,HIGH,LOW,NORMAL,HIGH,NORMAL,LOW,HIGH,HIGH,NORMAL,FALSE,NORMAL,NORMAL,NORMAL,NORMAL,ZERO,FALSE,LOW,ZERO,LOW,HIGH,FALSE,FALSE,HIGH,NORMAL,LOW,FALSE,HIGH,ZERO,HIGH,FALSE,NORMAL
TRUE,FALSE,NORMAL,FALSE,LOW,FALSE,LOW,HIGH,NORMAL,HIGH,NORMAL,ZERO,NORMAL,NORMAL,NORMAL,FALSE,NORMAL,NORMAL,HIGH,NORMAL,LOW,FALSE,HIGH,HIGH,LOW,LOW,FALSE,FALSE,LOW,NORMAL,HIGH,FALSE,NORMAL,HIGH,NORMAL,FALSE,NORMAL
FALSE,FALSE,NORMAL,FALSE,HIGH,FALSE,HIGH,HIGH,NORMAL,LOW,NORMAL,LOW,HIGH,NORMAL,ESOPHAGEAL,FALSE,NORMAL,NORMAL,LOW,NORMAL,ZERO,FALSE,LOW,LOW,LOW,HIGH,FALSE,FALSE,HIGH,NORMAL,LOW,FALSE,HIGH,LOW,LOW,FALSE,NORMAL
FALSE,FALSE,NORMAL,FALSE,HIGH,FALSE,LOW,HIGH,NORMAL,LOW,NORMAL,LOW,HIGH,NORMAL,NORMAL,FALSE,NORMAL,NORMAL,LOW,NORMAL,ZERO,FALSE,LOW,ZERO,LOW,LOW,FALSE,FALSE,LOW,NORMAL,LOW,FALSE,NORMAL,ZERO,NORMAL,FALSE,NORMAL
FALSE,FALSE,NORMAL,TRUE,HIGH,FALSE,HIGH,LOW,NORMAL,LOW,NORMAL,LOW,HIGH,LOW,NORMAL,FALSE,LOW,NORMAL,HIGH,LOW,ZERO,FALSE,LOW,ZERO,LOW,HIGH,TRUE,FALSE,HIGH,LOW,LOW,FALSE,HIGH,ZERO,LOW,FALSE,NORMAL
FALSE,FALSE,NORMAL,FALSE,HIGH,FALSE,HIGH,LOW,NORMAL,LOW,NORMAL,LOW,HIGH,LOW,NORMAL,FALSE,HIGH,NORMAL,NORMAL,HIGH,ZERO,FALSE,LOW,ZERO,LOW,HIGH,FALSE,TRUE,HIGH,HIGH,LOW,FALSE,HIGH,ZERO,LOW,TRUE,NORMAL
FALSE,FALSE,NORMAL,FALSE,LOW,FALSE,HIGH,NORMAL,NORMAL,LOW,HIGH,HIGH,HIGH,HIGH,NORMAL,FALSE,NORMAL,HIGH,LOW,NORMAL,LOW,FALSE,HIGH,HIGH,LOW,HIGH,FALSE,FALSE,HIGH,NORMAL,NORMAL,FALSE,HIGH,HIGH,NORMAL,FALSE,HIGH
FALSE,FALSE,NORMAL,FALSE,HIGH,FALSE,HIGH,LOW,NORMAL,HIGH,NORMAL,LOW,HIGH,HIGH,NORMAL,FALSE,NORMAL,NORMAL,HIGH,NORMAL,ZERO,FALSE,LOW,LOW,LOW,HIGH,FALSE,FALSE,HIGH,NORMAL,LOW,FALSE,HIGH,ZERO,NORMAL,FALSE,NORMAL
FALSE,FALSE,NORMAL,FALSE,HIGH,FALSE,HIGH,HIGH,NORMAL,NORMAL,NORMAL,LOW,NORMAL,NORMAL,NORMAL,TRUE,NORMAL,NORMAL,HIGH,NORMAL,ZERO,FALSE,LOW,ZERO,LOW,LOW,FALSE,FALSE,LOW,NORMAL,LOW,FALSE,NORMAL,ZERO,NORMAL,FALSE,NORMAL
FALSE,FALSE,NORMAL,FALSE,NORMAL,FALSE,HIGH,ZERO,NORMAL,HIGH,NORMAL,LOW,HIGH,HIGH,ONESIDED,FALSE,NORMAL,NORMAL,HIGH,NORMAL,ZERO,FALSE,LOW,NORMAL,LOW,HIGH,FALSE,FALSE,HIGH,NORMAL,LOW,FALSE,HIGH,NORMAL,NORMAL,FALSE,HIGH
FALSE,TRUE,NORMAL,FALSE,HIGH,FALSE,HIGH,HIGH,NORMAL,NORMAL,NORMAL,LOW,HIGH,HIGH,NORMAL,FALSE,NORMAL,NORMAL,NORMAL,NORMAL,ZERO,FALSE,LOW,ZERO,LOW,HIGH,FALSE,FALSE,HIGH,NORMAL,LOW,FALSE,HIGH,ZERO,HIGH,FALSE,NORMAL
FALSE,TRUE,NORMAL,FALSE,HIGH,FALSE,HIGH,NORMAL,NORMAL,LOW,NORMAL,LOW,HIGH,HIGH,NORMAL,FALSE,NORMAL,NORMAL,LOW,NORMAL,ZERO,FALSE,LOW,ZERO,LOW,HIGH,FALSE,FALSE,HIGH,NORMAL,LOW,FALSE,HIGH,ZERO,NORMAL,FALSE,NORMAL
FALSE,FALSE,NORMAL,FALSE,HIGH,FALSE,LOW,HIGH,NORMAL,LOW,NORMAL,LOW,NORMAL,LOW,NORMAL,FALSE,HIGH,NORMAL,HIGH,HIGH,ZERO,FALSE,LOW,ZERO,LOW,LOW,FALSE,TRUE,LOW,HIGH,NORMAL,FALSE,NORMAL,ZERO,LOW,FALSE,NORMAL
FALSE,FALSE,NORMAL,FALSE,HIGH,FALSE,HIGH,HIGH,NORMAL,NORMAL,NORMAL,LOW,HIGH,LOW,NORMAL,FALSE,HIGH,NORMAL,HIGH,HIGH,LOW,FALSE,HIGH,HIGH,NORMAL,HIGH,FALSE,TRUE,HIGH,HIGH,HIGH,FALSE,HIGH,HIGH,LOW,FALSE,NORMAL
FALSE,FALSE,LOW,FALSE,HIGH,FALSE,HIGH,LOW,NORMAL,LOW,NORMAL,LOW,HIGH,HIGH,NORMAL,FALSE,NORMAL,NORMAL,LOW,NORMAL,ZERO,FALSE,LOW,ZERO,LOW,HIGH,FALSE,FALSE,HIGH,NORMAL,LOW,FALSE,HIGH,ZERO,NORMAL,FALSE,NORMAL
FALSE,FALSE,NORMAL,FALSE,HIGH,TRUE,HIGH,NORMAL,NORMAL,HIGH,NORMAL,LOW,HIGH,HIGH,NORMAL,FALSE,NORMAL,NORMAL,NORMAL,NORMAL,ZERO,FALSE,LOW,ZERO,LOW,NORMAL,FALSE,FALSE,NORMAL,NORMAL,LOW,FALSE,HIGH,ZERO,HIGH,FALSE,NORMAL
FALSE,FALSE,NORMAL,FALSE,HIGH,FALSE,LOW,NORMAL,NORMAL,HIGH,NORMAL,LOW,HIGH,HIGH,NORMAL,FALSE,NORMAL,NORMAL,HIGH,NORMAL,ZERO,FALSE,LOW,ZERO,LOW,HIGH,FALSE,FALSE,HIGH,NORMAL,LOW,FALSE,HIGH,ZERO,NORMAL,FALSE,NORMAL
FALSE,FALSE,NORMAL,FALSE,HIGH,FALSE,HIGH,HIGH,NORMAL,HIGH,NORMAL,LOW,HIGH,HIGH,NORMAL,FALSE,LOW,NORMAL,HIGH,LOW,ZERO,FALSE,LOW,ZERO,LOW,HIGH,FALSE,FALSE,HIGH,LOW,LOW,FALSE,HIGH,ZERO,NORMAL,FALSE,NORMAL
FALSE,FALSE,NORMAL,FALSE,HIGH,FALSE,LOW,LOW,NORMAL,NORMAL,NORMAL,LOW,NORMAL,LOW,NORMAL,FALSE,NORMAL,NORMAL,HIGH,NORMAL,ZERO,FALSE,LOW,ZERO,LOW,HIGH,FALSE,FALSE,HIGH,NORMAL,LOW,FALSE,LOW,ZERO,NORMAL,FALSE,NORMAL
FALSE,FALSE,NORMAL,TRUE,HIGH,FALSE,HIGH,HIGH,NORMAL,HIGH,NORMAL,LOW,HIGH,NORMAL,ONESIDED,FALSE,LOW,NORMAL,HIGH,LOW,LOW,FALSE,LOW,ZERO,NORMAL,HIGH,TRUE,TRUE,LOW,LOW,LOW,FALSE,HIGH,LOW,LOW,FALSE,HIGH
FALSE,FALSE,NORMAL,FALSE,HIGH,FALSE,LOW,LOW,NORMAL,NORMAL,NORMAL,LOW,NORMAL,NORMAL,NORMAL,FALSE,HIGH,NORMAL,HIGH,HIGH,ZERO,FALSE,LOW,ZERO,LOW,LOW,FALSE,TRUE,LOW,HIGH,LOW,FALSE,NORMAL,ZERO,NORMAL,FALSE,NORMAL
FALSE,FALSE,NORMAL,FALSE,HIGH,FALSE,HIGH,HIGH,NORMAL,HIGH,NORMAL,LOW,HIGH,HIGH,ESOPHAGEAL,FALSE,NORMAL,NORMAL,HIGH,HIGH,LOW,FALSE,LOW,ZERO,NORMAL,HIGH,FALSE,TRUE,HIGH,HIGH,LOW,FALSE,HIGH,ZERO,NORMAL,FALSE,NORMAL
FALSE,FALSE,NORMAL,FALSE,HIGH,FALSE,HIGH,LOW,NORMAL,LOW,NORMAL,LOW,HIGH,LOW,NORMAL,FALSE,LOW,NORMAL,LOW,NORMAL,ZERO,FALSE,LOW,ZERO,LOW,HIGH,FALSE,FALSE,HIGH,NORMAL,LOW,FALSE,HIGH,ZERO,LOW,FALSE,NORMAL
FALSE,FALSE,NORMAL,FALSE,HIGH,FALSE,HIGH,NORMAL,NORMAL,LOW,NORMAL,LOW,HIGH,HIGH,NORMAL,FALSE,NORMAL,NORMAL,LOW,NORMAL,ZERO,FALSE,LOW,ZERO,LOW,HIGH,FALSE,FALSE,HIGH,NORMAL,LOW,FALSE,HIGH,ZERO,NORMAL,FALSE,NORMAL
TRUE,FALSE,NORMAL,FALSE,NORMAL,FALSE,HIGH,LOW,LOW,LOW,NORMAL,HIGH,HIGH,HIGH,NORMAL,FALSE,HIGH,NORMAL,LOW,HIGH,NORMAL,FALSE,LOW,LOW,NORMAL,HIGH,FALSE,TRUE,HIGH,HIGH,LOW,FALSE,HIGH,NORMAL,NORMAL,TRUE,NORMAL
FALSE,FALSE,NORMAL,FALSE,HIGH,FALSE,HIGH,HIGH,NORMAL,HIGH,NORMAL,LOW,HIGH,HIGH,NORMAL,FALSE,LOW,NORMAL,HIGH,NORMAL,ZERO,FALSE,LOW,ZERO,LOW,HIGH,FALSE,FALSE,HIGH,NORMAL,LOW,FALSE,HIGH,ZERO,NORMAL,FALSE,NORMAL
FALSE,FALSE,NORMAL,TRUE,HIGH,FALSE,LOW,NORMAL,NORMAL,NORMAL,NORMAL,LOW,NORMAL,LOW,NORMAL,FALSE,LOW,NORMAL,HIGH,LOW,ZERO,FALSE,LOW,ZERO,LOW,LOW,TRUE,FALSE,LOW,LOW,LOW,FALSE,NORMAL,ZERO,LOW,FALSE,HIGH
FALSE,TRUE,NORMAL,FALSE,HIGH,FALSE,HIGH,HIGH,NORMAL,LOW,NORMAL,LOW,HIGH,HIGH,ONESIDED,FALSE,NORMAL,NORMAL,LOW,NORMAL,LOW,FALSE,LOW,NORMAL,NORMAL,HIGH,FALSE,FALSE,HIGH,NORMAL,LOW,FALSE,HIGH,LOW,NORMAL,FALSE,HIGH
FALSE,FALSE,NORMAL,FALSE,HIGH,FALSE,HIGH,LOW,NORMAL,LOW,NORMAL,LOW,HIGH,NORMAL,NORMAL,FALSE,NORMAL,NORMAL,LOW,NORMAL,ZERO,FALSE,LOW,ZERO,LOW,LOW,FALSE,FALSE,LOW,NORMAL,LOW,FALSE,NORMAL,ZERO,NORMAL,FALSE,NORMAL
FALSE,FALSE,NORMAL,FALSE,HIGH,FALSE,LOW,LOW,NORMAL,HIGH,NORMAL,LOW,HIGH,NORMAL,NORMAL,FALSE,NORMAL,NORMAL,HIGH,NORMAL,ZERO,FALSE,LOW,ZERO,LOW,LOW,FALSE,FALSE,LOW,NORMAL,LOW,FALSE,NORMAL,ZERO,NORMAL,FALSE,NORMAL
FALSE,FALSE,NORMAL,FALSE,HIGH,TRUE,HIGH,HIGH,NORMAL,LOW,NORMAL,LOW,HIGH,LOW,NORMAL,FALSE,HIGH,NORMAL,NORMAL,NORMAL,ZERO,FALSE,LOW,ZERO,LOW,NORMAL,FALSE,TRUE,NORMAL,HIGH,LOW,FALSE,HIGH,ZERO,LOW,FALSE,NORMAL
FALSE,TRUE,NORMAL,FALSE,HIGH,TRUE,HIGH,HIGH,NORMAL,HIGH,NORMAL,LOW,HIGH,HIGH,NORMAL,TRUE,NORMAL,NORMAL,NORMAL,NORMAL,ZERO,FALSE,LOW,ZERO,LOW,NORMAL,FALSE,TRUE,NORMAL,NORMAL,LOW,FALSE,HIGH,LOW,NORMAL,FALSE,NORMAL
FALSE,FALSE,NORMAL,FALSE,HIGH,FALSE,HIGH,NORMAL,NORMAL,HIGH,NORMAL,LOW,HIGH,HIGH,NORMAL,FALSE,NORMAL,NORMAL,NORMAL,NORMAL,ZERO,FALSE,LOW,ZERO,LOW,HIGH,FALSE,FALSE,HIGH,NORMAL,LOW,FALSE,HIGH,ZERO,NORMAL,FALSE,NORMAL
FALSE,FALSE,NORMAL,FALSE,HIGH,FALSE,HIGH,LOW,NORMAL,HIGH,NORMAL,LOW,HIGH,HIGH,NORMAL,FALSE,LOW,NORMAL,NORMAL,LOW,ZERO,FALSE,LOW,ZERO,LOW,HIGH,FALSE,FALSE,HIGH,LOW,LOW,FALSE,HIGH,ZERO,NORMAL,FALSE,NORMAL
TRUE,TRUE,NORMAL,FALSE,LOW,FALSE,HIGH,HIGH,NORMAL,HIGH,NORMAL,ZERO,HIGH,HIGH,NORMAL,FALSE,HIGH,NORMAL,HIGH,HIGH,LOW,FALSE,HIGH,HIGH,LOW,HIGH,FALSE,TRUE,HIGH,HIGH,HIGH,FALSE,HIGH,HIGH,NORMAL,FALSE,NORMAL
FALSE,FALSE,NORMAL,FALSE,HIGH,FALSE,HIGH,HIGH,NORMAL,NORMAL,NORMAL,LOW,HIGH,HIGH,NORMAL,FALSE,NORMAL,NORMAL,LOW,NORMAL,ZERO,FALSE,LOW,ZERO,LOW,LOW,FALSE,FALSE,HIGH,NORMAL,HIGH,FALSE,HIGH,ZERO,NORMAL,TRUE,NORMAL
FALSE,FALSE,HIGH,FALSE,HIGH,FALSE,HIGH,NORMAL,NORMAL,LOW,NORMAL,LOW,HIGH,HIGH,NORMAL,FALSE,NORMAL,NORMAL,NORMAL,NORMAL,ZERO,FALSE,LOW,ZERO,LOW,HIGH,FALSE,FALSE,HIGH,NORMAL,LOW,FALSE,HIGH,ZERO,NORMAL,FALSE,NORMAL
FALSE,FALSE,NORMAL,FALSE,HIGH,FALSE,HIGH,LOW,NORMAL,HIGH,NORMAL,LOW,HIGH,HIGH,NORMAL,FALSE,NORMAL,NORMAL,HIGH,NORMAL,ZERO,FALSE,LOW,ZERO,LOW,HIGH,FALSE,FALSE,HIGH,NORMAL,LOW,FALSE,HIGH,ZERO,NORMAL,FALSE,NORMAL
FALSE,FALSE,NORMAL,FALSE,LOW,FALSE,NORMAL,LOW,NORMAL,NORMAL,HIGH,HIGH,NORMAL,LOW,NORMAL,FALSE,LOW,HIGH,HIGH,LOW,LOW,FALSE,HIGH,HIGH,LOW,LOW,FALSE,FALSE,NORMAL,LOW,HIGH,FALSE,LOW,HIGH,NORMAL,FALSE,NORMAL
FALSE,FALSE,NORMAL,FALSE,HIGH,FALSE,HIGH,HIGH,NORMAL,HIGH,NORMAL,LOW,HIGH,HIGH,NORMAL,FALSE,NORMAL,NORMAL,NORMAL,NORMAL,ZERO,FALSE,LOW,ZERO,LOW,HIGH,FALSE,FALSE,HIGH,NORMAL,LOW,FALSE,HIGH,ZERO,NORMAL,FALSE,NORMAL
FALSE,FALSE,NORMAL,FALSE,HIGH,FALSE,HIGH,HIGH,NORMAL,LOW,NORMAL,LOW,HIGH,HIGH,NORMAL,FALSE,NORMAL,NORMAL,LOW,NORMAL,ZERO,FALSE,LOW,NORMAL,LOW,HIGH,FALSE,FALSE,HIGH,NORMAL,LOW,FALSE,HIGH,ZERO,NORMAL,FALSE,NORMAL
FALSE,FALSE,NORMAL,FALSE,LOW,FALSE,HIGH,LOW,NORMAL,HIGH,HIGH,HIGH,HIGH,HIGH,NORMAL,FALSE,NORMAL,HIGH,HIGH,NORMAL,LOW,FALSE,HIGH,HIGH,LOW,HIGH,FALSE,FALSE,HIGH,NORMAL,HIGH,FALSE,HIGH,HIGH,NORMAL,FALSE,NORMAL
FALSE,FALSE,NORMAL,FALSE,LOW,FALSE,HIGH,LOW,NORMAL,LOW,HIGH,HIGH,HIGH,HIGH,NORMAL,FALSE,NORMAL,NORMAL,LOW,NORMAL,LOW,FALSE,HIGH,HIGH,LOW,HIGH,FALSE,FALSE,HIGH,NORMAL,HIGH,FALSE,HIGH,HIGH,NORMAL,FALSE,NORMAL
FALSE,FALSE,NORMAL,FALSE,HIGH,FALSE,HIGH,NORMAL,NORMAL,HIGH,NORMAL,LOW,HIGH,HIGH,NORMAL,FALSE,HIGH,NORMAL,NORMAL,HIGH,ZERO,FALSE,LOW,ZERO,LOW,HIGH,FALSE,TRUE,HIGH,HIGH,LOW,FALSE,HIGH,ZERO,NORMAL,FALSE,NORMAL
FALSE,TRUE,NORMAL,FALSE,HIGH,TRUE,HIGH,NORMAL,NORMAL,NORMAL,NORMAL,LOW,HIGH,NORMAL,NORMAL,FALSE,NORMAL,NORMAL,NORMAL,LOW,ZERO,FALSE,LOW,ZERO,LOW,NORMAL,FALSE,FALSE,NORMAL,LOW,LOW,FALSE,HIGH,ZERO,NORMAL,FALSE,NORMAL
TRUE,FALSE,LOW,FALSE,HIGH,FALSE,LOW,HIGH,NORMAL,NORMAL,NORMAL,ZERO,NORMAL,NORMAL,NORMAL,FALSE,NORMAL,NORMAL,HIGH,NORMAL,ZERO,FALSE,LOW,ZERO,LOW,LOW,FALSE,FALSE,LOW,NORMAL,LOW,FALSE,NORMAL,ZERO,NORMAL,FALSE,NORMAL
TRUE,FALSE,NORMAL,FALSE,LOW,FALSE,HIGH,HIGH,NORMAL,NORMAL,NORMAL,ZERO,HIGH,HIGH,NORMAL,FALSE,NORMAL,NORMAL,NORMAL,NORMAL,LOW,FALSE,HIGH,HIGH,LOW,HIGH,FALSE,FALSE,HIGH,NORMAL,HIGH,FALSE,HIGH,HIGH,NORMAL,FALSE,NORMAL
TRUE,FALSE,NORMAL,FALSE,LOW,FALSE,LOW,HIGH,NORMAL,HIGH,NORMAL,ZERO,NORMAL,NORMAL,NORMAL,FALSE,NORMAL,NORMAL,HIGH,NORMAL,LOW,FALSE,HIGH,HIGH,LOW,LOW,FALSE,FALSE,LOW,NORMAL,HIGH,FALSE,NORMAL,HIGH,NORMAL,FALSE,NORMAL
FALSE,FALSE,LOW,FALSE,HIGH,FALSE,HIGH,HIGH,NORMAL,HIGH,NORMAL,LOW,HIGH,HIGH,ONESIDED,FALSE,NORMAL,NORMAL,HIGH,NORMAL,LOW,FALSE,HIGH,LOW,NORMAL,HIGH,FALSE,FALSE,HIGH,NORMAL,LOW,FALSE,HIGH,LOW,NORMAL,FALSE,HIGH
FALSE,FALSE,NORMAL,FALSE,HIGH,FALSE,NORMAL,NORMAL,NORMAL,LOW,NORMAL,LOW,HIGH,HIGH,NORMAL,TRUE,NORMAL,NORMAL,LOW,NORMAL,ZERO,FALSE,LOW,ZERO,LOW,HIGH,FALSE,FALSE,HIGH,NORMAL,LOW,FALSE,HIGH,ZERO,NORMAL,FALSE,NORMAL
FALSE,FALSE,NORMAL,FALSE,HIGH,FALSE,HIGH,HIGH,NORMAL,LOW,NORMAL,LOW,HIGH,HIGH,NORMAL,FALSE,NORMAL,NORMAL,LOW,LOW,ZERO,FALSE,LOW,ZERO,LOW,HIGH,FALSE,FALSE,HIGH,NORMAL,LOW,FALSE,HIGH,ZERO,NORMAL,FALSE,NORMAL
FALSE,FALSE,NORMAL,FALSE,HIGH,FALSE,HIGH,NORMAL,NORMAL,HIGH,NORMAL,LOW,HIGH,HIGH,NORMAL,FALSE,NORMAL,NORMAL,HIGH,NORMAL,ZERO,FALSE,LOW,ZERO,LOW,HIGH,FALSE,FALSE,HIGH,NORMAL,LOW,FALSE,HIGH,ZERO,NORMAL,FALSE,NORMAL
FALSE,FALSE,HIGH,FALSE,NORMAL,FALSE,HIGH,HIGH,NORMAL,LOW,LOW,ZERO,HIGH,HIGH,NORMAL,FALSE,HIGH,LOW,LOW,HIGH,ZERO,FALSE,LOW,ZERO,LOW,HIGH,FALSE,FALSE,HIGH,HIGH,LOW,FALSE,HIGH,ZERO,NORMAL,FALSE,HIGH
FALSE,FALSE,NORMAL,FALSE,HIGH,FALSE,HIGH,HIGH,NORMAL,LOW,NORMAL,LOW,HIGH,LOW,NORMAL,FALSE,HIGH,NORMAL,NORMAL,HIGH,ZERO,FALSE,LOW,ZERO,LOW,HIGH,FALSE,TRUE,HIGH,HIGH,LOW,FALSE,HIGH,ZERO,LOW,FALSE,NORMAL
FALSE,FALSE,NORMAL,TRUE,HIGH,FALSE,HIGH,LOW,NORMAL,LOW,NORMAL,LOW,HIGH,LOW,NORMAL,FALSE,LOW,NORMAL,LOW,LOW,ZERO,FALSE,LOW,ZERO,LOW,HIGH,TRUE,FALSE,HIGH,LOW,LOW,FALSE,HIGH,ZERO,LOW,FALSE,NORMAL
FALSE,FALSE,NORMAL,FALSE,HIGH,FALSE,HIGH,NORMAL,NORMAL,LOW,NORMAL,LOW,HIGH,HIGH,NORMAL,FALSE,HIGH,NORMAL,LOW,NORMAL,ZERO,FALSE,LOW,ZERO,LOW,HIGH,FALSE,FALSE,HIGH,NORMAL,LOW,FALSE,HIGH,ZERO,NORMAL,FALSE,NORMAL
FALSE,FALSE,NORMAL,FALSE,HIGH,FALSE,HIGH,HIGH,NORMAL,HIGH,NORMAL,LOW,HIGH,HIGH,NORMAL,FALSE,HIGH,NORMAL,NORMAL,HIGH,ZERO,FALSE,LOW,ZERO,LOW,HIGH,FALSE,FALSE,HIGH,HIGH,LOW,FALSE,HIGH,ZERO,NORMAL,FALSE,NORMAL
FALSE,FALSE,NORMAL,FALSE,HIGH,FALSE,HIGH,LOW,LOW,HIGH,NORMAL,LOW,HIGH,HIGH,NORMAL,FALSE,NORMAL,NORMAL,LOW,NORMAL,ZERO,FALSE,LOW,LOW,LOW,HIGH,FALSE,FALSE,HIGH,NORMAL,LOW,FALSE,HIGH,ZERO,NORMAL,FALSE,NORMAL
FALSE,TRUE,NORMAL,FALSE,HIGH,FALSE,HIGH,HIGH,NORMAL,HIGH,NORMAL,LOW,HIGH,HIGH,NORMAL,FALSE,NORMAL,NORMAL,NORMAL,NORMAL,ZERO,FALSE,LOW,ZERO,LOW,HIGH,FALSE,FALSE,HIGH,NORMAL,LOW,FALSE,HIGH,ZERO,NORMAL,FALSE,NORMAL
FALSE,FALSE,NORMAL,FALSE,HIGH,TRUE,HIGH,HIGH,NORMAL,HIGH,NORMAL,LOW,HIGH,HIGH,NORMAL,FALSE,NORMAL,NORMAL,NORMAL,NORMAL,ZERO,FALSE,LOW,ZERO,LOW,NORMAL,FALSE,FALSE,NORMAL,NORMAL,LOW,FALSE,HIGH,ZERO,NORMAL,FALSE,NORMAL
FALSE,FALSE,NORMAL,FALSE,LOW,FALSE,HIGH,HIGH,NORMAL,HIGH,NORMAL,LOW,HIGH,HIGH,NORMAL,FALSE,NORMAL,NORMAL,NORMAL,NORMAL,LOW,FALSE,HIGH,HIGH,LOW,HIGH,FALSE,FALSE,HIGH,NORMAL,HIGH,FALSE,HIGH,HIGH,NORMAL,FALSE,NORMAL
FALSE,FALSE,NORMAL,FALSE,HIGH,FALSE,HIGH,LOW,NORMAL,HIGH,NORMAL,LOW,HIGH,HIGH,NORMAL,FALSE,NORMAL,NORMAL,HIGH,NORMAL,ZERO,FALSE,LOW,ZERO,LOW,HIGH,FALSE,FALSE,HIGH,NORMAL,LOW,FALSE,HIGH,ZERO,NORMAL,FALSE,NORMAL
FALSE,FALSE,NORMAL,FALSE,LOW,FALSE,HIGH,HIGH,NORMAL,HIGH,NORMAL,LOW,HIGH,HIGH,NORMAL,FALSE,NORMAL,NORMAL,NORMAL,NORMAL,ZERO,FALSE,HIGH,ZERO,ZERO,HIGH,FALSE,FALSE,HIGH,NORMAL,HIGH,FALSE,HIGH,HIGH,NORMAL,FALSE,NORMAL
FALSE,TRUE,NORMAL,FALSE,HIGH,FALSE,HIGH,HIGH,NORMAL,HIGH,ZERO,ZERO,HIGH,HIGH,NORMAL,FALSE,NORMAL,NORMAL,NORMAL,NORMAL,ZERO,FALSE,LOW,ZERO,LOW,HIGH,FALSE,FALSE,HIGH,NORMAL,LOW,FALSE,HIGH,ZERO,NORMAL,FALSE,NORMAL
FALSE,TRUE,NORMAL,TRUE,HIGH,FALSE,HIGH,HIGH,NORMAL,LOW,NORMAL,LOW,HIGH,LOW,NORMAL,FALSE,LOW,NORMAL,LOW,LOW,ZERO,FALSE,LOW,ZERO,LOW,HIGH,TRUE,FALSE,HIGH,LOW,LOW,FALSE,HIGH,ZERO,LOW,FALSE,NORMAL
FALSE,FALSE,NORMAL,FALSE,HIGH,FALSE,HIGH,HIGH,NORMAL,HIGH,NORMAL,NORMAL,HIGH,HIGH,NORMAL,FALSE,NORMAL,NORMAL,NORMAL,NORMAL,HIGH,FALSE,LOW,LOW,HIGH,HIGH,FALSE,FALSE,HIGH,NORMAL,LOW,FALSE,HIGH,LOW,NORMAL,FALSE,NORMAL
TRUE,FALSE,NORMAL,FALSE,HIGH,FALSE,HIGH,HIGH,NORMAL,LOW,HIGH,NORMAL,HIGH,HIGH,NORMAL,FALSE,NORMAL,HIGH,LOW,NORMAL,HIGH,FALSE,NORMAL,LOW,HIGH,HIGH,FALSE,FALSE,HIGH,NORMAL,NORMAL,FALSE,HIGH,LOW,NORMAL,FALSE,NORMAL
FALSE,FALSE,NORMAL,FALSE,HIGH,FALSE,HIGH,HIGH,LOW,HIGH,NORMAL,LOW,HIGH,HIGH,ESOPHAGEAL,FALSE,NORMAL,NORMAL,HIGH,NORMAL,ZERO,FALSE,LOW,LOW,LOW,HIGH,FALSE,FALSE,HIGH,NORMAL,LOW,FALSE,HIGH,LOW,NORMAL,FALSE,NORMAL
FALSE,FALSE,NORMAL,FALSE,HIGH,FALSE,HIGH,NORMAL,NORMAL,HIGH,NORMAL,LOW,HIGH,HIGH,NORMAL,FALSE,NORMAL,NORMAL,NORMAL,NORMAL,ZERO,FALSE,LOW,ZERO,LOW,HIGH,FALSE,FALSE,HIGH,NORMAL,LOW,TRUE,HIGH,ZERO,HIGH,FALSE,HIGH
FALSE,FALSE,NORMAL,FALSE,HIGH,TRUE,LOW,HIGH,NORMAL,NORMAL,NORMAL,LOW,HIGH,NORMAL,NORMAL,FALSE,NORMAL,NORMAL,HIGH,NORMAL,ZERO,FALSE,LOW,ZERO,LOW,NORMAL,FALSE,FALSE,NORMAL,NORMAL,LOW,FALSE,NORMAL,ZERO,NORMAL,FALSE,NORMAL
FALSE,FALSE,NORMAL,FALSE,HIGH,FALSE,HIGH,HIGH,NORMAL,LOW,NORMAL,LOW,HIGH,HIGH,NORMAL,FALSE,NORMAL,NORMAL,LOW,NORMAL,ZERO,TRUE,LOW,ZERO,LOW,HIGH,FALSE,FALSE,HIGH,NORMAL,LOW,FALSE,HIGH,ZERO,NORMAL,FALSE,NORMAL
FALSE,FALSE,NORMAL,FALSE,HIGH,FALSE,LOW,NORMAL,NORMAL,NORMAL,NORMAL,LOW,NORMAL,LOW,NORMAL,FALSE,HIGH,NORMAL,HIGH,HIGH,ZERO,FALSE,LOW,ZERO,LOW,LOW,FALSE,TRUE,LOW,HIGH,LOW,FALSE,NORMAL,ZERO,LOW,FALSE,NORMAL
FALSE,TRUE,NORMAL,FALSE,LOW,FALSE,HIGH,LOW,NORMAL,HIGH,NORMAL,LOW,HIGH,HIGH,NORMAL,FALSE,NORMAL,NORMAL,NORMAL,NORMAL,ZERO,FALSE,HIGH,ZERO,ZERO,HIGH,FALSE,FALSE,HIGH,NORMAL,HIGH,FALSE,HIGH,HIGH,NORMAL,FALSE,NORMAL
FALSE,FALSE,NORMAL,FALSE,HIGH,FALSE,HIGH,HIGH,NORMAL,LOW,NORMAL,LOW,HIGH,HIGH,NORMAL,FALSE,NORMAL,NORMAL,LOW,NORMAL,ZERO,TRUE,LOW,ZERO,LOW,HIGH,FALSE,FALSE,HIGH,NORMAL,LOW,FALSE,HIGH,ZERO,NORMAL,FALSE,NORMAL
FALSE,FALSE,NORMAL,FALSE,HIGH,FALSE,HIGH,HIGH,NORMAL,HIGH,NORMAL,LOW,HIGH,HIGH,NORMAL,FALSE,NORMAL,NORMAL,HIGH,NORMAL,ZERO,FALSE,LOW,ZERO,LOW,HIGH,FALSE,FALSE,HIGH,NORMAL,LOW,FALSE,HIGH,ZERO,NORMAL,FALSE,NORMAL
TRUE,FALSE,LOW,FALSE,LOW,FALSE,NORMAL,HIGH,NORMAL,LOW,NORMAL,ZERO,NORMAL,LOW,NORMAL,FALSE,NORMAL,NORMAL,NORMAL,NORMAL,LOW,FALSE,HIGH,HIGH,LOW,LOW,FALSE,FALSE,NORMAL,NORMAL,HIGH,FALSE,LOW,HIGH,NORMAL,FALSE,NORMAL
FALSE,FALSE,NORMAL,FALSE,LOW,FALSE,LOW,HIGH,NORMAL,HIGH,ZERO,ZERO,NORMAL,LOW,NORMAL,FALSE,HIGH,NORMAL,HIGH,HIGH,LOW,FALSE,HIGH,HIGH,LOW,LOW,FALSE,TRUE,LOW,HIGH,HIGH,FALSE,NORMAL,HIGH,LOW,FALSE,NORMAL
FALSE,FALSE,NORMAL,FALSE,HIGH,TRUE,HIGH,HIGH,NORMAL,HIGH,NORMAL,LOW,HIGH,HIGH,NORMAL,FALSE,NORMAL,NORMAL,NORMAL,NORMAL,ZERO,FALSE,LOW,ZERO,LOW,NORMAL,FALSE,FALSE,NORMAL,NORMAL,LOW,FALSE,HIGH,ZERO,NORMAL,FALSE,NORMAL
FALSE,FALSE,NORMAL,FALSE,HIGH,FALSE,LOW,HIGH,NORMAL,HIGH,NORMAL,LOW,NORMAL,NORMAL,NORMAL,FALSE,NORMAL,NORMAL,HIGH,NORMAL,ZERO,FALSE,LOW,ZERO,LOW,LOW,FALSE,FALSE,LOW,NORMAL,LOW,FALSE,NORMAL,ZERO,NORMAL,FALSE,NORMAL
TRUE,FALSE,NORMAL,FALSE,LOW,FALSE,LOW,LOW,NORMAL,HIGH,NORMAL,HIGH,NORMAL,NORMAL,NORMAL,FALSE,NORMAL,NORMAL,HIGH,NORMAL,LOW,FALSE,HIGH,HIGH,LOW,LOW,FALSE,FALSE,LOW,NORMAL,HIGH,FALSE,NORMAL,HIGH,NORMAL,FALSE,NORMAL
FALSE,FALSE,NORMAL,FALSE,HIGH,FALSE,HIGH,HIGH,NORMAL,HIGH,NORMAL,LOW,HIGH,HIGH,NORMAL,FALSE,NORMAL,NORMAL,HIGH,NORMAL,ZERO,FALSE,LOW,ZERO,ZERO,HIGH,FALSE,FALSE,HIGH,NORMAL,LOW,FALSE,HIGH,ZERO,NORMAL,FALSE,NORMAL
FALSE,FALSE,NORMAL,FALSE,HIGH,FALSE,HIGH,NORMAL,NORMAL,HIGH,NORMAL,LOW,HIGH,HIGH,NORMAL,FALSE,HIGH,NORMAL,HIGH,NORMAL,ZERO,FALSE,LOW,ZERO,LOW,HIGH,FALSE,TRUE,HIGH,HIGH,LOW,FALSE,HIGH,ZERO,NORMAL,FALSE,NORMAL
FALSE,FALSE,NORMAL,FALSE,HIGH,FALSE,HIGH,HIGH,NORMAL,NORMAL,NORMAL,LOW,HIGH,NORMAL,NORMAL,FALSE,NORMAL,NORMAL,NORMAL,NORMAL,ZERO,FALSE,LOW,ZERO,LOW,HIGH,FALSE,FALSE,HIGH,NORMAL,LOW,FALSE,HIGH,ZERO,NORMAL,FALSE,NORMAL
TRUE,FALSE,NORMAL,FALSE,HIGH,FALSE,HIGH,HIGH,NORMAL,LOW,ZERO,ZERO,HIGH,HIGH,NORMAL,FALSE,NORMAL,NORMAL,LOW,NORMAL,ZERO,FALSE,LOW,ZERO,LOW,HIGH,FALSE,FALSE,HIGH,NORMAL,LOW,FALSE,HIGH,ZERO,NORMAL,FALSE,NORMAL
FALSE,FALSE,NORMAL,FALSE,HIGH,TRUE,HIGH,NORMAL,NORMAL,LOW,NORMAL,LOW,HIGH,LOW,NORMAL,FALSE,NORMAL,NORMAL,NORMAL,NORMAL,ZERO,FALSE,LOW,ZERO,LOW,NORMAL,FALSE,TRUE,NORMAL,NORMAL,LOW,FALSE,HIGH,ZERO,LOW,FALSE,NORMAL
FALSE,FALSE,NORMAL,FALSE,HIGH,FALSE,HIGH,NORMAL,NORMAL,LOW,NORMAL,LOW,HIGH,HIGH,NORMAL,FALSE,LOW,NORMAL,LOW,NORMAL,ZERO,FALSE,LOW,ZERO,LOW,HIGH,FALSE,FALSE,HIGH,NORMAL,LOW,FALSE,HIGH,ZERO,NORMAL,FALSE,NORMAL
TRUE,FALSE,NORMAL,FALSE,HIGH,FALSE,HIGH,HIGH,NORMAL,LOW,NORMAL,ZERO,HIGH,HIGH,NORMAL,FALSE,NORMAL,NORMAL,LOW,NORMAL,ZERO,FALSE,LOW,ZERO,LOW,HIGH,FALSE,FALSE,HIGH,NORMAL,LOW,FALSE,HIGH,ZERO,NORMAL,FALSE,NORMAL
FALSE,FALSE,NORMAL,FALSE,HIGH,FALSE,HIGH,NORMAL,NORMAL,NORMAL,NORMAL,LOW,HIGH,LOW,NORMAL,FALSE,NORMAL,NORMAL,HIGH,NORMAL,ZERO,FALSE,LOW,ZERO,LOW,HIGH,FALSE,FALSE,HIGH,NORMAL,LOW,FALSE,HIGH,ZERO,LOW,FALSE,NORMAL
FALSE,FALSE,NORMAL,FALSE,HIGH,FALSE,HIGH,LOW,LOW,NORMAL,NORMAL,LOW,HIGH,HIGH,NORMAL,FALSE,NORMAL,NORMAL,NORMAL,NORMAL,ZERO,FALSE,LOW,ZERO,LOW,HIGH,FALSE,FALSE,HIGH,NORMAL,LOW,FALSE,HIGH,ZERO,NORMAL,TRUE,NORMAL
FALSE,FALSE,HIGH,FALSE,HIGH,FALSE,HIGH,LOW,NORMAL,LOW,NORMAL,LOW,HIGH,HIGH,NORMAL,FALSE,NORMAL,NORMAL,LOW,NORMAL,ZERO,FALSE,LOW,ZERO,LOW,HIGH,FALSE,FALSE,HIGH,NORMAL,LOW,TRUE,HIGH,ZERO,NORMAL,FALSE,HIGH
FALSE,FALSE,NORMAL,FALSE,HIGH,FALSE,LOW,NORMAL,NORMAL,HIGH,NORMAL,LOW,NORMAL,HIGH,NORMAL,FALSE,NORMAL,NORMAL,HIGH,NORMAL,ZERO,FALSE,LOW,ZERO,LOW,LOW,FALSE,FALSE,LOW,NORMAL,LOW,FALSE,NORMAL,LOW,HIGH,FALSE,NORMAL
FALSE,FALSE,NORMAL,FALSE,LOW,FALSE,HIGH,HIGH,NORMAL,LOW,ZERO,ZERO,HIGH,HIGH,NORMAL,FALSE,NORMAL,NORMAL,LOW,NORMAL,LOW,FALSE,HIGH,HIGH,LOW,HIGH,FALSE,FALSE,HIGH,NORMAL,HIGH,FALSE,HIGH,HIGH,NORMAL,FALSE,NORMAL
FALSE,FALSE,NORMAL,FALSE,HIGH,FALSE,HIGH,NORMAL,NORMAL,LOW,NORMAL,LOW,HIGH,HIGH,NORMAL,FALSE,NORMAL,NORMAL,LOW,LOW,ZERO,FALSE,LOW,ZERO,LOW,HIGH,FALSE,FALSE,HIGH,NORMAL,LOW,FALSE,HIGH,ZERO,NORMAL,FALSE,NORMAL
FALSE,FALSE,NORMAL,FALSE,HIGH,FALSE,LOW,NORMAL,NORMAL,LOW,NORMAL,LOW,HIGH,NORMAL,NORMAL,FALSE,NORMAL,NORMAL,LOW,NORMAL,ZERO,FALSE,LOW,ZERO,LOW,LOW,FALSE,FALSE,LOW,NORMAL,LOW,FALSE,NORMAL,ZERO,NORMAL,FALSE,NORMAL
FALSE,FALSE,NORMAL,FALSE,HIGH,FALSE,HIGH,NORMAL,NORMAL,HIGH,NORMAL,LOW,HIGH,HIGH,NORMAL,FALSE,HIGH,NORMAL,HIGH,NORMAL,ZERO,FALSE,LOW,ZERO,LOW,HIGH,FALSE,TRUE,NORMAL,HIGH,LOW,FALSE,HIGH,ZERO,NORMAL,FALSE,NORMAL
FALSE,FALSE,NORMAL,FALSE,HIGH,FALSE,HIGH,LOW,NORMAL,LOW,NORMAL,LOW,HIGH,HIGH,NORMAL,FALSE,NORMAL,NORMAL,LOW,NORMAL,ZERO,FALSE,LOW,ZERO,LOW,HIGH,FALSE,FALSE,HIGH,NORMAL,LOW,FALSE,HIGH,ZERO,NORMAL,FALSE,NORMAL
FALSE,FALSE,NORMAL,FALSE,HIGH,FALSE,HIGH,HIGH,NORMAL,LOW,NORMAL,LOW,HIGH,HIGH,NORMAL,FALSE,NORMAL,NORMAL,LOW,NORMAL,ZERO,FALSE,LOW,ZERO,LOW,HIGH,FALSE,FALSE,HIGH,NORMAL,LOW,FALSE,HIGH,ZERO,NORMAL,FALSE,NORMAL
TRUE,FALSE,HIGH,FALSE,HIGH,FALSE,HIGH,ZERO,NORMAL,HIGH,NORMAL,ZERO,HIGH,HIGH,NORMAL,FALSE,NORMAL,NORMAL,NORMAL,NORMAL,ZERO,FALSE,LOW,ZERO,LOW,HIGH,FALSE,FALSE,HIGH,NORMAL,LOW,FALSE,HIGH,ZERO,NORMAL,TRUE,HIGH
FALSE,FALSE,NORMAL,FALSE,NORMAL,FALSE,LOW,LOW,LOW,LOW,NORMAL,LOW,NORMAL,NORMAL,NORMAL,FALSE,NORMAL,NORMAL,NORMAL,NORMAL,ZERO,FALSE,LOW,ZERO,LOW,LOW,FALSE,FALSE,LOW,NORMAL,LOW,FALSE,NORMAL,ZERO,NORMAL,FALSE,NORMAL
FALSE,FALSE,HIGH,FALSE,HIGH,FALSE,LOW,NORMAL,NORMAL,NORMAL,NORMAL,LOW,NORMAL,NORMAL,NORMAL,FALSE,HIGH,NORMAL,HIGH,NORMAL,ZERO,FALSE,LOW,ZERO,LOW,LOW,FALSE,FALSE,LOW,HIGH,LOW,FALSE,NORMAL,ZERO,NORMAL,FALSE,NORMAL
FALSE,FALSE,NORMAL,FALSE,HIGH,FALSE,HIGH,HIGH,NORMAL,NORMAL,NORMAL,LOW,HIGH,HIGH,NORMAL,FALSE,HIGH,NORMAL,LOW,NORMAL,ZERO,FALSE,LOW,ZERO,LOW,HIGH,FALSE,TRUE,HIGH,HIGH,LOW,FALSE,HIGH,ZERO,NORMAL,FALSE,NORMAL
FALSE,FALSE,NORMAL,FALSE,HIGH,FALSE,HIGH,HIGH,NORMAL,HIGH,NORMAL,LOW,HIGH,HIGH,NORMAL,FALSE,NORMAL,NORMAL,NORMAL,NORMAL,ZERO,FALSE,LOW,ZERO,LOW,HIGH,FALSE,FALSE,HIGH,NORMAL,LOW,FALSE,HIGH,ZERO,HIGH,FALSE,NORMAL
FALSE,FALSE,HIGH,FALSE,HIGH,FALSE,HIGH,HIGH,LOW,LOW,NORMAL,LOW,HIGH,LOW,ONESIDED,FALSE,HIGH,NORMAL,LOW,HIGH,LOW,FALSE,LOW,ZERO,NORMAL,HIGH,FALSE,TRUE,HIGH,HIGH,LOW,FALSE,HIGH,LOW,LOW,FALSE,HIGH
FALSE,FALSE,NORMAL,FALSE,HIGH,FALSE,LOW,HIGH,NORMAL,NORMAL,NORMAL,LOW,HIGH,NORMAL,NORMAL,FALSE,LOW,NORMAL,NORMAL,LOW,ZERO,FALSE,LOW,ZERO,LOW,LOW,FALSE,TRUE,LOW,LOW,LOW,FALSE,NORMAL,ZERO,NORMAL,FALSE,NORMAL
FALSE,FALSE,NORMAL,FALSE,HIGH,FALSE,LOW,HIGH,NORMAL,LOW,NORMAL,LOW,NORMAL,NORMAL,NORMAL,FALSE,NORMAL,NORMAL,LOW,NORMAL,ZERO,FALSE,LOW,ZERO,LOW,LOW,FALSE,FALSE,LOW,NORMAL,LOW,FALSE,NORMAL,ZERO,NORMAL,FALSE,NORMAL
FALSE,FALSE,HIGH,FALSE,HIGH,FALSE,HIGH,LOW,NORMAL,NORMAL,NORMAL,LOW,HIGH,NORMAL,NORMAL,FALSE,HIGH,NORMAL,NORMAL,HIGH,ZERO,FALSE,LOW,ZERO,LOW,HIGH,FALSE,TRUE,HIGH,HIGH,LOW,TRUE,HIGH,ZERO,LOW,FALSE,HIGH
FALSE,FALSE,NORMAL,FALSE,HIGH,FALSE,HIGH,HIGH,NORMAL,HIGH,NORMAL,LOW,HIGH,HIGH,NORMAL,FALSE,NORMAL,NORMAL,NORMAL,NORMAL,ZERO,FALSE,LOW,ZERO,LOW,HIGH,FALSE,FALSE,HIGH,NORMAL,LOW,FALSE,HIGH,ZERO,NORMAL,FALSE,NORMAL
FALSE,FALSE,NORMAL,FALSE,HIGH,FALSE,HIGH,HIGH,NORMAL,LOW,NORMAL,LOW,HIGH,HIGH,NORMAL,FALSE,NORMAL,NORMAL,LOW,NORMAL,ZERO,FALSE,LOW,ZERO,LOW,HIGH,FALSE,FALSE,HIGH,NORMAL,LOW,FALSE,HIGH,ZERO,NORMAL,FALSE,NORMAL
FALSE,FALSE,NORMAL,FALSE,HIGH,FALSE,HIGH,NORMAL,NORMAL,LOW,NORMAL,LOW,HIGH,LOW,NORMAL,FALSE,LOW,NORMAL,NORMAL,NORMAL,ZERO,FALSE,LOW,ZERO,LOW,HIGH,FALSE,FALSE,HIGH,NORMAL,LOW,FALSE,HIGH,ZERO,LOW,FALSE,NORMAL
FALSE,FALSE,NORMAL,FALSE,HIGH,FALSE,HIGH,NORMAL,NORMAL,HIGH,NORMAL,LOW,HIGH,HIGH,NORMAL,FALSE,NORMAL,NORMAL,NORMAL,NORMAL,ZERO,FALSE,LOW,ZERO,LOW,HIGH,FALSE,FALSE,HIGH,NORMAL,LOW,FALSE,HIGH,ZERO,NORMAL,FALSE,NORMAL
FALSE,FALSE,NORMAL,FALSE,HIGH,FALSE,HIGH,HIGH,NORMAL,HIGH,HIGH,HIGH,HIGH,HIGH,ONESIDED,FALSE,NORMAL,HIGH,HIGH,NORMAL,HIGH,FALSE,LOW,HIGH,HIGH,HIGH,FALSE,FALSE,HIGH,NORMAL,LOW,FALSE,HIGH,LOW,NORMAL,FALSE,HIGH
FALSE,FALSE,NORMAL,FALSE,HIGH,FALSE,HIGH,NORMAL,NORMAL,HIGH,NORMAL,LOW,HIGH,HIGH,NORMAL,FALSE,NORMAL,NORMAL,HIGH,NORMAL,ZERO,FALSE,LOW,ZERO,LOW,HIGH,FALSE,FALSE,HIGH,NORMAL,LOW,FALSE,HIGH,ZERO,NORMAL,FALSE,NORMAL
FALSE,TRUE,NORMAL,FALSE,HIGH,FALSE,HIGH,HIGH,LOW,LOW,LOW,ZERO,HIGH,LOW,NORMAL,FALSE,HIGH,LOW,NORMAL,HIGH,ZERO,FALSE,LOW,ZERO,LOW,HIGH,FALSE,TRUE,HIGH,HIGH,LOW,FALSE,HIGH,ZERO,LOW,FALSE,NORMAL
FALSE,FALSE,NORMAL,FALSE,HIGH,FALSE,HIGH,HIGH,NORMAL,LOW,NORMAL,LOW,HIGH,HIGH,NORMAL,FALSE,NORMAL,NORMAL,LOW,NORMAL,ZERO,FALSE,LOW,ZERO,LOW,HIGH,FALSE,FALSE,HIGH,NORMAL,LOW,FALSE,HIGH,ZERO,NORMAL,FALSE,NORMAL
FALSE,FALSE,NORMAL,FALSE,HIGH,FALSE,HIGH,ZERO,NORMAL,HIGH,NORMAL,LOW,HIGH,HIGH,NORMAL,FALSE,NORMAL,NORMAL,HIGH,NORMAL,ZERO,FALSE,LOW,ZERO,LOW,HIGH,FALSE,FALSE,HIGH,NORMAL,LOW,FALSE,HIGH,ZERO,NORMAL,FALSE,NORMAL
FALSE,FALSE,LOW,FALSE,LOW,FALSE,LOW,HIGH,NORMAL,HIGH,LOW,ZERO,NORMAL,NORMAL,NORMAL,FALSE,NORMAL,LOW,HIGH,NORMAL,LOW,FALSE,HIGH,HIGH,LOW,LOW,FALSE,FALSE,LOW,NORMAL,HIGH,FALSE,NORMAL,HIGH,NORMAL,FALSE,NORMAL
FALSE,TRUE,NORMAL,FALSE,HIGH,TRUE,HIGH,HIGH,NORMAL,NORMAL,NORMAL,LOW,HIGH,HIGH,NORMAL,FALSE,NORMAL,NORMAL,LOW,LOW,ZERO,FALSE,LOW,ZERO,LOW,NORMAL,FALSE,FALSE,NORMAL,NORMAL,LOW,FALSE,HIGH,ZERO,NORMAL,FALSE,NORMAL
FALSE,FALSE,NORMAL,TRUE,HIGH,FALSE,HIGH,NORMAL,NORMAL,NORMAL,NORMAL,LOW,HIGH,HIGH,NORMAL,FALSE,NORMAL,NORMAL,LOW,NORMAL,ZERO,FALSE,LOW,ZERO,LOW,HIGH,FALSE,FALSE,HIGH,NORMAL,LOW,FALSE,HIGH,ZERO,NORMAL,FALSE,NORMAL
FALSE,FALSE,LOW,FALSE,HIGH,FALSE,HIGH,HIGH,NORMAL,HIGH,NORMAL,LOW,HIGH,HIGH,NORMAL,FALSE,NORMAL,NORMAL,NORMAL,NORMAL,ZERO,FALSE,LOW,ZERO,LOW,HIGH,FALSE,FALSE,HIGH,NORMAL,LOW,FALSE,HIGH,ZERO,NORMAL,FALSE,NORMAL
FALSE,FALSE,NORMAL,FALSE,NORMAL,FALSE,LOW,NORMAL,NORMAL,NORMAL,NORMAL,LOW,NORMAL,NORMAL,NORMAL,FALSE,NORMAL,NORMAL,HIGH,NORMAL,ZERO,FALSE,LOW,ZERO,LOW,LOW,FALSE,FALSE,LOW,NORMAL,LOW,FALSE,NORMAL,ZERO,NORMAL,FALSE,NORMAL
FALSE,FALSE,LOW,TRUE,NORMAL,FALSE,HIGH,HIGH,NORMAL,LOW,NORMAL,LOW,HIGH,LOW,ONESIDED,FALSE,LOW,NORMAL,NORMAL,LOW,ZERO,FALSE,LOW,NORMAL,LOW,HIGH,TRUE,FALSE,HIGH,LOW,LOW,FALSE,HIGH,NORMAL,LOW,FALSE,HIGH
TRUE,TRUE,NORMAL,TRUE,HIGH,FALSE,HIGH,HIGH,NORMAL,LOW,HIGH,NORMAL,HIGH,LOW,NORMAL,FALSE,LOW,HIGH,LOW,LOW,HIGH,FALSE,LOW,LOW,HIGH,HIGH,TRUE,TRUE,HIGH,LOW,LOW,FALSE,HIGH,LOW,LOW,FALSE,NORMAL
FALSE,FALSE,NORMAL,FALSE,HIGH,FALSE,HIGH,HIGH,NORMAL,LOW,LOW,ZERO,HIGH,HIGH,NORMAL,FALSE,NORMAL,LOW,NORMAL,NORMAL,ZERO,FALSE,LOW,ZERO,LOW,HIGH,FALSE,FALSE,HIGH,NORMAL,LOW,FALSE,HIGH,ZERO,NORMAL,FALSE,NORMAL
FALSE,FALSE,NORMAL,TRUE,HIGH,FALSE,HIGH,HIGH,NORMAL,LOW,NORMAL,LOW,HIGH,LOW,NORMAL,FALSE,LOW,NORMAL,NORMAL,LOW,ZERO,FALSE,LOW,ZERO,LOW,HIGH,TRUE,FALSE,HIGH,LOW,LOW,FALSE,HIGH,ZERO,LOW,FALSE,NORMAL
FALSE,FALSE,NORMAL,FALSE,LOW,FALSE,LOW,HIGH,NORMAL,LOW,NORMAL,LOW,NORMAL,NORMAL,NORMAL,FALSE,NORMAL,NORMAL,LOW,NORMAL,LOW,FALSE,HIGH,HIGH,LOW,LOW,FALSE,FALSE,LOW,NORMAL,HIGH,FALSE,NORMAL,HIGH,NORMAL,FALSE,NORMAL
FALSE,FALSE,NORMAL,FALSE,HIGH,FALSE,HIGH,LOW,NORMAL,LOW,NORMAL,LOW,HIGH,HIGH,NORMAL,FALSE,NORMAL,NORMAL,LOW,NORMAL,ZERO,FALSE,LOW,ZERO,LOW,HIGH,FALSE,FALSE,HIGH,NORMAL,LOW,FALSE,HIGH,ZERO,NORMAL,FALSE,NORMAL
FALSE,FALSE,NORMAL,FALSE,LOW,FALSE,HIGH,LOW,NORMAL,LOW,ZERO,HIGH,HIGH,HIGH,NORMAL,FALSE,NORMAL,NORMAL,LOW,NORMAL,LOW,FALSE,HIGH,HIGH,LOW,HIGH,FALSE,FALSE,HIGH,NORMAL,HIGH,FALSE,HIGH,HIGH,NORMAL,FALSE,NORMAL
FALSE,FALSE,HIGH,FALSE,HIGH,FALSE,HIGH,HIGH,NORMAL,LOW,NORMAL,LOW,HIGH,HIGH,ONESIDED,FALSE,NORMAL,NORMAL,LOW,NORMAL,LOW,FALSE,LOW,LOW,NORMAL,HIGH,FALSE,FALSE,HIGH,NORMAL,LOW,FALSE,HIGH,LOW,NORMAL,FALSE,HIGH
FALSE,FALSE,NORMAL,FALSE,HIGH,FALSE,HIGH,LOW,NORMAL,NORMAL,NORMAL,LOW,HIGH,HIGH,NORMAL,FALSE,NORMAL,NORMAL,NORMAL,NORMAL,ZERO,FALSE,LOW,ZERO,LOW,HIGH,FALSE,FALSE,HIGH,NORMAL,LOW,FALSE,HIGH,ZERO,NORMAL,FALSE,NORMAL
FALSE,FALSE,NORMAL,FALSE,HIGH,FALSE,HIGH,HIGH,NORMAL,HIGH,NORMAL,LOW,HIGH,NORMAL,NORMAL,FALSE,HIGH,NORMAL,HIGH,HIGH,ZERO,FALSE,LOW,ZERO,LOW,HIGH,FALSE,TRUE,HIGH,HIGH,LOW,FALSE,HIGH,ZERO,LOW,FALSE,NORMAL
FALSE,FALSE,HIGH,TRUE,LOW,FALSE,HIGH,HIGH,NORMAL,HIGH,LOW,ZERO,HIGH,LOW,NORMAL,FALSE,LOW,LOW,HIGH,LOW,LOW,FALSE,HIGH,HIGH,LOW,HIGH,TRUE,TRUE,HIGH,LOW,LOW,TRUE,HIGH,HIGH,LOW,FALSE,HIGH
FALSE,FALSE,LOW,FALSE,HIGH,FALSE,HIGH,HIGH,NORMAL,LOW,NORMAL,LOW,HIGH,LOW,NORMAL,FALSE,HIGH,NORMAL,NORMAL,HIGH,ZERO,FALSE,LOW,ZERO,LOW,HIGH,FALSE,TRUE,HIGH,HIGH,LOW,FALSE,HIGH,ZERO,LOW,FALSE,NORMAL
FALSE,FALSE,NORMAL,FALSE,LOW,FALSE,HIGH,LOW,LOW,LOW,HIGH,HIGH,HIGH,HIGH,NORMAL,FALSE,NORMAL,NORMAL,LOW,NORMAL,LOW,FALSE,NORMAL,HIGH,LOW,HIGH,FALSE,FALSE,HIGH,NORMAL,NORMAL,FALSE,HIGH,HIGH,NORMAL,FALSE,NORMAL
FALSE,FALSE,NORMAL,FALSE,HIGH,FALSE,LOW,LOW,NORMAL,HIGH,NORMAL,LOW,NORMAL,NORMAL,NORMAL,FALSE,NORMAL,NORMAL,HIGH,NORMAL,ZERO,FALSE,LOW,ZERO,LOW,LOW,FALSE,FALSE,LOW,NORMAL,LOW,FALSE,NORMAL,ZERO,NORMAL,FALSE,NORMAL
TRUE,TRUE,NORMAL,FALSE,LOW,FALSE,LOW,HIGH,LOW,HIGH,NORMAL,ZERO,NORMAL,NORMAL,NORMAL,FALSE,NORMAL,NORMAL,HIGH,NORMAL,LOW,FALSE,NORMAL,HIGH,LOW,LOW,FALSE,FALSE,LOW,NORMAL,NORMAL,FALSE,NORMAL,HIGH,NORMAL,FALSE,NORMAL
FALSE,FALSE,NORMAL,FALSE,HIGH,FALSE,HIGH,LOW,NORMAL,HIGH,NORMAL,LOW,HIGH,HIGH,NORMAL,FALSE,LOW,NORMAL,HIGH,LOW,ZERO,FALSE,LOW,ZERO,LOW,HIGH,FALSE,FALSE,HIGH,LOW,LOW,FALSE,HIGH,ZERO,NORMAL,FALSE,NORMAL
FALSE,FALSE,NORMAL,FALSE,HIGH,FALSE,HIGH,LOW,NORMAL,NORMAL,NORMAL,LOW,HIGH,HIGH,NORMAL,FALSE,NORMAL,NORMAL,NORMAL,NORMAL,ZERO,FALSE,LOW,ZERO,LOW,HIGH,FALSE,FALSE,HIGH,NORMAL,LOW,FALSE,HIGH,ZERO,NORMAL,FALSE,NORMAL
FALSE,FALSE,NORMAL,FALSE,LOW,FALSE,HIGH,NORMAL,NORMAL,HIGH,NORMAL,LOW,HIGH,HIGH,NORMAL,FALSE,NORMAL,NORMAL,HIGH,NORMAL,ZERO,FALSE,LOW,ZERO,ZERO,HIGH,FALSE,FALSE,HIGH,NORMAL,LOW,FALSE,HIGH,ZERO,NORMAL,FALSE,NORMAL
FALSE,FALSE,NORMAL,TRUE,HIGH,FALSE,HIGH,HIGH,NORMAL,LOW,NORMAL,LOW,HIGH,LOW,NORMAL,FALSE,LOW,NORMAL,LOW,LOW,ZERO,FALSE,LOW,ZERO,LOW,HIGH,TRUE,FALSE,HIGH,LOW,LOW,FALSE,HIGH,ZERO,LOW,FALSE,NORMAL
FALSE,FALSE,NORMAL,TRUE,LOW,FALSE,HIGH,HIGH,NORMAL,LOW,LOW,ZERO,HIGH,LOW,NORMAL,FALSE,LOW,LOW,NORMAL,LOW,LOW,FALSE,HIGH,HIGH,LOW,HIGH,TRUE,TRUE,HIGH,LOW,HIGH,FALSE,HIGH,HIGH,LOW,FALSE,NORMAL
FALSE,FALSE,NORMAL,FALSE,HIGH,FALSE,HIGH,NORMAL,NORMAL,HIGH,NORMAL,LOW,HIGH,HIGH,NORMAL,FALSE,NORMAL,NORMAL,HIGH,NORMAL,ZERO,FALSE,LOW,ZERO,LOW,HIGH,FALSE,FALSE,HIGH,NORMAL,LOW,FALSE,HIGH,ZERO,NORMAL,FALSE,NORMAL
FALSE,FALSE,NORMAL,FALSE,LOW,TRUE,HIGH,NORMAL,LOW,LOW,NORMAL,LOW,HIGH,HIGH,NORMAL,FALSE,NORMAL,NORMAL,LOW,NORMAL,ZERO,FALSE,LOW,ZERO,ZERO,NORMAL,FALSE,FALSE,NORMAL,NORMAL,LOW,FALSE,HIGH,ZERO,NORMAL,FALSE,HIGH
FALSE,FALSE,NORMAL,FALSE,HIGH,FALSE,HIGH,LOW,NORMAL,HIGH,NORMAL,LOW,HIGH,HIGH,NORMAL,FALSE,NORMAL,NORMAL,NORMAL,NORMAL,ZERO,FALSE,LOW,ZERO,LOW,HIGH,FALSE,FALSE,HIGH,NORMAL,LOW,FALSE,HIGH,ZERO,NORMAL,FALSE,NORMAL
FALSE,FALSE,NORMAL,FALSE,HIGH,FALSE,HIGH,NORMAL,NORMAL,LOW,NORMAL,LOW,HIGH,HIGH,NORMAL,FALSE,NORMAL,NORMAL,LOW,NORMAL,ZERO,FALSE,LOW,ZERO,LOW,HIGH,FALSE,FALSE,HIGH,NORMAL,LOW,FALSE,HIGH,ZERO,NORMAL,FALSE,NORMAL
FALSE,FALSE,NORMAL,FALSE,HIGH,FALSE,NORMAL,NORMAL,NORMAL,LOW,NORMAL,LOW,HIGH,HIGH,NORMAL,TRUE,NORMAL,NORMAL,LOW,LOW,ZERO,FALSE,LOW,ZERO,LOW,HIGH,FALSE,FALSE,HIGH,NORMAL,LOW,FALSE,HIGH,ZERO,NORMAL,FALSE,NORMAL
FALSE,FALSE,NORMAL,FALSE,NORMAL,TRUE,HIGH,LOW,NORMAL,LOW,NORMAL,LOW,HIGH,LOW,NORMAL,FALSE,HIGH,NORMAL,NORMAL,HIGH,ZERO,FALSE,LOW,ZERO,LOW,NORMAL,FALSE,TRUE,NORMAL,HIGH,LOW,FALSE,HIGH,NORMAL,LOW,FALSE,NORMAL
FALSE,FALSE,NORMAL,FALSE,HIGH,FALSE,HIGH,LOW,NORMAL,HIGH,NORMAL,LOW,HIGH,HIGH,NORMAL,FALSE,NORMAL,NORMAL,NORMAL,NORMAL,ZERO,FALSE,LOW,ZERO,LOW,HIGH,FALSE,FALSE,HIGH,NORMAL,LOW,FALSE,HIGH,ZERO,NORMAL,TRUE,NORMAL
TRUE,FALSE,NORMAL,FALSE,LOW,FALSE,LOW,HIGH,NORMAL,HIGH,NORMAL,ZERO,NORMAL,NORMAL,NORMAL,FALSE,NORMAL,NORMAL,HIGH,NORMAL,LOW,FALSE,HIGH,HIGH,LOW,LOW,FALSE,FALSE,LOW,NORMAL,HIGH,FALSE,NORMAL,HIGH,NORMAL,FALSE,NORMAL
FALSE,FALSE,HIGH,FALSE,HIGH,FALSE,LOW,NORMAL,NORMAL,LOW,NORMAL,LOW,HIGH,HIGH,NORMAL,FALSE,HIGH,NORMAL,LOW,HIGH,ZERO,FALSE,LOW,ZERO,LOW,HIGH,FALSE,TRUE,HIGH,HIGH,LOW,FALSE,HIGH,ZERO,NORMAL,TRUE,NORMAL
TRUE,FALSE,NORMAL,TRUE,HIGH,FALSE,HIGH,HIGH,NORMAL,LOW,NORMAL,ZERO,HIGH,LOW,NORMAL,FALSE,LOW,NORMAL,LOW,LOW,ZERO,TRUE,LOW,ZERO,LOW,HIGH,TRUE,FALSE,HIGH,LOW,LOW,FALSE,HIGH,LOW,LOW,FALSE,NORMAL
FALSE,TRUE,NORMAL,FALSE,LOW,FALSE,HIGH,HIGH,NORMAL,HIGH,LOW,ZERO,HIGH,HIGH,NORMAL,FALSE,NORMAL,NORMAL,NORMAL,NORMAL,ZERO,FALSE,HIGH,ZERO,ZERO,LOW,FALSE,FALSE,HIGH,NORMAL,HIGH,FALSE,HIGH,HIGH,NORMAL,FALSE,NORMAL
FALSE,TRUE,NORMAL,FALSE,HIGH,FALSE,HIGH,LOW,NORMAL,LOW,NORMAL,LOW,HIGH,HIGH,NORMAL,FALSE,NORMAL,NORMAL,LOW,NORMAL,ZERO,FALSE,LOW,NORMAL,LOW,HIGH,FALSE,FALSE,HIGH,NORMAL,LOW,FALSE,HIGH,ZERO,NORMAL,FALSE,NORMAL
FALSE,TRUE,NORMAL,FALSE,HIGH,TRUE,HIGH,ZERO,NORMAL,HIGH,LOW,ZERO,HIGH,HIGH,ESOPHAGEAL,FALSE,NORMAL,NORMAL,HIGH,NORMAL,ZERO,FALSE,LOW,LOW,LOW,NORMAL,FALSE,FALSE,NORMAL,NORMAL,LOW,FALSE,HIGH,LOW,NORMAL,FALSE,NORMAL
FALSE,FALSE,NORMAL,FALSE,HIGH,FALSE,LOW,LOW,NORMAL,LOW,NORMAL,LOW,HIGH,LOW,NORMAL,FALSE,HIGH,NORMAL,LOW,NORMAL,ZERO,FALSE,LOW,ZERO,LOW,LOW,FALSE,TRUE,LOW,HIGH,LOW,FALSE,NORMAL,ZERO,LOW,FALSE,HIGH
FALSE,FALSE,NORMAL,FALSE,HIGH,FALSE,HIGH,NORMAL,NORMAL,HIGH,NORMAL,LOW,HIGH,HIGH,NORMAL,FALSE,NORMAL,NORMAL,NORMAL,NORMAL,ZERO,FALSE,LOW,ZERO,LOW,HIGH,FALSE,FALSE,HIGH,NORMAL,LOW,FALSE,HIGH,ZERO,NORMAL,FALSE,NORMAL
FALSE,FALSE,NORMAL,FALSE,LOW,FALSE,HIGH,HIGH,NORMAL,LOW,ZERO,ZERO,HIGH,HIGH,NORMAL,FALSE,NORMAL,NORMAL,LOW,NORMAL,LOW,FALSE,HIGH,HIGH,NORMAL,HIGH,FALSE,FALSE,HIGH,NORMAL,LOW,FALSE,HIGH,HIGH,NORMAL,FALSE,HIGH
TRUE,TRUE,NORMAL,FALSE,NORMAL,FALSE,LOW,LOW,NORMAL,LOW,ZERO,ZERO,HIGH,LOW,ONESIDED,FALSE,NORMAL,NORMAL,NORMAL,NORMAL,ZERO,FALSE,LOW,NORMAL,LOW,HIGH,FALSE,FALSE,HIGH,NORMAL,LOW,FALSE,HIGH,NORMAL,NORMAL,FALSE,HIGH
FALSE,FALSE,NORMAL,FALSE,HIGH,TRUE,HIGH,HIGH,NORMAL,HIGH,NORMAL,LOW,HIGH,HIGH,NORMAL,FALSE,NORMAL,NORMAL,HIGH,NORMAL,ZERO,FALSE,LOW,ZERO,LOW,NORMAL,FALSE,FALSE,NORMAL,NORMAL,LOW,FALSE,HIGH,ZERO,NORMAL,FALSE,NORMAL
FALSE,FALSE,NORMAL,FALSE,HIGH,FALSE,HIGH,ZERO,NORMAL,LOW,LOW,ZERO,HIGH,HIGH,ESOPHAGEAL,FALSE,NORMAL,LOW,LOW,NORMAL,ZERO,FALSE,LOW,LOW,LOW,HIGH,FALSE,FALSE,HIGH,NORMAL,LOW,FALSE,HIGH,LOW,NORMAL,FALSE,NORMAL
FALSE,FALSE,NORMAL,FALSE,HIGH,FALSE,HIGH,LOW,NORMAL,HIGH,NORMAL,LOW,HIGH,HIGH,NORMAL,FALSE,HIGH,NORMAL,HIGH,NORMAL,ZERO,FALSE,LOW,ZERO,LOW,HIGH,FALSE,TRUE,HIGH,HIGH,LOW,FALSE,HIGH,ZERO,NORMAL,FALSE,NORMAL
FALSE,FALSE,NORMAL,TRUE,LOW,FALSE,LOW,LOW,NORMAL,LOW,HIGH,HIGH,HIGH,LOW,NORMAL,FALSE,NORMAL,NORMAL,NORMAL,NORMAL,LOW,FALSE,HIGH,ZERO,LOW,HIGH,FALSE,FALSE,HIGH,NORMAL,HIGH,FALSE,LOW,HIGH,NORMAL,FALSE,NORMAL
FALSE,TRUE,NORMAL,FALSE,HIGH,FALSE,HIGH,HIGH,NORMAL,HIGH,NORMAL,LOW,HIGH,HIGH,NORMAL,FALSE,HIGH,NORMAL,NORMAL,HIGH,ZERO,FALSE,LOW,ZERO,LOW,HIGH,FALSE,FALSE,HIGH,HIGH,LOW,FALSE,HIGH,ZERO,NORMAL,FALSE,NORMAL
FALSE,FALSE,NORMAL,FALSE,HIGH,TRUE,NORMAL,HIGH,NORMAL,HIGH,NORMAL,LOW,HIGH,HIGH,ONESIDED,TRUE,NORMAL,NORMAL,HIGH,NORMAL,LOW,FALSE,LOW,LOW,NORMAL,NORMAL,FALSE,FALSE,NORMAL,NORMAL,LOW,FALSE,HIGH,LOW,NORMAL,FALSE,HIGH
FALSE,TRUE,NORMAL,FALSE,HIGH,TRUE,HIGH,HIGH,NORMAL,LOW,LOW,ZERO,HIGH,HIGH,NORMAL,FALSE,NORMAL,LOW,LOW,NORMAL,ZERO,FALSE,LOW,ZERO,LOW,NORMAL,FALSE,FALSE,NORMAL,NORMAL,LOW,FALSE,HIGH,ZERO,NORMAL,FALSE,NORMAL
FALSE,FALSE,NORMAL,FALSE,HIGH,FALSE,LOW,HIGH,NORMAL,NORMAL,NORMAL,LOW,HIGH,NORMAL,NORMAL,FALSE,HIGH,NORMAL,NORMAL,HIGH,ZERO,FALSE,LOW,ZERO,LOW,LOW,FALSE,TRUE,LOW,HIGH,LOW,FALSE,NORMAL,ZERO,NORMAL,FALSE,NORMAL
TRUE,FALSE,NORMAL,FALSE,LOW,FALSE,LOW,HIGH,NORMAL,HIGH,NORMAL,ZERO,NORMAL,NORMAL,NORMAL,FALSE,NORMAL,NORMAL,HIGH,NORMAL,LOW,FALSE,HIGH,HIGH,LOW,LOW,FALSE,FALSE,LOW,NORMAL,HIGH,FALSE,NORMAL,HIGH,NORMAL,FALSE,NORMAL
FALSE,FALSE,LOW,FALSE,HIGH,FALSE,HIGH,ZERO,NORMAL,NORMAL,NORMAL,LOW,HIGH,HIGH,NORMAL,FALSE,NORMAL,NORMAL,NORMAL,NORMAL,ZERO,FALSE,LOW,ZERO,LOW,HIGH,FALSE,FALSE,HIGH,NORMAL,LOW,FALSE,HIGH,ZERO,NORMAL,TRUE,NORMAL
FALSE,FALSE,NORMAL,TRUE,HIGH,FALSE,LOW,LOW,NORMAL,LOW,NORMAL,LOW,HIGH,LOW,NORMAL,FALSE,LOW,NORMAL,LOW,LOW,ZERO,FALSE,LOW,ZERO,LOW,LOW,TRUE,FALSE,LOW,LOW,LOW,FALSE,NORMAL,ZERO,LOW,FALSE,NORMAL
FALSE,FALSE,NORMAL,FALSE,HIGH,FALSE,HIGH,LOW,NORMAL,HIGH,NORMAL,LOW,HIGH,HIGH,NORMAL,FALSE,NORMAL,NORMAL,NORMAL,NORMAL,ZERO,FALSE,LOW,ZERO,LOW,HIGH,FALSE,FALSE,HIGH,NORMAL,LOW,FALSE,HIGH,ZERO,NORMAL,FALSE,HIGH
FALSE,FALSE,NORMAL,FALSE,NORMAL,FALSE,HIGH,LOW,NORMAL,LOW,LOW,ZERO,HIGH,HIGH,ONESIDED,FALSE,NORMAL,LOW,HIGH,NORMAL,ZERO,FALSE,LOW,NORMAL,LOW,HIGH,FALSE,FALSE,HIGH,NORMAL,LOW,FALSE,HIGH,NORMAL,NORMAL,FALSE,HIGH
FALSE,TRUE,NORMAL,FALSE,HIGH,FALSE,NORMAL,LOW,NORMAL,LOW,HIGH,HIGH,HIGH,LOW,NORMAL,FALSE,HIGH,HIGH,NORMAL,LOW,LOW,FALSE,LOW,HIGH,NORMAL,HIGH,FALSE,TRUE,HIGH,HIGH,LOW,FALSE,HIGH,ZERO,LOW,FALSE,NORMAL
FALSE,FALSE,NORMAL,FALSE,HIGH,FALSE,HIGH,NORMAL,NORMAL,LOW,NORMAL,LOW,HIGH,HIGH,NORMAL,FALSE,NORMAL,NORMAL,NORMAL,NORMAL,ZERO,FALSE,LOW,ZERO,LOW,HIGH,FALSE,FALSE,HIGH,NORMAL,HIGH,FALSE,HIGH,ZERO,NORMAL,FALSE,NORMAL
TRUE,FALSE,NORMAL,FALSE,HIGH,FALSE,HIGH,HIGH,NORMAL,HIGH,NORMAL,ZERO,HIGH,HIGH,NORMAL,FALSE,NORMAL,NORMAL,HIGH,NORMAL,ZERO,FALSE,LOW,ZERO,LOW,HIGH,FALSE,FALSE,HIGH,NORMAL,LOW,FALSE,HIGH,ZERO,NORMAL,FALSE,NORMAL
FALSE,FALSE,NORMAL,FALSE,HIGH,FALSE,HIGH,NORMAL,NORMAL,LOW,NORMAL,LOW,HIGH,HIGH,NORMAL,FALSE,NORMAL,NORMAL,LOW,NORMAL,ZERO,FALSE,LOW,ZERO,LOW,HIGH,FALSE,FALSE,HIGH,NORMAL,LOW,FALSE,HIGH,ZERO,NORMAL,FALSE,NORMAL
TRUE,TRUE,HIGH,FALSE,NORMAL,TRUE,NORMAL,HIGH,NORMAL,LOW,LOW,ZERO,HIGH,HIGH,NORMAL,TRUE,LOW,LOW,LOW,LOW,LOW,FALSE,HIGH,HIGH,ZERO,NORMAL,FALSE,FALSE,NORMAL,LOW,HIGH,FALSE,HIGH,HIGH,NORMAL,FALSE,NORMAL
FALSE,FALSE,NORMAL,FALSE,HIGH,FALSE,HIGH,NORMAL,NORMAL,LOW,NORMAL,LOW,HIGH,HIGH,NORMAL,FALSE,NORMAL,NORMAL,LOW,NORMAL,ZERO,FALSE,LOW,ZERO,LOW,HIGH,FALSE,TRUE,HIGH,NORMAL,LOW,FALSE,HIGH,ZERO,NORMAL,FALSE,NORMAL
FALSE,FALSE,NORMAL,FALSE,HIGH,FALSE,HIGH,HIGH,NORMAL,HIGH,NORMAL,LOW,HIGH,HIGH,ESOPHAGEAL,FALSE,NORMAL,NORMAL,NORMAL,NORMAL,LOW,FALSE,LOW,ZERO,NORMAL,HIGH,FALSE,FALSE,HIGH,NORMAL,LOW,FALSE,HIGH,ZERO,NORMAL,FALSE,NORMAL
FALSE,FALSE,NORMAL,FALSE,HIGH,FALSE,HIGH,HIGH,NORMAL,HIGH,NORMAL,LOW,HIGH,HIGH,ONESIDED,FALSE,NORMAL,NORMAL,NORMAL,NORMAL,LOW,FALSE,LOW,ZERO,NORMAL,HIGH,FALSE,FALSE,HIGH,NORMAL,LOW,FALSE,HIGH,LOW,NORMAL,FALSE,HIGH
FALSE,TRUE,NORMAL,FALSE,HIGH,FALSE,NORMAL,HIGH,NORMAL,HIGH,NORMAL,LOW,NORMAL,HIGH,NORMAL,TRUE,HIGH,NORMAL,NORMAL,NORMAL,ZERO,FALSE,LOW,ZERO,LOW,HIGH,FALSE,FALSE,HIGH,NORMAL,LOW,FALSE,HIGH,ZERO,NORMAL,TRUE,NORMAL
FALSE,FALSE,NORMAL,FALSE,HIGH,FALSE,HIGH,LOW,NORMAL,NORMAL,NORMAL,LOW,HIGH,HIGH,NORMAL,FALSE,LOW,NORMAL,LOW,LOW,ZERO,FALSE,LOW,ZERO,LOW,HIGH,FALSE,FALSE,HIGH,LOW,LOW,FALSE,HIGH,ZERO,NORMAL,FALSE,NORMAL
FALSE,FALSE,NORMAL,FALSE,HIGH,FALSE,HIGH,LOW,NORMAL,HIGH,NORMAL,LOW,HIGH,HIGH,NORMAL,FALSE,NORMAL,NORMAL,NORMAL,NORMAL,ZERO,FALSE,LOW,ZERO,LOW,HIGH,FALSE,FALSE,HIGH,NORMAL,LOW,FALSE,HIGH,ZERO,NORMAL,FALSE,NORMAL
FALSE,FALSE,NORMAL,FALSE,LOW,FALSE,LOW,LOW,NORMAL,NORMAL,HIGH,HIGH,NORMAL,NORMAL,NORMAL,FALSE,NORMAL,HIGH,HIGH,NORMAL,LOW,FALSE,HIGH,HIGH,LOW,LOW,FALSE,FALSE,LOW,NORMAL,HIGH,FALSE,NORMAL,HIGH,NORMAL,FALSE,NORMAL
FALSE,TRUE,NORMAL,FALSE,HIGH,FALSE,HIGH,NORMAL,NORMAL,HIGH,NORMAL,LOW,HIGH,HIGH,NORMAL,FALSE,NORMAL,NORMAL,HIGH,NORMAL,ZERO,FALSE,LOW,ZERO,LOW,HIGH,FALSE,FALSE,HIGH,NORMAL,LOW,FALSE,HIGH,ZERO,NORMAL,FALSE,NORMAL
FALSE,TRUE,NORMAL,FALSE,HIGH,FALSE,NORMAL,NORMAL,NORMAL,HIGH,NORMAL,LOW,HIGH,HIGH,NORMAL,TRUE,NORMAL,NORMAL,HIGH,NORMAL,ZERO,FALSE,LOW,ZERO,LOW,HIGH,FALSE,FALSE,HIGH,NORMAL,LOW,FALSE,HIGH,ZERO,NORMAL,FALSE,NORMAL
FALSE,FALSE,NORMAL,FALSE,HIGH,FALSE,HIGH,LOW,NORMAL,NORMAL,NORMAL,LOW,HIGH,NORMAL,NORMAL,FALSE,HIGH,NORMAL,HIGH,HIGH,ZERO,FALSE,LOW,ZERO,LOW,HIGH,FALSE,FALSE,HIGH,HIGH,LOW,FALSE,HIGH,ZERO,NORMAL,FALSE,NORMAL
FALSE,FALSE,NORMAL,FALSE,HIGH,FALSE,HIGH,HIGH,NORMAL,HIGH,NORMAL,LOW,HIGH,HIGH,NORMAL,FALSE,NORMAL,NORMAL,HIGH,NORMAL,ZERO,FALSE,LOW,ZERO,LOW,HIGH,FALSE,FALSE,HIGH,NORMAL,LOW,FALSE,HIGH,ZERO,NORMAL,FALSE,NORMAL
FALSE,FALSE,NORMAL,FALSE,HIGH,FALSE,HIGH,HIGH,NORMAL,LOW,NORMAL,LOW,HIGH,NORMAL,NORMAL,FALSE,HIGH,NORMAL,LOW,HIGH,ZERO,FALSE,LOW,ZERO,LOW,HIGH,FALSE,TRUE,HIGH,HIGH,LOW,FALSE,HIGH,ZERO,LOW,FALSE,NORMAL
FALSE,FALSE,NORMAL,FALSE,LOW,FALSE,LOW,LOW,NORMAL,HIGH,NORMAL,HIGH,NORMAL,NORMAL,NORMAL,FALSE,NORMAL,NORMAL,HIGH,NORMAL,LOW,FALSE,HIGH,HIGH,LOW,LOW,FALSE,FALSE,LOW,NORMAL,HIGH,FALSE,NORMAL,HIGH,NORMAL,FALSE,NORMAL
FALSE,FALSE,NORMAL,FALSE,LOW,FALSE,LOW,HIGH,NORMAL,NORMAL,HIGH,HIGH,NORMAL,NORMAL,ESOPHAGEAL,FALSE,NORMAL,HIGH,NORMAL,NORMAL,NORMAL,FALSE,HIGH,LOW,NORMAL,LOW,FALSE,FALSE,LOW,NORMAL,HIGH,FALSE,NORMAL,HIGH,NORMAL,FALSE,NORMAL
TRUE,FALSE,LOW,FALSE,LOW,FALSE,LOW,HIGH,NORMAL,NORMAL,NORMAL,ZERO,NORMAL,NORMAL,NORMAL,FALSE,NORMAL,NORMAL,HIGH,NORMAL,LOW,FALSE,HIGH,LOW,LOW,LOW,FALSE,FALSE,LOW,NORMAL,HIGH,FALSE,NORMAL,HIGH,NORMAL,FALSE,NORMAL
FALSE,FALSE,NORMAL,FALSE,HIGH,FALSE,NORMAL,ZERO,NORMAL,NORMAL,LOW,ZERO,HIGH,HIGH,ESOPHAGEAL,TRUE,LOW,LOW,HIGH,LOW,ZERO,FALSE,LOW,LOW,LOW,HIGH,FALSE,FALSE,HIGH,LOW,LOW,FALSE,HIGH,LOW,NORMAL,FALSE,NORMAL
FALSE,FALSE,NORMAL,FALSE,HIGH,FALSE,HIGH,NORMAL,NORMAL,HIGH,NORMAL,LOW,HIGH,HIGH,NORMAL,FALSE,NORMAL,NORMAL,NORMAL,NORMAL,ZERO,FALSE,LOW,ZERO,LOW,HIGH,FALSE,FALSE,HIGH,NORMAL,LOW,FALSE,HIGH,ZERO,NORMAL,FALSE,NORMAL
FALSE,FALSE,NORMAL,FALSE,HIGH,FALSE,HIGH,NORMAL,NORMAL,HIGH,NORMAL,LOW,HIGH,HIGH,NORMAL,FALSE,NORMAL,NORMAL,HIGH,NORMAL,ZERO,FALSE,LOW,ZERO,LOW,HIGH,FALSE,FALSE,HIGH,NORMAL,LOW,FALSE,HIGH,ZERO,NORMAL,FALSE,HIGH
FALSE,FALSE,NORMAL,FALSE,HIGH,FALSE,HIGH,HIGH,NORMAL,LOW,NORMAL,LOW,HIGH,HIGH,ESOPHAGEAL,FALSE,NORMAL,NORMAL,LOW,NORMAL,ZERO,FALSE,NORMAL,LOW,LOW,HIGH,FALSE,FALSE,HIGH,NORMAL,NORMAL,FALSE,HIGH,LOW,NORMAL,FALSE,NORMAL
FALSE,FALSE,NORMAL,FALSE,HIGH,FALSE,LOW,HIGH,NORMAL,HIGH,NORMAL,LOW,HIGH,NORMAL,NORMAL,FALSE,NORMAL,NORMAL,NORMAL,NORMAL,ZERO,FALSE,LOW,ZERO,LOW,LOW,FALSE,FALSE,LOW,NORMAL,LOW,FALSE,NORMAL,ZERO,NORMAL,FALSE,NORMAL
FALSE,FALSE,NORMAL,FALSE,HIGH,FALSE,HIGH,LOW,NORMAL,HIGH,NORMAL,LOW,NORMAL,HIGH,NORMAL,FALSE,NORMAL,NORMAL,HIGH,NORMAL,ZERO,FALSE,LOW,ZERO,LOW,HIGH,FALSE,FALSE,HIGH,NORMAL,LOW,FALSE,HIGH,ZERO,NORMAL,FALSE,NORMAL
FALSE,FALSE,LOW,TRUE,HIGH,FALSE,HIGH,HIGH,NORMAL,LOW,HIGH,LOW,HIGH,LOW,NORMAL,FALSE,LOW,HIGH,NORMAL,LOW,ZERO,FALSE,LOW,ZERO,LOW,HIGH,TRUE,FALSE,HIGH,LOW,LOW,FALSE,HIGH,ZERO,LOW,FALSE,NORMAL
FALSE,FALSE,NORMAL,FALSE,HIGH,FALSE,HIGH,NORMAL,LOW,LOW,NORMAL,LOW,HIGH,HIGH,NORMAL,FALSE,HIGH,NORMAL,LOW,HIGH,ZERO,FALSE,LOW,ZERO,LOW,HIGH,FALSE,TRUE,HIGH,HIGH,LOW,FALSE,HIGH,ZERO,NORMAL,FALSE,NORMAL
TRUE,FALSE,LOW,FALSE,LOW,FALSE,HIGH,HIGH,NORMAL,LOW,NORMAL,ZERO,HIGH,LOW,NORMAL,FALSE,HIGH,NORMAL,LOW,HIGH,LOW,FALSE,HIGH,HIGH,LOW,HIGH,FALSE,TRUE,HIGH,HIGH,HIGH,FALSE,HIGH,HIGH,LOW,FALSE,NORMAL
FALSE,FALSE,NORMAL,FALSE,HIGH,FALSE,HIGH,HIGH,NORMAL,HIGH,NORMAL,LOW,HIGH,HIGH,NORMAL,FALSE,NORMAL,NORMAL,NORMAL,NORMAL,ZERO,FALSE,LOW,ZERO,LOW,HIGH,FALSE,FALSE,HIGH,NORMAL,LOW,FALSE,HIGH,ZERO,HIGH,FALSE,NORMAL
FALSE,FALSE,NORMAL,FALSE,HIGH,FALSE,HIGH,NORMAL,NORMAL,HIGH,NORMAL,LOW,HIGH,HIGH,NORMAL,FALSE,NORMAL,NORMAL,NORMAL,NORMAL,ZERO,FALSE,LOW,ZERO,LOW,HIGH,FALSE,FALSE,HIGH,NORMAL,LOW,FALSE,HIGH,ZERO,NORMAL,FALSE,NORMAL
FALSE,FALSE,NORMAL,FALSE,LOW,FALSE,HIGH,HIGH,LOW,HIGH,ZERO,ZERO,HIGH,HIGH,NORMAL,FALSE,NORMAL,NORMAL,NORMAL,NORMAL,LOW,FALSE,NORMAL,HIGH,LOW,HIGH,FALSE,FALSE,HIGH,NORMAL,NORMAL,FALSE,HIGH,HIGH,NORMAL,FALSE,NORMAL
FALSE,FALSE,NORMAL,FALSE,HIGH,FALSE,HIGH,NORMAL,NORMAL,HIGH,NORMAL,LOW,HIGH,HIGH,NORMAL,FALSE,NORMAL,NORMAL,HIGH,NORMAL,ZERO,FALSE,LOW,ZERO,LOW,HIGH,FALSE,FALSE,HIGH,NORMAL,LOW,FALSE,HIGH,ZERO,NORMAL,FALSE,NORMAL
FALSE,FALSE,LOW,TRUE,HIGH,FALSE,LOW,HIGH,LOW,LOW,NORMAL,LOW,HIGH,LOW,NORMAL,FALSE,LOW,NORMAL,LOW,LOW,ZERO,FALSE,LOW,ZERO,LOW,LOW,TRUE,TRUE,LOW,LOW,LOW,FALSE,NORMAL,ZERO,LOW,FALSE,NORMAL
FALSE,TRUE,NORMAL,FALSE,HIGH,FALSE,HIGH,HIGH,NORMAL,HIGH,NORMAL,LOW,HIGH,HIGH,NORMAL,FALSE,NORMAL,NORMAL,HIGH,NORMAL,ZERO,FALSE,LOW,ZERO,LOW,HIGH,FALSE,FALSE,HIGH,NORMAL,LOW,FALSE,HIGH,ZERO,NORMAL,FALSE,NORMAL
FALSE,FALSE,NORMAL,FALSE,HIGH,FALSE,HIGH,NORMAL,NORMAL,HIGH,NORMAL,LOW,HIGH,HIGH,NORMAL,FALSE,NORMAL,NORMAL,HIGH,NORMAL,ZERO,FALSE,LOW,ZERO,LOW,HIGH,FALSE,FALSE,HIGH,NORMAL,LOW,FALSE,HIGH,ZERO,NORMAL,FALSE,NORMAL
FALSE,FALSE,NORMAL,FALSE,HIGH,FALSE,HIGH,NORMAL,NORMAL,HIGH,NORMAL,LOW,HIGH,HIGH,NORMAL,FALSE,NORMAL,NORMAL,HIGH,NORMAL,ZERO,FALSE,LOW,ZERO,LOW,HIGH,FALSE,FALSE,HIGH,NORMAL,LOW,FALSE,HIGH,ZERO,NORMAL,FALSE,NORMAL
FALSE,FALSE,NORMAL,FALSE,HIGH,FALSE,HIGH,NORMAL,NORMAL,HIGH,NORMAL,LOW,HIGH,HIGH,NORMAL,FALSE,NORMAL,NORMAL,NORMAL,NORMAL,ZERO,FALSE,LOW,ZERO,LOW,HIGH,FALSE,FALSE,HIGH,NORMAL,LOW,FALSE,HIGH,ZERO,HIGH,FALSE,NORMAL
FALSE,FALSE,NORMAL,FALSE,HIGH,FALSE,HIGH,LOW,NORMAL,LOW,NORMAL,LOW,HIGH,HIGH,NORMAL,FALSE,NORMAL,NORMAL,LOW,NORMAL,ZERO,FALSE,LOW,ZERO,LOW,HIGH,FALSE,FALSE,HIGH,NORMAL,LOW,FALSE,HIGH,ZERO,NORMAL,FALSE,NORMAL
FALSE,FALSE,NORMAL,FALSE,HIGH,FALSE,HIGH,LOW,NORMAL,NORMAL,NORMAL,LOW,HIGH,HIGH,NORMAL,FALSE,HIGH,NORMAL,NORMAL,HIGH,ZERO,FALSE,LOW,ZERO,LOW,LOW,FALSE,FALSE,HIGH,HIGH,LOW,FALSE,HIGH,ZERO,NORMAL,FALSE,NORMAL
FALSE,FALSE,NORMAL,FALSE,HIGH,FALSE,HIGH,LOW,NORMAL,LOW,NORMAL,LOW,HIGH,LOW,NORMAL,FALSE,HIGH,NORMAL,LOW,NORMAL,HIGH,FALSE,LOW,LOW,HIGH,HIGH,FALSE,TRUE,HIGH,HIGH,LOW,FALSE,HIGH,LOW,LOW,FALSE,NORMAL
FALSE,FALSE,NORMAL,FALSE,HIGH,TRUE,HIGH,LOW,NORMAL,HIGH,NORMAL,LOW,HIGH,HIGH,NORMAL,FALSE,LOW,NORMAL,NORMAL,NORMAL,ZERO,FALSE,LOW,ZERO,NORMAL,NORMAL,FALSE,FALSE,NORMAL,NORMAL,LOW,FALSE,HIGH,ZERO,NORMAL,FALSE,NORMAL
FALSE,TRUE,NORMAL,FALSE,HIGH,FALSE,HIGH,NORMAL,NORMAL,HIGH,NORMAL,LOW,HIGH,HIGH,NORMAL,FALSE,NORMAL,NORMAL,HIGH,NORMAL,ZERO,FALSE,LOW,ZERO,LOW,HIGH,FALSE,FALSE,HIGH,NORMAL,LOW,FALSE,HIGH,ZERO,NORMAL,FALSE,NORMAL
FALSE,FALSE,NORMAL,FALSE,HIGH,FALSE,HIGH,HIGH,NORMAL,HIGH,NORMAL,LOW,HIGH,HIGH,NORMAL,FALSE,HIGH,NORMAL,NORMAL,HIGH,ZERO,FALSE,LOW,ZERO,LOW,HIGH,FALSE,TRUE,HIGH,HIGH,LOW,FALSE,HIGH,ZERO,NORMAL,FALSE,NORMAL
FALSE,TRUE,LOW,FALSE,HIGH,FALSE,HIGH,NORMAL,NORMAL,LOW,NORMAL,LOW,HIGH,HIGH,NORMAL,FALSE,NORMAL,NORMAL,LOW,NORMAL,ZERO,FALSE,LOW,ZERO,LOW,HIGH,FALSE,FALSE,HIGH,NORMAL,LOW,FALSE,HIGH,ZERO,NORMAL,FALSE,HIGH
FALSE,TRUE,NORMAL,FALSE,HIGH,FALSE,HIGH,HIGH,NORMAL,HIGH,NORMAL,LOW,HIGH,HIGH,NORMAL,FALSE,HIGH,NORMAL,HIGH,HIGH,ZERO,FALSE,LOW,ZERO,LOW,HIGH,FALSE,TRUE,HIGH,HIGH,LOW,FALSE,HIGH,ZERO,NORMAL,FALSE,HIGH
FALSE,FALSE,NORMAL,FALSE,NORMAL,FALSE,HIGH,LOW,NORMAL,LOW,LOW,HIGH,HIGH,HIGH,NORMAL,FALSE,NORMAL,LOW,LOW,NORMAL,LOW,TRUE,HIGH,HIGH,ZERO,HIGH,FALSE,FALSE,HIGH,NORMAL,LOW,FALSE,HIGH,HIGH,NORMAL,FALSE,NORMAL
FALSE,FALSE,NORMAL,FALSE,HIGH,FALSE,HIGH,LOW,NORMAL,LOW,NORMAL,LOW,HIGH,HIGH,NORMAL,FALSE,NORMAL,NORMAL,LOW,NORMAL,ZERO,FALSE,LOW,ZERO,LOW,HIGH,FALSE,FALSE,HIGH,NORMAL,LOW,FALSE,HIGH,ZERO,NORMAL,FALSE,NORMAL
FALSE,FALSE,NORMAL,FALSE,HIGH,FALSE,HIGH,LOW,NORMAL,HIGH,NORMAL,LOW,HIGH,HIGH,NORMAL,FALSE,NORMAL,NORMAL,NORMAL,NORMAL,ZERO,FALSE,LOW,ZERO,LOW,HIGH,FALSE,TRUE,HIGH,HIGH,LOW,FALSE,HIGH,ZERO,NORMAL,FALSE,NORMAL
FALSE,FALSE,NORMAL,FALSE,NORMAL,TRUE,LOW,HIGH,NORMAL,NORMAL,NORMAL,LOW,NORMAL,NORMAL,ONESIDED,FALSE,HIGH,NORMAL,HIGH,HIGH,ZERO,FALSE,LOW,NORMAL,LOW,NORMAL,FALSE,TRUE,HIGH,HIGH,LOW,FALSE,NORMAL,NORMAL,NORMAL,FALSE,HIGH
FALSE,FALSE,NORMAL,FALSE,HIGH,TRUE,NORMAL,NORMAL,NORMAL,NORMAL,NORMAL,LOW,HIGH,HIGH,NORMAL,TRUE,NORMAL,NORMAL,NORMAL,HIGH,ZERO,FALSE,LOW,ZERO,LOW,NORMAL,FALSE,FALSE,NORMAL,NORMAL,LOW,FALSE,HIGH,ZERO,NORMAL,FALSE,NORMAL
FALSE,FALSE,NORMAL,FALSE,HIGH,FALSE,HIGH,LOW,NORMAL,LOW,NORMAL,LOW,HIGH,HIGH,NORMAL,FALSE,HIGH,NORMAL,LOW,HIGH,ZERO,FALSE,LOW,ZERO,LOW,HIGH,FALSE,TRUE,HIGH,HIGH,LOW,FALSE,HIGH,ZERO,NORMAL,TRUE,HIGH
TRUE,TRUE,LOW,FALSE,HIGH,FALSE,HIGH,HIGH,NORMAL,HIGH,HIGH,NORMAL,HIGH,HIGH,NORMAL,FALSE,NORMAL,LOW,NORMAL,NORMAL,HIGH,FALSE,LOW,LOW,HIGH,HIGH,FALSE,FALSE,HIGH,NORMAL,LOW,FALSE,HIGH,LOW,HIGH,FALSE,NORMAL
FALSE,FALSE,NORMAL,FALSE,HIGH,FALSE,LOW,HIGH,NORMAL,LOW,NORMAL,LOW,HIGH,HIGH,NORMAL,FALSE,NORMAL,NORMAL,LOW,NORMAL,ZERO,FALSE,LOW,ZERO,LOW,HIGH,FALSE,FALSE,HIGH,NORMAL,LOW,FALSE,HIGH,ZERO,NORMAL,FALSE,NORMAL
FALSE,FALSE,NORMAL,FALSE,HIGH,FALSE,LOW,NORMAL,NORMAL,NORMAL,NORMAL,LOW,HIGH,NORMAL,NORMAL,FALSE,NORMAL,NORMAL,NORMAL,NORMAL,ZERO,FALSE,LOW,ZERO,LOW,LOW,FALSE,FALSE,LOW,NORMAL,LOW,FALSE,NORMAL,ZERO,NORMAL,FALSE,NORMAL
FALSE,FALSE,NORMAL,FALSE,HIGH,FALSE,HIGH,HIGH,NORMAL,HIGH,NORMAL,LOW,HIGH,HIGH,NORMAL,FALSE,HIGH,NORMAL,NORMAL,HIGH,ZERO,FALSE,LOW,ZERO,LOW,HIGH,FALSE,TRUE,HIGH,HIGH,LOW,FALSE,HIGH,ZERO,NORMAL,FALSE,NORMAL
FALSE,FALSE,NORMAL,FALSE,HIGH,FALSE,HIGH,HIGH,NORMAL,LOW,ZERO,ZERO,HIGH,LOW,NORMAL,FALSE,HIGH,NORMAL,NORMAL,HIGH,ZERO,FALSE,LOW,ZERO,LOW,HIGH,FALSE,TRUE,HIGH,HIGH,LOW,FALSE,HIGH,ZERO,LOW,FALSE,HIGH
FALSE,FALSE,NORMAL,TRUE,HIGH,FALSE,HIGH,HIGH,NORMAL,NORMAL,NORMAL,LOW,HIGH,NORMAL,ESOPHAGEAL,FALSE,LOW,NORMAL,NORMAL,LOW,ZERO,FALSE,LOW,LOW,LOW,HIGH,TRUE,FALSE,HIGH,LOW,LOW,FALSE,HIGH,LOW,LOW,FALSE,NORMAL
FALSE,FALSE,NORMAL,TRUE,LOW,FALSE,HIGH,HIGH,NORMAL,NORMAL,LOW,ZERO,HIGH,NORMAL,NORMAL,FALSE,LOW,LOW,NORMAL,LOW,LOW,FALSE,HIGH,HIGH,LOW,HIGH,TRUE,FALSE,HIGH,LOW,HIGH,FALSE,HIGH,HIGH,LOW,FALSE,NORMAL
FALSE,FALSE,LOW,FALSE,NORMAL,FALSE,HIGH,ZERO,NORMAL,LOW,NORMAL,LOW,HIGH,NORMAL,ONESIDED,FALSE,HIGH,NORMAL,LOW,NORMAL,ZERO,FALSE,LOW,NORMAL,LOW,HIGH,FALSE,TRUE,HIGH,HIGH,LOW,FALSE,HIGH,NORMAL,LOW,TRUE,HIGH
FALSE,FALSE,NORMAL,FALSE,LOW,FALSE,HIGH,HIGH,NORMAL,HIGH,NORMAL,ZERO,HIGH,HIGH,NORMAL,FALSE,NORMAL,NORMAL,NORMAL,NORMAL,LOW,FALSE,HIGH,HIGH,LOW,HIGH,FALSE,FALSE,HIGH,NORMAL,HIGH,FALSE,HIGH,HIGH,HIGH,FALSE,NORMAL
TRUE,FALSE,NORMAL,FALSE,HIGH,TRUE,HIGH,HIGH,NORMAL,HIGH,NORMAL,ZERO,HIGH,HIGH,NORMAL,FALSE,NORMAL,NORMAL,HIGH,NORMAL,ZERO,FALSE,LOW,ZERO,LOW,NORMAL,FALSE,FALSE,NORMAL,NORMAL,LOW,FALSE,HIGH,ZERO,NORMAL,FALSE,NORMAL
FALSE,FALSE,NORMAL,FALSE,NORMAL,FALSE,HIGH,NORMAL,NORMAL,LOW,NORMAL,LOW,HIGH,NORMAL,NORMAL,FALSE,NORMAL,NORMAL,LOW,NORMAL,ZERO,FALSE,LOW,ZERO,LOW,HIGH,FALSE,FALSE,HIGH,NORMAL,LOW,FALSE,HIGH,ZERO,NORMAL,FALSE,NORMAL
FALSE,FALSE,NORMAL,FALSE,LOW,FALSE,LOW,HIGH,NORMAL,HIGH,LOW,ZERO,NORMAL,NORMAL,NORMAL,FALSE,NORMAL,NORMAL,HIGH,NORMAL,LOW,FALSE,HIGH,HIGH,LOW,LOW,FALSE,FALSE,LOW,NORMAL,HIGH,FALSE,NORMAL,HIGH,NORMAL,FALSE,NORMAL
FALSE,FALSE,NORMAL,FALSE,HIGH,FALSE,HIGH,HIGH,NORMAL,LOW,NORMAL,LOW,HIGH,LOW,NORMAL,FALSE,HIGH,NORMAL,LOW,LOW,ZERO,FALSE,LOW,ZERO,LOW,HIGH,FALSE,TRUE,HIGH,HIGH,LOW,FALSE,HIGH,ZERO,LOW,FALSE,NORMAL
FALSE,FALSE,HIGH,TRUE,HIGH,FALSE,HIGH,NORMAL,NORMAL,LOW,NORMAL,LOW,HIGH,HIGH,NORMAL,FALSE,LOW,NORMAL,LOW,LOW,ZERO,FALSE,LOW,ZERO,LOW,LOW,TRUE,FALSE,HIGH,LOW,LOW,TRUE,HIGH,ZERO,NORMAL,TRUE,HIGH
FALSE,FALSE,NORMAL,FALSE,HIGH,FALSE,HIGH,HIGH,NORMAL,LOW,NORMAL,LOW,HIGH,LOW,ESOPHAGEAL,FALSE,NORMAL,NORMAL,NORMAL,NORMAL,LOW,FALSE,LOW,ZERO,NORMAL,HIGH,FALSE,FALSE,HIGH,NORMAL,LOW,FALSE,HIGH,ZERO,LOW,FALSE,NORMAL
FALSE,FALSE,NORMAL,FALSE,HIGH,FALSE,NORMAL,NORMAL,NORMAL,NORMAL,NORMAL,LOW,HIGH,LOW,NORMAL,TRUE,NORMAL,NORMAL,HIGH,NORMAL,ZERO,FALSE,LOW,ZERO,LOW,HIGH,FALSE,FALSE,HIGH,NORMAL,LOW,FALSE,HIGH,ZERO,LOW,FALSE,NORMAL
FALSE,FALSE,NORMAL,FALSE,HIGH,FALSE,HIGH,HIGH,NORMAL,LOW,NORMAL,LOW,HIGH,HIGH,NORMAL,FALSE,HIGH,NORMAL,LOW,NORMAL,ZERO,FALSE,LOW,ZERO,LOW,HIGH,FALSE,FALSE,HIGH,NORMAL,LOW,FALSE,HIGH,ZERO,NORMAL,FALSE,HIGH
FALSE,FALSE,NORMAL,FALSE,HIGH,TRUE,HIGH,NORMAL,NORMAL,HIGH,NORMAL,LOW,HIGH,HIGH,NORMAL,FALSE,NORMAL,NORMAL,NORMAL,NORMAL,ZERO,FALSE,LOW,ZERO,LOW,NORMAL,FALSE,FALSE,NORMAL,NORMAL,LOW,FALSE,HIGH,ZERO,NORMAL,FALSE,NORMAL
FALSE,FALSE,NORMAL,FALSE,HIGH,FALSE,HIGH,HIGH,NORMAL,HIGH,NORMAL,LOW,HIGH,HIGH,NORMAL,FALSE,NORMAL,NORMAL,HIGH,NORMAL,ZERO,FALSE,LOW,ZERO,LOW,HIGH,FALSE,FALSE,HIGH,NORMAL,LOW,FALSE,HIGH,ZERO,NORMAL,FALSE,NORMAL
FALSE,FALSE,NORMAL,FALSE,HIGH,TRUE,HIGH,HIGH,NORMAL,HIGH,NORMAL,LOW,HIGH,HIGH,NORMAL,FALSE,NORMAL,NORMAL,NORMAL,NORMAL,ZERO,FALSE,LOW,ZERO,LOW,NORMAL,FALSE,FALSE,HIGH,NORMAL,LOW,FALSE,HIGH,ZERO,NORMAL,FALSE,NORMAL
FALSE,FALSE,NORMAL,FALSE,HIGH,FALSE,HIGH,HIGH,NORMAL,LOW,NORMAL,LOW,HIGH,LOW,NORMAL,FALSE,HIGH,NORMAL,NORMAL,HIGH,ZERO,FALSE,LOW,ZERO,LOW,HIGH,FALSE,TRUE,HIGH,HIGH,LOW,FALSE,HIGH,ZERO,LOW,FALSE,NORMAL
FALSE,FALSE,NORMAL,TRUE,LOW,TRUE,HIGH,HIGH,NORMAL,LOW,NORMAL,NORMAL,HIGH,LOW,NORMAL,FALSE,LOW,NORMAL,LOW,LOW,NORMAL,FALSE,NORMAL,ZERO,NORMAL,NORMAL,TRUE,FALSE,NORMAL,LOW,NORMAL,FALSE,HIGH,NORMAL,LOW,FALSE,NORMAL
FALSE,FALSE,NORMAL,FALSE,LOW,FALSE,HIGH,LOW,LOW,HIGH,HIGH,HIGH,HIGH,HIGH,NORMAL,FALSE,NORMAL,HIGH,NORMAL,NORMAL,LOW,FALSE,NORMAL,HIGH,LOW,HIGH,FALSE,FALSE,HIGH,NORMAL,NORMAL,FALSE,HIGH,HIGH,NORMAL,FALSE,NORMAL
FALSE,FALSE,NORMAL,FALSE,HIGH,FALSE,HIGH,HIGH,LOW,LOW,NORMAL,LOW,HIGH,LOW,ESOPHAGEAL,FALSE,NORMAL,NORMAL,NORMAL,NORMAL,LOW,FALSE,LOW,ZERO,NORMAL,HIGH,FALSE,FALSE,HIGH,NORMAL,LOW,FALSE,HIGH,ZERO,LOW,FALSE,NORMAL
FALSE,FALSE,NORMAL,FALSE,HIGH,FALSE,HIGH,HIGH,NORMAL,HIGH,NORMAL,LOW,HIGH,HIGH,NORMAL,FALSE,NORMAL,NORMAL,NORMAL,NORMAL,ZERO,FALSE,LOW,ZERO,LOW,HIGH,FALSE,FALSE,HIGH,NORMAL,LOW,FALSE,HIGH,ZERO,NORMAL,FALSE,NORMAL
FALSE,FALSE,NORMAL,FALSE,HIGH,TRUE,LOW,HIGH,NORMAL,HIGH,NORMAL,LOW,NORMAL,NORMAL,NORMAL,TRUE,NORMAL,NORMAL,HIGH,LOW,ZERO,FALSE,LOW,ZERO,LOW,HIGH,FALSE,FALSE,NORMAL,NORMAL,LOW,FALSE,NORMAL,ZERO,NORMAL,FALSE,NORMAL
FALSE,FALSE,NORMAL,FALSE,HIGH,FALSE,HIGH,HIGH,LOW,HIGH,NORMAL,LOW,HIGH,HIGH,NORMAL,FALSE,NORMAL,NORMAL,HIGH,NORMAL,ZERO,FALSE,LOW,ZERO,LOW,HIGH,FALSE,FALSE,HIGH,NORMAL,LOW,FALSE,HIGH,ZERO,NORMAL,FALSE,NORMAL
FALSE,FALSE,NORMAL,FALSE,HIGH,FALSE,HIGH,HIGH,NORMAL,HIGH,NORMAL,LOW,HIGH,HIGH,ESOPHAGEAL,FALSE,NORMAL,NORMAL,HIGH,NORMAL,LOW,FALSE,LOW,ZERO,NORMAL,HIGH,FALSE,FALSE,HIGH,NORMAL,LOW,FALSE,HIGH,ZERO,NORMAL,FALSE,NORMAL
TRUE,FALSE,NORMAL,FALSE,LOW,FALSE,HIGH,HIGH,LOW,HIGH,NORMAL,ZERO,HIGH,HIGH,NORMAL,FALSE,NORMAL,NORMAL,NORMAL,NORMAL,LOW,FALSE,HIGH,HIGH,LOW,HIGH,FALSE,FALSE,HIGH,NORMAL,HIGH,FALSE,HIGH,HIGH,NORMAL,FALSE,NORMAL
FALSE,FALSE,NORMAL,FALSE,HIGH,FALSE,HIGH,NORMAL,NORMAL,LOW,NORMAL,LOW,HIGH,LOW,NORMAL,FALSE,HIGH,NORMAL,LOW,HIGH,ZERO,FALSE,LOW,ZERO,LOW,HIGH,FALSE,TRUE,HIGH,HIGH,LOW,FALSE,HIGH,ZERO,LOW,FALSE,NORMAL
FALSE,FALSE,NORMAL,FALSE,HIGH,FALSE,HIGH,NORMAL,NORMAL,HIGH,NORMAL,LOW,HIGH,HIGH,NORMAL,FALSE,NORMAL,NORMAL,NORMAL,NORMAL,ZERO,FALSE,LOW,ZERO,LOW,HIGH,FALSE,FALSE,HIGH,NORMAL,LOW,FALSE,HIGH,ZERO,NORMAL,FALSE,NORMAL
FALSE,FALSE,NORMAL,FALSE,HIGH,FALSE,HIGH,HIGH,NORMAL,LOW,NORMAL,LOW,HIGH,LOW,ONESIDED,FALSE,NORMAL,NORMAL,NORMAL,NORMAL,HIGH,FALSE,LOW,HIGH,HIGH,HIGH,FALSE,TRUE,HIGH,NORMAL,LOW,FALSE,HIGH,LOW,LOW,FALSE,HIGH
FALSE,FALSE,HIGH,FALSE,HIGH,FALSE,HIGH,HIGH,NORMAL,HIGH,LOW,ZERO,HIGH,HIGH,NORMAL,FALSE,NORMAL,NORMAL,NORMAL,NORMAL,ZERO,FALSE,LOW,ZERO,LOW,HIGH,FALSE,FALSE,HIGH,NORMAL,LOW,TRUE,HIGH,ZERO,NORMAL,FALSE,NORMAL
FALSE,FALSE,NORMAL,FALSE,HIGH,TRUE,HIGH,LOW,NORMAL,HIGH,NORMAL,LOW,HIGH,HIGH,NORMAL,FALSE,NORMAL,NORMAL,HIGH,NORMAL,ZERO,FALSE,LOW,ZERO,ZERO,NORMAL,FALSE,FALSE,NORMAL,NORMAL,LOW,FALSE,HIGH,ZERO,NORMAL,FALSE,NORMAL
FALSE,TRUE,NORMAL,FALSE,LOW,FALSE,HIGH,ZERO,NORMAL,LOW,NORMAL,LOW,HIGH,LOW,NORMAL,FALSE,HIGH,NORMAL,NORMAL,HIGH,ZERO,FALSE,LOW,ZERO,ZERO,HIGH,FALSE,TRUE,HIGH,HIGH,LOW,FALSE,HIGH,ZERO,LOW,FALSE,NORMAL
FALSE,FALSE,NORMAL,FALSE,HIGH,FALSE,HIGH,LOW,NORMAL,LOW,NORMAL,LOW,HIGH,HIGH,NORMAL,FALSE,HIGH,NORMAL,LOW,NORMAL,ZERO,FALSE,NORMAL,ZERO,LOW,HIGH,FALSE,FALSE,HIGH,HIGH,NORMAL,FALSE,HIGH,ZERO,NORMAL,FALSE,NORMAL
FALSE,FALSE,NORMAL,FALSE,LOW,FALSE,HIGH,HIGH,NORMAL,HIGH,LOW,ZERO,HIGH,HIGH,NORMAL,FALSE,NORMAL,LOW,NORMAL,NORMAL,LOW,FALSE,HIGH,HIGH,LOW,HIGH,FALSE,FALSE,HIGH,NORMAL,HIGH,FALSE,HIGH,HIGH,NORMAL,FALSE,NORMAL
FALSE,FALSE,NORMAL,FALSE,NORMAL,FALSE,LOW,LOW,LOW,NORMAL,NORMAL,LOW,HIGH,NORMAL,NORMAL,FALSE,NORMAL,NORMAL,NORMAL,NORMAL,LOW,FALSE,NORMAL,HIGH,ZERO,LOW,FALSE,FALSE,LOW,NORMAL,NORMAL,FALSE,NORMAL,HIGH,HIGH,FALSE,NORMAL
TRUE,FALSE,NORMAL,FALSE,LOW,FALSE,LOW,HIGH,LOW,LOW,NORMAL,ZERO,NORMAL,LOW,NORMAL,FALSE,HIGH,NORMAL,HIGH,NORMAL,LOW,FALSE,NORMAL,HIGH,LOW,LOW,FALSE,FALSE,LOW,NORMAL,NORMAL,FALSE,NORMAL,HIGH,LOW,FALSE,NORMAL
FALSE,FALSE,NORMAL,FALSE,HIGH,FALSE,LOW,HIGH,NORMAL,NORMAL,NORMAL,LOW,HIGH,NORMAL,NORMAL,FALSE,NORMAL,NORMAL,NORMAL,NORMAL,ZERO,FALSE,LOW,ZERO,LOW,LOW,FALSE,FALSE,LOW,NORMAL,LOW,FALSE,NORMAL,ZERO,NORMAL,FALSE,NORMAL
FALSE,FALSE,NORMAL,FALSE,NORMAL,FALSE,LOW,ZERO,NORMAL,NORMAL,NORMAL,LOW,NORMAL,NORMAL,ONESIDED,FALSE,NORMAL,NORMAL,HIGH,NORMAL,ZERO,FALSE,LOW,NORMAL,HIGH,LOW,FALSE,FALSE,LOW,NORMAL,LOW,FALSE,NORMAL,NORMAL,NORMAL,TRUE,HIGH
FALSE,FALSE,NORMAL,FALSE,LOW,FALSE,HIGH,HIGH,NORMAL,NORMAL,LOW,ZERO,HIGH,HIGH,NORMAL,FALSE,NORMAL,LOW,NORMAL,NORMAL,LOW,FALSE,HIGH,HIGH,LOW,LOW,FALSE,FALSE,HIGH,NORMAL,HIGH,FALSE,HIGH,HIGH,NORMAL,FALSE,NORMAL
FALSE,FALSE,NORMAL,FALSE,HIGH,FALSE,HIGH,NORMAL,NORMAL,LOW,NORMAL,LOW,HIGH,LOW,NORMAL,FALSE,HIGH,NORMAL,LOW,HIGH,ZERO,FALSE,LOW,ZERO,LOW,HIGH,FALSE,FALSE,HIGH,HIGH,LOW,FALSE,HIGH,ZERO,NORMAL,FALSE,NORMAL
FALSE,FALSE,NORMAL,TRUE,LOW,FALSE,HIGH,HIGH,NORMAL,LOW,NORMAL,LOW,HIGH,LOW,ESOPHAGEAL,FALSE,LOW,NORMAL,NORMAL,LOW,NORMAL,FALSE,HIGH,ZERO,NORMAL,HIGH,TRUE,FALSE,HIGH,LOW,HIGH,FALSE,HIGH,HIGH,LOW,FALSE,NORMAL
FALSE,FALSE,NORMAL,FALSE,LOW,FALSE,HIGH,HIGH,NORMAL,HIGH,ZERO,ZERO,HIGH,HIGH,NORMAL,FALSE,HIGH,NORMAL,NORMAL,NORMAL,LOW,FALSE,HIGH,HIGH,LOW,HIGH,FALSE,FALSE,HIGH,HIGH,HIGH,FALSE,HIGH,HIGH,NORMAL,FALSE,NORMAL
FALSE,FALSE,NORMAL,TRUE,LOW,FALSE,HIGH,NORMAL,NORMAL,LOW,NORMAL,LOW,HIGH,NORMAL,NORMAL,FALSE,LOW,NORMAL,LOW,LOW,ZERO,FALSE,HIGH,ZERO,ZERO,HIGH,TRUE,FALSE,HIGH,LOW,HIGH,FALSE,HIGH,HIGH,LOW,FALSE,NORMAL
FALSE,FALSE,NORMAL,FALSE,HIGH,FALSE,HIGH,LOW,NORMAL,NORMAL,NORMAL,LOW,HIGH,NORMAL,NORMAL,FALSE,HIGH,NORMAL,HIGH,HIGH,ZERO,FALSE,LOW,ZERO,LOW,HIGH,FALSE,FALSE,HIGH,HIGH,LOW,FALSE,HIGH,ZERO,NORMAL,FALSE,NORMAL
FALSE,FALSE,NORMAL,FALSE,HIGH,FALSE,HIGH,LOW,NORMAL,LOW,NORMAL,LOW,HIGH,LOW,NORMAL,FALSE,NORMAL,NORMAL,NORMAL,NORMAL,ZERO,FALSE,LOW,ZERO,LOW,HIGH,FALSE,TRUE,HIGH,NORMAL,LOW,FALSE,HIGH,ZERO,LOW,FALSE,NORMAL
FALSE,FALSE,NORMAL,FALSE,HIGH,TRUE,HIGH,HIGH,NORMAL,LOW,NORMAL,LOW,HIGH,HIGH,NORMAL,FALSE,NORMAL,NORMAL,LOW,NORMAL,ZERO,FALSE,LOW,ZERO,LOW,NORMAL,FALSE,FALSE,NORMAL,NORMAL,LOW,FALSE,HIGH,ZERO,NORMAL,FALSE,NORMAL
FALSE,FALSE,NORMAL,FALSE,HIGH,FALSE,HIGH,NORMAL,NORMAL,HIGH,NORMAL,LOW,HIGH,HIGH,NORMAL,FALSE,NORMAL,NORMAL,HIGH,NORMAL,ZERO,FALSE,LOW,ZERO,LOW,HIGH,FALSE,FALSE,HIGH,NORMAL,LOW,FALSE,HIGH,ZERO,NORMAL,FALSE,NORMAL
FALSE,TRUE,NORMAL,FALSE,LOW,FALSE,HIGH,LOW,NORMAL,HIGH,HIGH,HIGH,HIGH,HIGH,NORMAL,FALSE,HIGH,HIGH,NORMAL,HIGH,LOW,FALSE,HIGH,HIGH,LOW,HIGH,FALSE,FALSE,HIGH,HIGH,LOW,FALSE,HIGH,HIGH,NORMAL,FALSE,HIGH
TRUE,FALSE,NORMAL,TRUE,LOW,FALSE,HIGH,HIGH,NORMAL,LOW,NORMAL,ZERO,HIGH,LOW,NORMAL,FALSE,LOW,NORMAL,LOW,LOW,LOW,TRUE,HIGH,HIGH,LOW,HIGH,TRUE,FALSE,HIGH,LOW,HIGH,FALSE,HIGH,HIGH,LOW,FALSE,NORMAL
FALSE,TRUE,NORMAL,FALSE,HIGH,FALSE,HIGH,HIGH,NORMAL,LOW,NORMAL,LOW,HIGH,HIGH,NORMAL,FALSE,NORMAL,NORMAL,LOW,NORMAL,ZERO,FALSE,LOW,ZERO,LOW,HIGH,FALSE,FALSE,HIGH,NORMAL,LOW,FALSE,HIGH,ZERO,NORMAL,FALSE,NORMAL
FALSE,TRUE,NORMAL,FALSE,HIGH,FALSE,HIGH,LOW,NORMAL,HIGH,NORMAL,LOW,HIGH,HIGH,NORMAL,FALSE,NORMAL,NORMAL,HIGH,NORMAL,ZERO,FALSE,LOW,ZERO,LOW,HIGH,FALSE,FALSE,HIGH,NORMAL,LOW,FALSE,HIGH,ZERO,NORMAL,FALSE,NORMAL
FALSE,TRUE,NORMAL,FALSE,NORMAL,FALSE,LOW,NORMAL,NORMAL,HIGH,NORMAL,LOW,NORMAL,NORMAL,NORMAL,FALSE,NORMAL,NORMAL,HIGH,NORMAL,ZERO,FALSE,LOW,ZERO,LOW,LOW,FALSE,FALSE,LOW,NORMAL,LOW,FALSE,NORMAL,ZERO,NORMAL,FALSE,NORMAL
FALSE,FALSE,NORMAL,FALSE,LOW,FALSE,HIGH,HIGH,NORMAL,LOW,NORMAL,ZERO,HIGH,HIGH,NORMAL,FALSE,NORMAL,NORMAL,LOW,NORMAL,LOW,FALSE,HIGH,HIGH,LOW,HIGH,FALSE,FALSE,HIGH,NORMAL,HIGH,FALSE,HIGH,HIGH,NORMAL,FALSE,NORMAL
FALSE,FALSE,NORMAL,FALSE,HIGH,TRUE,HIGH,NORMAL,NORMAL,NORMAL,NORMAL,LOW,HIGH,HIGH,NORMAL,FALSE,NORMAL,NORMAL,HIGH,NORMAL,ZERO,FALSE,LOW,ZERO,LOW,NORMAL,FALSE,FALSE,NORMAL,NORMAL,LOW,FALSE,HIGH,ZERO,NORMAL,FALSE,NORMAL
FALSE,TRUE,NORMAL,FALSE,NORMAL,TRUE,NORMAL,LOW,LOW,HIGH,HIGH,HIGH,HIGH,HIGH,NORMAL,TRUE,NORMAL,HIGH,NORMAL,NORMAL,LOW,FALSE,NORMAL,HIGH,ZERO,NORMAL,FALSE,FALSE,NORMAL,NORMAL,NORMAL,FALSE,HIGH,HIGH,NORMAL,FALSE,NORMAL
FALSE,FALSE,NORMAL,FALSE,HIGH,TRUE,HIGH,HIGH,LOW,HIGH,NORMAL,LOW,HIGH,NORMAL,NORMAL,FALSE,HIGH,NORMAL,HIGH,HIGH,ZERO,FALSE,LOW,ZERO,LOW,NORMAL,FALSE,TRUE,NORMAL,HIGH,LOW,FALSE,HIGH,ZERO,NORMAL,FALSE,NORMAL
FALSE,FALSE,NORMAL,FALSE,LOW,FALSE,LOW,HIGH,NORMAL,LOW,LOW,ZERO,NORMAL,LOW,NORMAL,FALSE,HIGH,LOW,NORMAL,HIGH,LOW,FALSE,HIGH,NORMAL,LOW,LOW,FALSE,TRUE,LOW,HIGH,HIGH,FALSE,NORMAL,HIGH,LOW,FALSE,NORMAL
FALSE,FALSE,NORMAL,FALSE,HIGH,FALSE,HIGH,NORMAL,NORMAL,LOW,NORMAL,LOW,HIGH,LOW,NORMAL,FALSE,HIGH,NORMAL,NORMAL,HIGH,ZERO,FALSE,LOW,ZERO,LOW,HIGH,FALSE,TRUE,HIGH,HIGH,LOW,FALSE,HIGH,ZERO,LOW,FALSE,NORMAL
FALSE,FALSE,NORMAL,FALSE,HIGH,TRUE,HIGH,HIGH,NORMAL,LOW,NORMAL,LOW,HIGH,HIGH,NORMAL,FALSE,NORMAL,NORMAL,LOW,NORMAL,ZERO,FALSE,LOW,ZERO,LOW,NORMAL,FALSE,FALSE,NORMAL,NORMAL,LOW,FALSE,HIGH,ZERO,NORMAL,FALSE,NORMAL
FALSE,FALSE,NORMAL,FALSE,HIGH,FALSE,HIGH,LOW,NORMAL,HIGH,NORMAL,LOW,HIGH,HIGH,NORMAL,FALSE,NORMAL,NORMAL,HIGH,NORMAL,ZERO,FALSE,LOW,ZERO,LOW,HIGH,FALSE,FALSE,HIGH,NORMAL,LOW,FALSE,HIGH,ZERO,NORMAL,TRUE,NORMAL
FALSE,FALSE,NORMAL,FALSE,LOW,FALSE,HIGH,HIGH,NORMAL,NORMAL,ZERO,ZERO,HIGH,HIGH,NORMAL,FALSE,NORMAL,HIGH,NORMAL,NORMAL,LOW,FALSE,HIGH,HIGH,LOW,HIGH,FALSE,FALSE,HIGH,NORMAL,HIGH,FALSE,HIGH,HIGH,NORMAL,FALSE,NORMAL
FALSE,FALSE,NORMAL,FALSE,HIGH,FALSE,NORMAL,NORMAL,NORMAL,LOW,NORMAL,LOW,HIGH,HIGH,NORMAL,TRUE,NORMAL,NORMAL,LOW,NORMAL,ZERO,FALSE,LOW,ZERO,NORMAL,HIGH,FALSE,FALSE,HIGH,NORMAL,LOW,FALSE,HIGH,ZERO,NORMAL,FALSE,NORMAL
FALSE,FALSE,NORMAL,FALSE,HIGH,TRUE,HIGH,NORMAL,NORMAL,HIGH,NORMAL,LOW,HIGH,HIGH,NORMAL,FALSE,LOW,NORMAL,NORMAL,LOW,ZERO,FALSE,LOW,ZERO,LOW,NORMAL,FALSE,FALSE,NORMAL,LOW,LOW,FALSE,HIGH,ZERO,NORMAL,FALSE,NORMAL
FALSE,FALSE,NORMAL,FALSE,HIGH,FALSE,HIGH,LOW,NORMAL,LOW,NORMAL,LOW,HIGH,HIGH,NORMAL,FALSE,HIGH,NORMAL,NORMAL,HIGH,ZERO,FALSE,LOW,ZERO,LOW,HIGH,FALSE,TRUE,HIGH,HIGH,LOW,FALSE,HIGH,ZERO,NORMAL,FALSE,NORMAL
FALSE,FALSE,NORMAL,FALSE,HIGH,FALSE,HIGH,HIGH,NORMAL,HIGH,NORMAL,LOW,HIGH,HIGH,NORMAL,FALSE,NORMAL,NORMAL,HIGH,NORMAL,ZERO,FALSE,LOW,ZERO,LOW,HIGH,FALSE,FALSE,HIGH,NORMAL,LOW,FALSE,HIGH,ZERO,NORMAL,FALSE,NORMAL
FALSE,FALSE,NORMAL,FALSE,HIGH,FALSE,HIGH,HIGH,NORMAL,HIGH,ZERO,ZERO,HIGH,HIGH,NORMAL,FALSE,HIGH,NORMAL,NORMAL,HIGH,ZERO,FALSE,LOW,ZERO,LOW,HIGH,FALSE,TRUE,HIGH,HIGH,LOW,FALSE,HIGH,ZERO,NORMAL,FALSE,NORMAL
FALSE,FALSE,NORMAL,FALSE,HIGH,FALSE,HIGH,NORMAL,NORMAL,LOW,NORMAL,LOW,HIGH,LOW,NORMAL,FALSE,HIGH,NORMAL,NORMAL,HIGH,ZERO,FALSE,LOW,ZERO,LOW,HIGH,FALSE,TRUE,HIGH,HIGH,LOW,FALSE,HIGH,ZERO,LOW,FALSE,NORMAL
FALSE,FALSE,NORMAL,FALSE,LOW,FALSE,HIGH,LOW,NORMAL,HIGH,HIGH,HIGH,HIGH,HIGH,NORMAL,FALSE,NORMAL,HIGH,NORMAL,NORMAL,LOW,FALSE,HIGH,HIGH,LOW,HIGH,FALSE,FALSE,HIGH,NORMAL,HIGH,FALSE,HIGH,HIGH,NORMAL,FALSE,NORMAL
TRUE,FALSE,NORMAL,FALSE,HIGH,FALSE,HIGH,HIGH,NORMAL,NORMAL,NORMAL,ZERO,HIGH,NORMAL,NORMAL,FALSE,NORMAL,NORMAL,NORMAL,LOW,ZERO,FALSE,LOW,ZERO,LOW,HIGH,FALSE,FALSE,HIGH,NORMAL,LOW,FALSE,HIGH,ZERO,LOW,FALSE,NORMAL
TRUE,FALSE,HIGH,FALSE,NORMAL,FALSE,HIGH,HIGH,NORMAL,HIGH,NORMAL,ZERO,HIGH,HIGH,NORMAL,FALSE,NORMAL,NORMAL,NORMAL,NORMAL,LOW,FALSE,HIGH,HIGH,ZERO,HIGH,FALSE,FALSE,HIGH,NORMAL,HIGH,FALSE,HIGH,HIGH,NORMAL,FALSE,NORMAL
FALSE,FALSE,NORMAL,FALSE,LOW,FALSE,HIGH,HIGH,LOW,LOW,LOW,ZERO,HIGH,HIGH,NORMAL,FALSE,NORMAL,NORMAL,LOW,NORMAL,LOW,FALSE,NORMAL,HIGH,LOW,HIGH,FALSE,FALSE,HIGH,NORMAL,NORMAL,FALSE,HIGH,HIGH,NORMAL,FALSE,NORMAL
FALSE,FALSE,NORMAL,FALSE,HIGH,FALSE,HIGH,HIGH,NORMAL,HIGH,NORMAL,LOW,HIGH,HIGH,ONESIDED,FALSE,HIGH,NORMAL,NORMAL,NORMAL,LOW,FALSE,LOW,ZERO,NORMAL,HIGH,FALSE,TRUE,HIGH,HIGH,LOW,FALSE,HIGH,LOW,NORMAL,FALSE,HIGH
FALSE,FALSE,NORMAL,FALSE,LOW,FALSE,LOW,HIGH,NORMAL,LOW,NORMAL,ZERO,NORMAL,LOW,NORMAL,FALSE,NORMAL,NORMAL,HIGH,NORMAL,LOW,FALSE,HIGH,HIGH,LOW,LOW,FALSE,FALSE,LOW,NORMAL,HIGH,FALSE,NORMAL,HIGH,NORMAL,FALSE,NORMAL
FALSE,FALSE,NORMAL,FALSE,HIGH,TRUE,HIGH,NORMAL,NORMAL,HIGH,NORMAL,LOW,HIGH,HIGH,NORMAL,FALSE,NORMAL,NORMAL,NORMAL,NORMAL,ZERO,FALSE,LOW,ZERO,LOW,NORMAL,FALSE,FALSE,NORMAL,NORMAL,LOW,FALSE,HIGH,ZERO,NORMAL,FALSE,NORMAL
FALSE,FALSE,NORMAL,FALSE,NORMAL,FALSE,HIGH,LOW,NORMAL,HIGH,NORMAL,LOW,HIGH,HIGH,NORMAL,FALSE,NORMAL,NORMAL,NORMAL,NORMAL,NORMAL,FALSE,LOW,LOW,NORMAL,HIGH,FALSE,FALSE,HIGH,NORMAL,LOW,FALSE,HIGH,NORMAL,NORMAL,FALSE,NORMAL
FALSE,FALSE,NORMAL,FALSE,HIGH,FALSE,HIGH,HIGH,NORMAL,LOW,NORMAL,LOW,HIGH,HIGH,NORMAL,FALSE,HIGH,NORMAL,LOW,NORMAL,ZERO,FALSE,LOW,ZERO,LOW,HIGH,FALSE,TRUE,HIGH,HIGH,LOW,FALSE,HIGH,ZERO,NORMAL,FALSE,NORMAL
FALSE,FALSE,NORMAL,FALSE,HIGH,FALSE,HIGH,LOW,NORMAL,LOW,NORMAL,LOW,HIGH,HIGH,NORMAL,FALSE,NORMAL,NORMAL,LOW,NORMAL,ZERO,FALSE,LOW,ZERO,LOW,HIGH,FALSE,FALSE,HIGH,NORMAL,LOW,FALSE,HIGH,ZERO,NORMAL,FALSE,NORMAL
FALSE,TRUE,NORMAL,FALSE,LOW,FALSE,HIGH,HIGH,NORMAL,HIGH,ZERO,ZERO,HIGH,HIGH,NORMAL,FALSE,LOW,NORMAL,NORMAL,LOW,LOW,FALSE,HIGH,HIGH,LOW,NORMAL,FALSE,FALSE,HIGH,LOW,HIGH,FALSE,HIGH,HIGH,NORMAL,FALSE,NORMAL
FALSE,FALSE,NORMAL,FALSE,NORMAL,FALSE,HIGH,NORMAL,NORMAL,NORMAL,NORMAL,LOW,HIGH,HIGH,NORMAL,FALSE,HIGH,NORMAL,NORMAL,HIGH,ZERO,FALSE,LOW,ZERO,LOW,HIGH,FALSE,TRUE,HIGH,HIGH,LOW,FALSE,HIGH,ZERO,NORMAL,FALSE,NORMAL
FALSE,FALSE,NORMAL,FALSE,HIGH,FALSE,HIGH,HIGH,NORMAL,HIGH,NORMAL,LOW,HIGH,HIGH,NORMAL,FALSE,NORMAL,NORMAL,NORMAL,NORMAL,ZERO,FALSE,LOW,ZERO,LOW,HIGH,FALSE,FALSE,HIGH,NORMAL,LOW,FALSE,HIGH,ZERO,NORMAL,FALSE,NORMAL
TRUE,FALSE,NORMAL,FALSE,HIGH,TRUE,HIGH,HIGH,NORMAL,HIGH,NORMAL,ZERO,HIGH,HIGH,NORMAL,FALSE,NORMAL,NORMAL,LOW,NORMAL,ZERO,FALSE,LOW,ZERO,LOW,NORMAL,FALSE,TRUE,NORMAL,NORMAL,LOW,FALSE,HIGH,ZERO,NORMAL,FALSE,NORMAL
FALSE,FALSE,NORMAL,FALSE,HIGH,FALSE,HIGH,HIGH,NORMAL,LOW,NORMAL,LOW,HIGH,HIGH,NORMAL,FALSE,NORMAL,NORMAL,NORMAL,NORMAL,ZERO,FALSE,LOW,ZERO,LOW,HIGH,FALSE,FALSE,HIGH,NORMAL,LOW,FALSE,HIGH,ZERO,NORMAL,FALSE,NORMAL
FALSE,FALSE,NORMAL,FALSE,HIGH,FALSE,HIGH,NORMAL,NORMAL,HIGH,NORMAL,LOW,HIGH,HIGH,NORMAL,FALSE,NORMAL,NORMAL,HIGH,NORMAL,ZERO,FALSE,LOW,ZERO,LOW,HIGH,FALSE,FALSE,HIGH,NORMAL,LOW,FALSE,HIGH,ZERO,NORMAL,FALSE,NORMAL
FALSE,FALSE,HIGH,FALSE,HIGH,FALSE,HIGH,HIGH,NORMAL,LOW,NORMAL,LOW,HIGH,LOW,ONESIDED,FALSE,HIGH,NORMAL,NORMAL,NORMAL,LOW,FALSE,LOW,ZERO,NORMAL,HIGH,FALSE,TRUE,HIGH,HIGH,LOW,FALSE,HIGH,LOW,LOW,FALSE,NORMAL
FALSE,FALSE,NORMAL,TRUE,HIGH,FALSE,HIGH,LOW,NORMAL,LOW,NORMAL,LOW,HIGH,LOW,NORMAL,FALSE,LOW,NORMAL,NORMAL,LOW,ZERO,FALSE,LOW,ZERO,LOW,HIGH,TRUE,FALSE,HIGH,LOW,LOW,FALSE,HIGH,ZERO,LOW,FALSE,NORMAL
FALSE,FALSE,NORMAL,FALSE,HIGH,FALSE,HIGH,HIGH,NORMAL,LOW,NORMAL,LOW,HIGH,HIGH,NORMAL,FALSE,NORMAL,NORMAL,LOW,NORMAL,ZERO,FALSE,LOW,ZERO,LOW,HIGH,FALSE,FALSE,HIGH,NORMAL,LOW,FALSE,HIGH,ZERO,NORMAL,FALSE,NORMAL
FALSE,FALSE,NORMAL,FALSE,HIGH,FALSE,HIGH,NORMAL,NORMAL,LOW,NORMAL,LOW,HIGH,HIGH,NORMAL,FALSE,NORMAL,NORMAL,LOW,NORMAL,ZERO,FALSE,LOW,ZERO,LOW,HIGH,FALSE,FALSE,HIGH,NORMAL,LOW,FALSE,HIGH,ZERO,NORMAL,FALSE,NORMAL
FALSE,FALSE,NORMAL,FALSE,HIGH,FALSE,HIGH,LOW,NORMAL,HIGH,NORMAL,LOW,HIGH,HIGH,NORMAL,FALSE,NORMAL,NORMAL,NORMAL,NORMAL,ZERO,FALSE,LOW,ZERO,LOW,HIGH,FALSE,FALSE,HIGH,NORMAL,LOW,FALSE,HIGH,ZERO,NORMAL,FALSE,NORMAL
FALSE,FALSE,NORMAL,FALSE,HIGH,FALSE,HIGH,HIGH,NORMAL,LOW,NORMAL,LOW,HIGH,HIGH,NORMAL,FALSE,LOW,NORMAL,LOW,LOW,ZERO,FALSE,LOW,ZERO,LOW,HIGH,FALSE,FALSE,HIGH,LOW,LOW,FALSE,HIGH,ZERO,NORMAL,FALSE,NORMAL
FALSE,TRUE,NORMAL,FALSE,HIGH,TRUE,HIGH,NORMAL,NORMAL,HIGH,NORMAL,LOW,HIGH,HIGH,NORMAL,FALSE,NORMAL,NORMAL,HIGH,LOW,ZERO,FALSE,LOW,ZERO,LOW,HIGH,FALSE,FALSE,NORMAL,NORMAL,LOW,FALSE,HIGH,ZERO,NORMAL,TRUE,NORMAL
FALSE,FALSE,HIGH,FALSE,LOW,FALSE,LOW,HIGH,LOW,HIGH,ZERO,ZERO,NORMAL,NORMAL,NORMAL,FALSE,NORMAL,HIGH,HIGH,NORMAL,LOW,FALSE,NORMAL,HIGH,LOW,LOW,FALSE,FALSE,LOW,NORMAL,NORMAL,FALSE,NORMAL,HIGH,NORMAL,FALSE,NORMAL
FALSE,TRUE,NORMAL,FALSE,HIGH,FALSE,HIGH,HIGH,LOW,HIGH,NORMAL,LOW,HIGH,HIGH,NORMAL,FALSE,NORMAL,NORMAL,NORMAL,NORMAL,ZERO,FALSE,LOW,ZERO,LOW,HIGH,FALSE,FALSE,HIGH,NORMAL,LOW,FALSE,HIGH,ZERO,NORMAL,FALSE,NORMAL
TRUE,FALSE,NORMAL,FALSE,LOW,FALSE,HIGH,HIGH,NORMAL,HIGH,LOW,ZERO,HIGH,HIGH,NORMAL,FALSE,NORMAL,NORMAL,NORMAL,NORMAL,LOW,FALSE,HIGH,HIGH,LOW,HIGH,FALSE,FALSE,HIGH,NORMAL,HIGH,FALSE,HIGH,HIGH,NORMAL,FALSE,NORMAL
FALSE,FALSE,NORMAL,FALSE,HIGH,FALSE,HIGH,NORMAL,NORMAL,LOW,NORMAL,LOW,HIGH,HIGH,NORMAL,FALSE,NORMAL,NORMAL,LOW,NORMAL,ZERO,FALSE,LOW,ZERO,LOW,HIGH,FALSE,FALSE,HIGH,NORMAL,LOW,FALSE,HIGH,ZERO,NORMAL,FALSE,NORMAL
FALSE,FALSE,NORMAL,FALSE,HIGH,FALSE,LOW,NORMAL,NORMAL,NORMAL,NORMAL,LOW,HIGH,NORMAL,NORMAL,FALSE,HIGH,NORMAL,HIGH,HIGH,ZERO,FALSE,LOW,ZERO,LOW,LOW,FALSE,TRUE,LOW,HIGH,LOW,FALSE,NORMAL,ZERO,NORMAL,FALSE,HIGH
FALSE,FALSE,NORMAL,FALSE,HIGH,FALSE,HIGH,HIGH,NORMAL,NORMAL,LOW,ZERO,HIGH,HIGH,NORMAL,FALSE,NORMAL,LOW,NORMAL,NORMAL,ZERO,FALSE,LOW,ZERO,LOW,HIGH,FALSE,FALSE,HIGH,NORMAL,LOW,FALSE,HIGH,ZERO,NORMAL,FALSE,NORMAL
FALSE,FALSE,NORMAL,FALSE,LOW,TRUE,HIGH,HIGH,NORMAL,NORMAL,LOW,ZERO,NORMAL,HIGH,NORMAL,FALSE,NORMAL,LOW,HIGH,NORMAL,LOW,FALSE,HIGH,HIGH,LOW,NORMAL,FALSE,FALSE,NORMAL,NORMAL,HIGH,FALSE,HIGH,HIGH,NORMAL,FALSE,NORMAL
FALSE,TRUE,NORMAL,FALSE,HIGH,FALSE,HIGH,NORMAL,NORMAL,HIGH,NORMAL,LOW,HIGH,HIGH,NORMAL,FALSE,LOW,NORMAL,HIGH,NORMAL,ZERO,FALSE,LOW,ZERO,LOW,HIGH,FALSE,FALSE,HIGH,NORMAL,LOW,FALSE,HIGH,ZERO,NORMAL,FALSE,NORMAL
FALSE,TRUE,NORMAL,FALSE,HIGH,FALSE,HIGH,LOW,NORMAL,LOW,NORMAL,LOW,HIGH,HIGH,NORMAL,FALSE,HIGH,NORMAL,LOW,HIGH,ZERO,FALSE,LOW,ZERO,LOW,HIGH,FALSE,TRUE,HIGH,HIGH,LOW,FALSE,HIGH,ZERO,NORMAL,FALSE,NORMAL
FALSE,FALSE,NORMAL,FALSE,HIGH,FALSE,HIGH,HIGH,NORMAL,LOW,NORMAL,LOW,HIGH,LOW,NORMAL,FALSE,HIGH,NORMAL,NORMAL,NORMAL,ZERO,FALSE,LOW,ZERO,LOW,HIGH,FALSE,FALSE,HIGH,HIGH,NORMAL,FALSE,HIGH,ZERO,LOW,FALSE,NORMAL
FALSE,FALSE,NORMAL,FALSE,HIGH,FALSE,HIGH,HIGH,NORMAL,HIGH,NORMAL,LOW,HIGH,HIGH,NORMAL,FALSE,NORMAL,NORMAL,HIGH,NORMAL,ZERO,FALSE,LOW,ZERO,LOW,HIGH,FALSE,FALSE,HIGH,NORMAL,LOW,FALSE,HIGH,ZERO,NORMAL,FALSE,NORMAL
FALSE,FALSE,NORMAL,FALSE,HIGH,FALSE,NORMAL,LOW,NORMAL,LOW,NORMAL,LOW,HIGH,HIGH,NORMAL,TRUE,NORMAL,NORMAL,LOW,NORMAL,ZERO,FALSE,LOW,ZERO,LOW,HIGH,FALSE,FALSE,HIGH,NORMAL,LOW,FALSE,HIGH,ZERO,NORMAL,FALSE,NORMAL
TRUE,TRUE,NORMAL,FALSE,LOW,FALSE,HIGH,HIGH,NORMAL,HIGH,NORMAL,ZERO,HIGH,HIGH,NORMAL,FALSE,NORMAL,NORMAL,NORMAL,NORMAL,LOW,FALSE,HIGH,HIGH,LOW,HIGH,FALSE,FALSE,HIGH,NORMAL,HIGH,FALSE,HIGH,HIGH,NORMAL,FALSE,NORMAL
FALSE,FALSE,NORMAL,FALSE,HIGH,FALSE,HIGH,HIGH,NORMAL,HIGH,NORMAL,LOW,HIGH,HIGH,ESOPHAGEAL,FALSE,HIGH,NORMAL,NORMAL,NORMAL,LOW,FALSE,LOW,ZERO,NORMAL,HIGH,FALSE,TRUE,HIGH,HIGH,LOW,FALSE,HIGH,ZERO,NORMAL,FALSE,NORMAL
FALSE,FALSE,HIGH,FALSE,HIGH,FALSE,HIGH,HIGH,NORMAL,LOW,NORMAL,LOW,HIGH,LOW,NORMAL,FALSE,NORMAL,NORMAL,HIGH,NORMAL,ZERO,FALSE,LOW,ZERO,LOW,NORMAL,FALSE,FALSE,HIGH,NORMAL,LOW,FALSE,HIGH,ZERO,LOW,FALSE,NORMAL
FALSE,FALSE,NORMAL,FALSE,HIGH,FALSE,HIGH,NORMAL,NORMAL,HIGH,LOW,LOW,HIGH,HIGH,NORMAL,FALSE,HIGH,LOW,NORMAL,HIGH,ZERO,FALSE,LOW,ZERO,LOW,HIGH,FALSE,TRUE,HIGH,HIGH,LOW,FALSE,HIGH,ZERO,NORMAL,FALSE,NORMAL
FALSE,FALSE,NORMAL,FALSE,HIGH,FALSE,LOW,HIGH,NORMAL,HIGH,NORMAL,LOW,HIGH,NORMAL,NORMAL,FALSE,NORMAL,NORMAL,NORMAL,NORMAL,ZERO,FALSE,LOW,ZERO,LOW,LOW,FALSE,FALSE,LOW,NORMAL,LOW,FALSE,NORMAL,ZERO,NORMAL,FALSE,NORMAL
FALSE,FALSE,NORMAL,FALSE,HIGH,FALSE,HIGH,HIGH,NORMAL,HIGH,NORMAL,LOW,HIGH,HIGH,NORMAL,FALSE,HIGH,NORMAL,HIGH,HIGH,ZERO,FALSE,LOW,ZERO,LOW,HIGH,FALSE,TRUE,HIGH,HIGH,LOW,FALSE,HIGH,ZERO,NORMAL,FALSE,NORMAL
FALSE,FALSE,LOW,FALSE,HIGH,FALSE,HIGH,LOW,NORMAL,HIGH,NORMAL,LOW,HIGH,HIGH,NORMAL,FALSE,NORMAL,NORMAL,NORMAL,NORMAL,ZERO,FALSE,LOW,ZERO,LOW,HIGH,FALSE,FALSE,HIGH,NORMAL,LOW,FALSE,HIGH,ZERO,NORMAL,FALSE,NORMAL
FALSE,FALSE,NORMAL,FALSE,HIGH,FALSE,NORMAL,NORMAL,NORMAL,LOW,NORMAL,LOW,HIGH,HIGH,NORMAL,TRUE,NORMAL,NORMAL,LOW,NORMAL,ZERO,FALSE,LOW,ZERO,LOW,HIGH,FALSE,FALSE,HIGH,NORMAL,LOW,FALSE,HIGH,ZERO,NORMAL,FALSE,NORMAL
TRUE,FALSE,NORMAL,FALSE,HIGH,FALSE,LOW,HIGH,NORMAL,HIGH,NORMAL,ZERO,HIGH,NORMAL,NORMAL,FALSE,NORMAL,NORMAL,HIGH,NORMAL,ZERO,FALSE,LOW,ZERO,LOW,LOW,FALSE,TRUE,LOW,HIGH,LOW,FALSE,NORMAL,ZERO,LOW,FALSE,NORMAL
FALSE,FALSE,NORMAL,FALSE,LOW,FALSE,HIGH,ZERO,NORMAL,LOW,LOW,ZERO,HIGH,HIGH,NORMAL,FALSE,NORMAL,LOW,LOW,HIGH,LOW,FALSE,HIGH,HIGH,LOW,HIGH,FALSE,FALSE,HIGH,NORMAL,HIGH,FALSE,HIGH,HIGH,NORMAL,FALSE,NORMAL
FALSE,FALSE,NORMAL,FALSE,HIGH,FALSE,LOW,NORMAL,NORMAL,LOW,NORMAL,LOW,NORMAL,LOW,NORMAL,FALSE,NORMAL,NORMAL,HIGH,NORMAL,ZERO,FALSE,LOW,ZERO,LOW,LOW,FALSE,FALSE,LOW,NORMAL,LOW,FALSE,NORMAL,ZERO,LOW,FALSE,HIGH
FALSE,FALSE,NORMAL,FALSE,HIGH,FALSE,HIGH,HIGH,NORMAL,HIGH,NORMAL,LOW,HIGH,HIGH,NORMAL,FALSE,NORMAL,NORMAL,NORMAL,NORMAL,ZERO,FALSE,LOW,ZERO,LOW,HIGH,FALSE,FALSE,HIGH,NORMAL,LOW,FALSE,HIGH,ZERO,NORMAL,FALSE,NORMAL
FALSE,FALSE,NORMAL,FALSE,HIGH,FALSE,HIGH,HIGH,NORMAL,LOW,NORMAL,LOW,HIGH,HIGH,NORMAL,FALSE,HIGH,NORMAL,LOW,HIGH,ZERO,FALSE,LOW,ZERO,LOW,HIGH,FALSE,TRUE,HIGH,HIGH,LOW,FALSE,HIGH,ZERO,NORMAL,FALSE,NORMAL
TRUE,FALSE,NORMAL,FALSE,HIGH,FALSE,HIGH,HIGH,NORMAL,HIGH,NORMAL,ZERO,HIGH,HIGH,NORMAL,FALSE,NORMAL,NORMAL,NORMAL,NORMAL,ZERO,FALSE,LOW,ZERO,LOW,HIGH,FALSE,FALSE,HIGH,NORMAL,LOW,TRUE,HIGH,ZERO,NORMAL,FALSE,NORMAL
FALSE,FALSE,NORMAL,FALSE,HIGH,FALSE,HIGH,NORMAL,NORMAL,HIGH,NORMAL,LOW,HIGH,HIGH,NORMAL,FALSE,NORMAL,NORMAL,HIGH,NORMAL,ZERO,FALSE,LOW,ZERO,LOW,HIGH,FALSE,FALSE,HIGH,NORMAL,LOW,FALSE,HIGH,ZERO,NORMAL,FALSE,NORMAL
FALSE,FALSE,NORMAL,FALSE,HIGH,FALSE,HIGH,LOW,LOW,NORMAL,NORMAL,LOW,HIGH,NORMAL,NORMAL,TRUE,NORMAL,NORMAL,NORMAL,NORMAL,ZERO,FALSE,LOW,ZERO,LOW,NORMAL,FALSE,FALSE,LOW,NORMAL,LOW,FALSE,NORMAL,ZERO,NORMAL,FALSE,NORMAL
FALSE,FALSE,NORMAL,FALSE,HIGH,FALSE,HIGH,HIGH,NORMAL,NORMAL,NORMAL,LOW,HIGH,NORMAL,NORMAL,FALSE,HIGH,NORMAL,HIGH,NORMAL,ZERO,FALSE,LOW,ZERO,LOW,HIGH,FALSE,FALSE,HIGH,NORMAL,LOW,FALSE,HIGH,ZERO,NORMAL,FALSE,NORMAL
FALSE,FALSE,NORMAL,FALSE,HIGH,FALSE,HIGH,HIGH,NORMAL,HIGH,NORMAL,NORMAL,HIGH,HIGH,NORMAL,FALSE,HIGH,NORMAL,HIGH,HIGH,HIGH,FALSE,LOW,LOW,HIGH,HIGH,FALSE,TRUE,HIGH,HIGH,LOW,FALSE,HIGH,LOW,NORMAL,FALSE,NORMAL
FALSE,FALSE,LOW,FALSE,LOW,FALSE,HIGH,LOW,NORMAL,LOW,HIGH,HIGH,HIGH,HIGH,NORMAL,FALSE,NORMAL,HIGH,LOW,NORMAL,LOW,FALSE,HIGH,HIGH,HIGH,HIGH,FALSE,FALSE,HIGH,NORMAL,HIGH,FALSE,HIGH,HIGH,NORMAL,FALSE,NORMAL
FALSE,FALSE,HIGH,FALSE,HIGH,FALSE,LOW,HIGH,NORMAL,HIGH,NORMAL,LOW,HIGH,HIGH,NORMAL,FALSE,LOW,NORMAL,NORMAL,LOW,ZERO,FALSE,LOW,ZERO,LOW,LOW,FALSE,FALSE,LOW,LOW,LOW,FALSE,NORMAL,ZERO,HIGH,FALSE,NORMAL
TRUE,FALSE,NORMAL,FALSE,LOW,FALSE,LOW,HIGH,LOW,HIGH,NORMAL,ZERO,NORMAL,NORMAL,NORMAL,FALSE,NORMAL,NORMAL,HIGH,NORMAL,LOW,FALSE,NORMAL,HIGH,LOW,LOW,FALSE,TRUE,LOW,NORMAL,NORMAL,FALSE,NORMAL,HIGH,NORMAL,FALSE,NORMAL
FALSE,FALSE,NORMAL,FALSE,LOW,FALSE,LOW,HIGH,NORMAL,LOW,LOW,ZERO,HIGH,NORMAL,NORMAL,FALSE,NORMAL,LOW,LOW,NORMAL,LOW,FALSE,HIGH,HIGH,LOW,LOW,FALSE,FALSE,LOW,NORMAL,HIGH,FALSE,NORMAL,HIGH,NORMAL,FALSE,NORMAL
FALSE,FALSE,NORMAL,FALSE,HIGH,FALSE,HIGH,HIGH,NORMAL,HIGH,NORMAL,LOW,HIGH,HIGH,NORMAL,FALSE,NORMAL,NORMAL,NORMAL,NORMAL,ZERO,FALSE,LOW,ZERO,LOW,HIGH,FALSE,FALSE,HIGH,NORMAL,LOW,FALSE,HIGH,ZERO,NORMAL,FALSE,NORMAL
FALSE,FALSE,HIGH,TRUE,HIGH,FALSE,HIGH,HIGH,NORMAL,NORMAL,NORMAL,LOW,HIGH,LOW,ESOPHAGEAL,FALSE,LOW,NORMAL,HIGH,LOW,LOW,FALSE,LOW,ZERO,NORMAL,HIGH,TRUE,FALSE,HIGH,LOW,LOW,FALSE,HIGH,ZERO,LOW,FALSE,NORMAL
FALSE,FALSE,NORMAL,FALSE,HIGH,FALSE,HIGH,HIGH,NORMAL,LOW,NORMAL,LOW,HIGH,HIGH,NORMAL,FALSE,NORMAL,NORMAL,LOW,NORMAL,ZERO,FALSE,LOW,ZERO,LOW,HIGH,FALSE,FALSE,HIGH,NORMAL,LOW,FALSE,HIGH,ZERO,NORMAL,FALSE,NORMAL
FALSE,FALSE,LOW,FALSE,HIGH,FALSE,LOW,HIGH,NORMAL,LOW,NORMAL,LOW,HIGH,NORMAL,NORMAL,FALSE,NORMAL,NORMAL,LOW,NORMAL,ZERO,FALSE,LOW,ZERO,LOW,LOW,FALSE,FALSE,LOW,NORMAL,LOW,FALSE,NORMAL,ZERO,NORMAL,TRUE,NORMAL
FALSE,FALSE,NORMAL,FALSE,NORMAL,FALSE,LOW,HIGH,NORMAL,HIGH,NORMAL,LOW,NORMAL,LOW,ONESIDED,FALSE,LOW,NORMAL,HIGH,LOW,ZERO,FALSE,LOW,NORMAL,LOW,HIGH,TRUE,FALSE,LOW,LOW,LOW,FALSE,NORMAL,NORMAL,LOW,FALSE,HIGH
FALSE,FALSE,NORMAL,FALSE,HIGH,FALSE,HIGH,LOW,NORMAL,HIGH,NORMAL,LOW,HIGH,HIGH,NORMAL,FALSE,NORMAL,NORMAL,NORMAL,NORMAL,ZERO,FALSE,LOW,ZERO,LOW,HIGH,FALSE,FALSE,HIGH,NORMAL,LOW,FALSE,HIGH,ZERO,NORMAL,TRUE,NORMAL
FALSE,TRUE,NORMAL,FALSE,HIGH,FALSE,LOW,NORMAL,NORMAL,NORMAL,NORMAL,LOW,HIGH,NORMAL,NORMAL,FALSE,NORMAL,NORMAL,NORMAL,NORMAL,ZERO,FALSE,LOW,ZERO,LOW,LOW,FALSE,FALSE,LOW,NORMAL,LOW,FALSE,NORMAL,ZERO,HIGH,FALSE,NORMAL
FALSE,FALSE,NORMAL,FALSE,HIGH,FALSE,HIGH,NORMAL,NORMAL,HIGH,NORMAL,LOW,HIGH,HIGH,NORMAL,FALSE,NORMAL,NORMAL,HIGH,NORMAL,ZERO,FALSE,LOW,ZERO,LOW,HIGH,FALSE,FALSE,HIGH,NORMAL,LOW,TRUE,HIGH,ZERO,NORMAL,FALSE,HIGH
FALSE,FALSE,NORMAL,FALSE,HIGH,FALSE,HIGH,NORMAL,NORMAL,HIGH,NORMAL,LOW,HIGH,HIGH,NORMAL,FALSE,NORMAL,NORMAL,HIGH,NORMAL,ZERO,FALSE,LOW,ZERO,NORMAL,HIGH,FALSE,FALSE,HIGH,NORMAL,LOW,FALSE,HIGH,ZERO,NORMAL,FALSE,NORMAL
FALSE,FALSE,NORMAL,FALSE,NORMAL,FALSE,LOW,HIGH,NORMAL,LOW,ZERO,ZERO,NORMAL,LOW,NORMAL,FALSE,HIGH,NORMAL,LOW,NORMAL,LOW,FALSE,HIGH,LOW,ZERO,LOW,FALSE,FALSE,LOW,HIGH,HIGH,FALSE,NORMAL,HIGH,LOW,FALSE,NORMAL
FALSE,FALSE,NORMAL,FALSE,HIGH,FALSE,HIGH,NORMAL,NORMAL,HIGH,LOW,ZERO,HIGH,HIGH,ESOPHAGEAL,FALSE,NORMAL,LOW,NORMAL,NORMAL,ZERO,FALSE,LOW,LOW,LOW,HIGH,FALSE,FALSE,HIGH,NORMAL,LOW,FALSE,HIGH,LOW,NORMAL,FALSE,NORMAL
FALSE,FALSE,NORMAL,FALSE,HIGH,FALSE,HIGH,NORMAL,NORMAL,HIGH,NORMAL,LOW,HIGH,HIGH,NORMAL,FALSE,NORMAL,NORMAL,NORMAL,NORMAL,ZERO,FALSE,LOW,ZERO,LOW,HIGH,FALSE,FALSE,HIGH,NORMAL,LOW,FALSE,HIGH,ZERO,NORMAL,FALSE,NORMAL
FALSE,FALSE,NORMAL,FALSE,NORMAL,FALSE,HIGH,LOW,NORMAL,HIGH,NORMAL,LOW,HIGH,HIGH,NORMAL,FALSE,NORMAL,NORMAL,NORMAL,NORMAL,LOW,FALSE,HIGH,HIGH,ZERO,HIGH,FALSE,FALSE,HIGH,NORMAL,HIGH,FALSE,HIGH,HIGH,NORMAL,FALSE,NORMAL
FALSE,FALSE,NORMAL,FALSE,HIGH,FALSE,LOW,LOW,NORMAL,HIGH,NORMAL,LOW,NORMAL,NORMAL,NORMAL,FALSE,NORMAL,NORMAL,HIGH,NORMAL,ZERO,FALSE,LOW,ZERO,LOW,LOW,FALSE,FALSE,LOW,NORMAL,LOW,FALSE,NORMAL,ZERO,NORMAL,FALSE,NORMAL
FALSE,FALSE,NORMAL,FALSE,HIGH,FALSE,HIGH,HIGH,NORMAL,LOW,NORMAL,LOW,HIGH,HIGH,NORMAL,FALSE,NORMAL,NORMAL,LOW,NORMAL,ZERO,FALSE,LOW,ZERO,LOW,HIGH,FALSE,FALSE,HIGH,NORMAL,LOW,FALSE,HIGH,ZERO,NORMAL,FALSE,NORMAL
FALSE,FALSE,NORMAL,FALSE,HIGH,FALSE,HIGH,HIGH,NORMAL,HIGH,NORMAL,LOW,HIGH,HIGH,NORMAL,FALSE,NORMAL,NORMAL,NORMAL,NORMAL,ZERO,FALSE,LOW,ZERO,LOW,HIGH,FALSE,FALSE,HIGH,NORMAL,LOW,FALSE,HIGH,ZERO,NORMAL,FALSE,NORMAL
FALSE,FALSE,NORMAL,FALSE,HIGH,FALSE,HIGH,NORMAL,NORMAL,HIGH,NORMAL,LOW,HIGH,HIGH,NORMAL,FALSE,NORMAL,NORMAL,NORMAL,NORMAL,ZERO,FALSE,LOW,ZERO,LOW,HIGH,FALSE,FALSE,HIGH,NORMAL,LOW,FALSE,HIGH,ZERO,HIGH,FALSE,NORMAL
FALSE,FALSE,NORMAL,FALSE,LOW,FALSE,LOW,HIGH,NORMAL,NORMAL,ZERO,ZERO,NORMAL,NORMAL,NORMAL,FALSE,NORMAL,NORMAL,HIGH,NORMAL,LOW,FALSE,HIGH,HIGH,LOW,LOW,FALSE,FALSE,LOW,NORMAL,HIGH,FALSE,NORMAL,HIGH,NORMAL,FALSE,NORMAL
FALSE,FALSE,NORMAL,FALSE,HIGH,FALSE,LOW,NORMAL,NORMAL,LOW,NORMAL,LOW,HIGH,LOW,NORMAL,FALSE,NORMAL,NORMAL,LOW,NORMAL,ZERO,FALSE,LOW,ZERO,NORMAL,LOW,FALSE,FALSE,LOW,NORMAL,LOW,FALSE,NORMAL,ZERO,NORMAL,FALSE,NORMAL
TRUE,FALSE,NORMAL,FALSE,HIGH,TRUE,HIGH,LOW,NORMAL,HIGH,NORMAL,ZERO,HIGH,HIGH,ONESIDED,FALSE,NORMAL,NORMAL,HIGH,NORMAL,HIGH,FALSE,LOW,HIGH,HIGH,NORMAL,FALSE,FALSE,NORMAL,NORMAL,LOW,FALSE,HIGH,LOW,NORMAL,FALSE,HIGH
FALSE,FALSE,NORMAL,FALSE,HIGH,FALSE,HIGH,HIGH,NORMAL,HIGH,NORMAL,LOW,HIGH,HIGH,NORMAL,FALSE,NORMAL,NORMAL,NORMAL,NORMAL,ZERO,FALSE,LOW,ZERO,LOW,HIGH,FALSE,FALSE,HIGH,NORMAL,LOW,FALSE,HIGH,ZERO,NORMAL,FALSE,NORMAL
FALSE,FALSE,NORMAL,FALSE,HIGH,FALSE,LOW,LOW,LOW,NORMAL,NORMAL,LOW,HIGH,NORMAL,NORMAL,FALSE,LOW,NORMAL,NORMAL,LOW,ZERO,FALSE,LOW,ZERO,LOW,LOW,FALSE,FALSE,LOW,LOW,LOW,FALSE,NORMAL,ZERO,NORMAL,FALSE,HIGH
FALSE,FALSE,NORMAL,FALSE,HIGH,FALSE,HIGH,NORMAL,NORMAL,LOW,NORMAL,LOW,HIGH,HIGH,NORMAL,FALSE,NORMAL,NORMAL,NORMAL,NORMAL,ZERO,FALSE,LOW,ZERO,LOW,HIGH,FALSE,FALSE,HIGH,NORMAL,LOW,FALSE,HIGH,ZERO,NORMAL,FALSE,NORMAL
FALSE,FALSE,HIGH,FALSE,HIGH,TRUE,HIGH,NORMAL,NORMAL,HIGH,NORMAL,LOW,HIGH,HIGH,NORMAL,FALSE,NORMAL,NORMAL,NORMAL,NORMAL,ZERO,FALSE,LOW,ZERO,LOW,NORMAL,FALSE,FALSE,NORMAL,NORMAL,LOW,FALSE,HIGH,ZERO,NORMAL,FALSE,NORMAL
FALSE,TRUE,NORMAL,FALSE,HIGH,FALSE,HIGH,HIGH,NORMAL,NORMAL,ZERO,ZERO,HIGH,NORMAL,NORMAL,FALSE,HIGH,NORMAL,NORMAL,HIGH,ZERO,FALSE,LOW,ZERO,LOW,HIGH,FALSE,TRUE,HIGH,HIGH,LOW,FALSE,HIGH,ZERO,LOW,FALSE,NORMAL
FALSE,FALSE,NORMAL,FALSE,HIGH,FALSE,HIGH,NORMAL,NORMAL,NORMAL,NORMAL,LOW,HIGH,HIGH,NORMAL,FALSE,NORMAL,NORMAL,NORMAL,NORMAL,ZERO,FALSE,LOW,ZERO,LOW,HIGH,FALSE,FALSE,HIGH,NORMAL,LOW,FALSE,HIGH,ZERO,HIGH,FALSE,NORMAL
FALSE,FALSE,NORMAL,FALSE,HIGH,TRUE,HIGH,NORMAL,NORMAL,LOW,NORMAL,LOW,HIGH,HIGH,NORMAL,FALSE,NORMAL,NORMAL,LOW,NORMAL,ZERO,FALSE,LOW,ZERO,LOW,NORMAL,FALSE,FALSE,NORMAL,NORMAL,LOW,FALSE,HIGH,ZERO,NORMAL,FALSE,NORMAL
FALSE,FALSE,NORMAL,FALSE,HIGH,TRUE,HIGH,ZERO,NORMAL,LOW,ZERO,ZERO,HIGH,LOW,NORMAL,FALSE,LOW,NORMAL,HIGH,NORMAL,ZERO,FALSE,LOW,ZERO,LOW,NORMAL,FALSE,FALSE,NORMAL,NORMAL,LOW,FALSE,HIGH,ZERO,LOW,TRUE,NORMAL
FALSE,FALSE,NORMAL,FALSE,HIGH,TRUE,HIGH,NORMAL,NORMAL,NORMAL,NORMAL,LOW,HIGH,HIGH,NORMAL,FALSE,NORMAL,NORMAL,HIGH,NORMAL,ZERO,FALSE,LOW,ZERO,LOW,NORMAL,FALSE,FALSE,NORMAL,NORMAL,LOW,FALSE,HIGH,ZERO,NORMAL,FALSE,NORMAL
FALSE,FALSE,NORMAL,FALSE,HIGH,FALSE,LOW,HIGH,NORMAL,HIGH,NORMAL,LOW,NORMAL,NORMAL,NORMAL,FALSE,NORMAL,NORMAL,HIGH,NORMAL,ZERO,FALSE,LOW,ZERO,LOW,LOW,FALSE,FALSE,LOW,NORMAL,LOW,FALSE,NORMAL,ZERO,NORMAL,FALSE,NORMAL
FALSE,FALSE,NORMAL,FALSE,HIGH,FALSE,HIGH,HIGH,NORMAL,LOW,NORMAL,LOW,HIGH,LOW,NORMAL,FALSE,HIGH,NORMAL,LOW,HIGH,ZERO,FALSE,LOW,ZERO,LOW,HIGH,FALSE,TRUE,HIGH,HIGH,LOW,FALSE,HIGH,ZERO,LOW,FALSE,NORMAL
FALSE,FALSE,NORMAL,FALSE,LOW,FALSE,HIGH,HIGH,NORMAL,LOW,NORMAL,ZERO,HIGH,HIGH,NORMAL,FALSE,NORMAL,NORMAL,NORMAL,NORMAL,LOW,FALSE,HIGH,HIGH,LOW,HIGH,FALSE,FALSE,HIGH,NORMAL,HIGH,FALSE,HIGH,HIGH,NORMAL,FALSE,NORMAL
FALSE,FALSE,LOW,FALSE,HIGH,FALSE,NORMAL,NORMAL,NORMAL,NORMAL,NORMAL,LOW,HIGH,LOW,NORMAL,FALSE,NORMAL,NORMAL,HIGH,NORMAL,ZERO,FALSE,LOW,HIGH,LOW,NORMAL,FALSE,TRUE,HIGH,NORMAL,LOW,FALSE,LOW,ZERO,NORMAL,FALSE,HIGH
FALSE,FALSE,NORMAL,TRUE,HIGH,FALSE,HIGH,NORMAL,NORMAL,LOW,NORMAL,LOW,HIGH,LOW,NORMAL,FALSE,LOW,NORMAL,LOW,LOW,ZERO,FALSE,LOW,ZERO,LOW,HIGH,TRUE,TRUE,HIGH,LOW,LOW,FALSE,HIGH,ZERO,LOW,FALSE,NORMAL
FALSE,FALSE,NORMAL,FALSE,HIGH,FALSE,NORMAL,NORMAL,NORMAL,HIGH,NORMAL,LOW,HIGH,HIGH,NORMAL,TRUE,NORMAL,NORMAL,NORMAL,NORMAL,ZERO,FALSE,LOW,ZERO,LOW,LOW,FALSE,FALSE,HIGH,NORMAL,LOW,FALSE,HIGH,ZERO,NORMAL,TRUE,NORMAL
FALSE,TRUE,NORMAL,FALSE,LOW,FALSE,LOW,HIGH,NORMAL,HIGH,NORMAL,LOW,NORMAL,NORMAL,NORMAL,FALSE,NORMAL,NORMAL,HIGH,NORMAL,LOW,FALSE,LOW,HIGH,LOW,LOW,FALSE,FALSE,LOW,NORMAL,LOW,FALSE,NORMAL,HIGH,NORMAL,FALSE,NORMAL
FALSE,FALSE,NORMAL,FALSE,HIGH,TRUE,HIGH,LOW,NORMAL,LOW,NORMAL,LOW,HIGH,HIGH,NORMAL,FALSE,NORMAL,NORMAL,LOW,NORMAL,ZERO,FALSE,LOW,ZERO,LOW,NORMAL,FALSE,FALSE,NORMAL,NORMAL,LOW,FALSE,HIGH,ZERO,NORMAL,FALSE,NORMAL
FALSE,FALSE,NORMAL,FALSE,HIGH,FALSE,HIGH,HIGH,NORMAL,LOW,LOW,ZERO,HIGH,LOW,NORMAL,FALSE,NORMAL,LOW,LOW,NORMAL,ZERO,FALSE,LOW,ZERO,LOW,HIGH,FALSE,FALSE,HIGH,NORMAL,LOW,FALSE,HIGH,ZERO,LOW,FALSE,NORMAL
FALSE,FALSE,NORMAL,FALSE,HIGH,FALSE,LOW,LOW,NORMAL,HIGH,NORMAL,LOW,NORMAL,NORMAL,NORMAL,FALSE,NORMAL,NORMAL,HIGH,NORMAL,ZERO,FALSE,LOW,ZERO,LOW,LOW,FALSE,FALSE,LOW,NORMAL,NORMAL,FALSE,NORMAL,ZERO,NORMAL,FALSE,NORMAL
FALSE,FALSE,NORMAL,FALSE,HIGH,FALSE,LOW,NORMAL,NORMAL,LOW,NORMAL,LOW,HIGH,NORMAL,NORMAL,FALSE,NORMAL,NORMAL,NORMAL,NORMAL,ZERO,FALSE,LOW,ZERO,LOW,LOW,FALSE,FALSE,LOW,NORMAL,LOW,FALSE,NORMAL,ZERO,NORMAL,FALSE,NORMAL
FALSE,FALSE,NORMAL,FALSE,HIGH,FALSE,HIGH,LOW,NORMAL,LOW,NORMAL,LOW,HIGH,LOW,NORMAL,FALSE,HIGH,NORMAL,LOW,HIGH,ZERO,FALSE,LOW,ZERO,LOW,HIGH,FALSE,TRUE,HIGH,HIGH,LOW,FALSE,HIGH,ZERO,LOW,FALSE,NORMAL
FALSE,FALSE,NORMAL,FALSE,LOW,TRUE,HIGH,HIGH,NORMAL,LOW,ZERO,ZERO,HIGH,HIGH,NORMAL,FALSE,NORMAL,NORMAL,LOW,LOW,LOW,FALSE,HIGH,HIGH,LOW,NORMAL,FALSE,FALSE,NORMAL,NORMAL,HIGH,FALSE,HIGH,HIGH,NORMAL,FALSE,NORMAL
FALSE,FALSE,NORMAL,FALSE,HIGH,TRUE,HIGH,NORMAL,NORMAL,LOW,NORMAL,LOW,HIGH,HIGH,NORMAL,FALSE,NORMAL,NORMAL,LOW,NORMAL,ZERO,FALSE,LOW,ZERO,LOW,NORMAL,FALSE,FALSE,NORMAL,NORMAL,LOW,FALSE,HIGH,ZERO,NORMAL,FALSE,NORMAL
FALSE,FALSE,NORMAL,FALSE,LOW,TRUE,LOW,HIGH,NORMAL,NORMAL,LOW,ZERO,NORMAL,LOW,NORMAL,FALSE,LOW,LOW,HIGH,NORMAL,LOW,FALSE,HIGH,HIGH,LOW,HIGH,TRUE,TRUE,LOW,LOW,HIGH,FALSE,NORMAL,HIGH,LOW,FALSE,NORMAL
FALSE,FALSE,NORMAL,FALSE,HIGH,FALSE,HIGH,HIGH,NORMAL,NORMAL,NORMAL,LOW,HIGH,NORMAL,NORMAL,FALSE,HIGH,NORMAL,NORMAL,HIGH,ZERO,FALSE,LOW,ZERO,LOW,HIGH,FALSE,TRUE,HIGH,HIGH,LOW,FALSE,HIGH,ZERO,LOW,FALSE,NORMAL
FALSE,FALSE,NORMAL,FALSE,LOW,FALSE,LOW,HIGH,NORMAL,HIGH,ZERO,ZERO,NORMAL,NORMAL,NORMAL,FALSE,NORMAL,NORMAL,HIGH,NORMAL,LOW,FALSE,HIGH,HIGH,LOW,LOW,FALSE,FALSE,LOW,NORMAL,HIGH,FALSE,NORMAL,HIGH,NORMAL,FALSE,NORMAL
FALSE,FALSE,NORMAL,FALSE,LOW,FALSE,HIGH,LOW,NORMAL,HIGH,HIGH,HIGH,HIGH,HIGH,NORMAL,FALSE,NORMAL,HIGH,NORMAL,NORMAL,LOW,FALSE,HIGH,HIGH,LOW,HIGH,FALSE,FALSE,HIGH,NORMAL,HIGH,FALSE,HIGH,HIGH,NORMAL,FALSE,NORMAL
FALSE,FALSE,NORMAL,FALSE,HIGH,FALSE,HIGH,LOW,NORMAL,LOW,NORMAL,LOW,HIGH,HIGH,NORMAL,FALSE,NORMAL,NORMAL,LOW,NORMAL,ZERO,FALSE,LOW,ZERO,LOW,HIGH,FALSE,FALSE,HIGH,NORMAL,LOW,FALSE,HIGH,ZERO,NORMAL,FALSE,NORMAL
FALSE,FALSE,NORMAL,FALSE,HIGH,FALSE,HIGH,ZERO,NORMAL,HIGH,NORMAL,LOW,HIGH,HIGH,ESOPHAGEAL,FALSE,NORMAL,NORMAL,HIGH,NORMAL,LOW,FALSE,LOW,ZERO,NORMAL,HIGH,FALSE,FALSE,HIGH,NORMAL,LOW,FALSE,HIGH,ZERO,NORMAL,FALSE,NORMAL
FALSE,FALSE,LOW,FALSE,HIGH,FALSE,HIGH,LOW,NORMAL,LOW,NORMAL,LOW,HIGH,HIGH,NORMAL,FALSE,NORMAL,NORMAL,LOW,NORMAL,ZERO,FALSE,LOW,ZERO,LOW,HIGH,FALSE,FALSE,HIGH,NORMAL,LOW,FALSE,HIGH,ZERO,NORMAL,FALSE,NORMAL
FALSE,FALSE,NORMAL,FALSE,HIGH,FALSE,HIGH,HIGH,NORMAL,HIGH,NORMAL,LOW,HIGH,HIGH,NORMAL,FALSE,NORMAL,NORMAL,HIGH,NORMAL,ZERO,FALSE,LOW,ZERO,LOW,HIGH,FALSE,FALSE,HIGH,NORMAL,LOW,FALSE,HIGH,ZERO,NORMAL,FALSE,NORMAL
FALSE,FALSE,NORMAL,FALSE,HIGH,FALSE,HIGH,LOW,NORMAL,HIGH,NORMAL,LOW,HIGH,HIGH,NORMAL,FALSE,HIGH,NORMAL,HIGH,NORMAL,ZERO,FALSE,LOW,ZERO,LOW,HIGH,FALSE,TRUE,HIGH,HIGH,LOW,FALSE,HIGH,ZERO,NORMAL,FALSE,NORMAL
FALSE,TRUE,NORMAL,FALSE,HIGH,FALSE,HIGH,HIGH,NORMAL,LOW,NORMAL,LOW,HIGH,HIGH,NORMAL,FALSE,NORMAL,NORMAL,LOW,NORMAL,ZERO,FALSE,LOW,ZERO,LOW,HIGH,FALSE,FALSE,HIGH,NORMAL,LOW,FALSE,HIGH,ZERO,NORMAL,FALSE,NORMAL
FALSE,FALSE,NORMAL,FALSE,NORMAL,FALSE,NORMAL,HIGH,NORMAL,LOW,NORMAL,LOW,HIGH,HIGH,ONESIDED,TRUE,NORMAL,NORMAL,LOW,NORMAL,ZERO,TRUE,LOW,NORMAL,LOW,HIGH,FALSE,FALSE,HIGH,NORMAL,LOW,FALSE,HIGH,NORMAL,NORMAL,FALSE,HIGH
FALSE,FALSE,HIGH,FALSE,HIGH,FALSE,HIGH,HIGH,NORMAL,HIGH,NORMAL,LOW,HIGH,HIGH,NORMAL,FALSE,NORMAL,NORMAL,HIGH,NORMAL,ZERO,FALSE,LOW,ZERO,LOW,HIGH,FALSE,FALSE,HIGH,NORMAL,LOW,FALSE,HIGH,ZERO,NORMAL,FALSE,NORMAL
FALSE,FALSE,NORMAL,FALSE,HIGH,TRUE,HIGH,LOW,NORMAL,LOW,NORMAL,LOW,HIGH,LOW,NORMAL,FALSE,HIGH,NORMAL,LOW,HIGH,ZERO,FALSE,LOW,ZERO,LOW,NORMAL,FALSE,TRUE,NORMAL,HIGH,LOW,FALSE,HIGH,ZERO,LOW,FALSE,NORMAL
FALSE,FALSE,NORMAL,FALSE,HIGH,FALSE,HIGH,HIGH,NORMAL,LOW,NORMAL,LOW,HIGH,HIGH,NORMAL,FALSE,LOW,NORMAL,NORMAL,LOW,ZERO,FALSE,LOW,ZERO,LOW,HIGH,FALSE,FALSE,HIGH,NORMAL,LOW,FALSE,HIGH,ZERO,NORMAL,FALSE,NORMAL
FALSE,FALSE,NORMAL,FALSE,LOW,FALSE,HIGH,LOW,NORMAL,LOW,HIGH,HIGH,HIGH,NORMAL,NORMAL,FALSE,NORMAL,HIGH,LOW,NORMAL,LOW,FALSE,HIGH,HIGH,LOW,HIGH,FALSE,FALSE,HIGH,NORMAL,HIGH,FALSE,HIGH,HIGH,NORMAL,FALSE,NORMAL
FALSE,FALSE,NORMAL,TRUE,HIGH,FALSE,HIGH,NORMAL,NORMAL,LOW,NORMAL,LOW,HIGH,LOW,NORMAL,FALSE,LOW,NORMAL,NORMAL,LOW,ZERO,FALSE,LOW,ZERO,LOW,HIGH,TRUE,FALSE,HIGH,LOW,LOW,FALSE,HIGH,ZERO,LOW,FALSE,NORMAL
FALSE,FALSE,NORMAL,FALSE,HIGH,FALSE,HIGH,HIGH,NORMAL,LOW,NORMAL,NORMAL,HIGH,HIGH,NORMAL,FALSE,NORMAL,NORMAL,LOW,NORMAL,HIGH,FALSE,LOW,LOW,HIGH,HIGH,FALSE,FALSE,HIGH,NORMAL,LOW,FALSE,HIGH,LOW,NORMAL,FALSE,NORMAL
TRUE,FALSE,NORMAL,FALSE,LOW,FALSE,LOW,HIGH,NORMAL,NORMAL,LOW,ZERO,NORMAL,LOW,NORMAL,FALSE,NORMAL,LOW,HIGH,NORMAL,LOW,FALSE,HIGH,HIGH,LOW,LOW,FALSE,FALSE,LOW,NORMAL,HIGH,FALSE,NORMAL,HIGH,LOW,FALSE,NORMAL
FALSE,FALSE,NORMAL,FALSE,HIGH,FALSE,LOW,LOW,NORMAL,LOW,NORMAL,LOW,NORMAL,LOW,NORMAL,FALSE,NORMAL,NORMAL,NORMAL,NORMAL,ZERO,FALSE,LOW,ZERO,LOW,LOW,FALSE,FALSE,LOW,NORMAL,LOW,FALSE,NORMAL,ZERO,LOW,FALSE,NORMAL
FALSE,FALSE,HIGH,FALSE,HIGH,FALSE,HIGH,HIGH,NORMAL,LOW,NORMAL,LOW,HIGH,HIGH,NORMAL,FALSE,LOW,NORMAL,LOW,LOW,ZERO,FALSE,LOW,ZERO,LOW,HIGH,FALSE,FALSE,HIGH,LOW,LOW,FALSE,HIGH,ZERO,NORMAL,FALSE,NORMAL
FALSE,FALSE,NORMAL,FALSE,HIGH,FALSE,HIGH,HIGH,NORMAL,LOW,LOW,ZERO,HIGH,HIGH,NORMAL,FALSE,NORMAL,LOW,LOW,NORMAL,LOW,FALSE,LOW,HIGH,NORMAL,HIGH,FALSE,FALSE,HIGH,NORMAL,LOW,FALSE,HIGH,LOW,NORMAL,FALSE,NORMAL
FALSE,FALSE,NORMAL,FALSE,HIGH,FALSE,HIGH,LOW,NORMAL,NORMAL,NORMAL,LOW,HIGH,NORMAL,NORMAL,FALSE,HIGH,NORMAL,NORMAL,NORMAL,ZERO,FALSE,LOW,ZERO,LOW,HIGH,FALSE,TRUE,HIGH,HIGH,LOW,FALSE,HIGH,ZERO,LOW,FALSE,NORMAL
TRUE,FALSE,HIGH,FALSE,HIGH,FALSE,HIGH,HIGH,NORMAL,NORMAL,NORMAL,NORMAL,HIGH,HIGH,NORMAL,FALSE,NORMAL,NORMAL,NORMAL,NORMAL,HIGH,FALSE,LOW,LOW,HIGH,HIGH,FALSE,FALSE,HIGH,NORMAL,LOW,FALSE,HIGH,LOW,NORMAL,FALSE,NORMAL
FALSE,TRUE,NORMAL,FALSE,LOW,FALSE,NORMAL,NORMAL,NORMAL,LOW,NORMAL,LOW,HIGH,HIGH,NORMAL,TRUE,NORMAL,NORMAL,LOW,NORMAL,ZERO,FALSE,HIGH,ZERO,HIGH,HIGH,FALSE,FALSE,HIGH,NORMAL,HIGH,FALSE,HIGH,HIGH,NORMAL,FALSE,NORMAL
FALSE,FALSE,NORMAL,TRUE,HIGH,TRUE,HIGH,LOW,NORMAL,LOW,NORMAL,LOW,HIGH,LOW,NORMAL,FALSE,LOW,NORMAL,LOW,LOW,ZERO,FALSE,LOW,ZERO,LOW,NORMAL,TRUE,FALSE,NORMAL,LOW,LOW,FALSE,HIGH,ZERO,LOW,FALSE,NORMAL
FALSE,FALSE,NORMAL,FALSE,HIGH,TRUE,HIGH,HIGH,NORMAL,HIGH,NORMAL,LOW,HIGH,HIGH,ESOPHAGEAL,FALSE,HIGH,NORMAL,LOW,HIGH,LOW,TRUE,LOW,ZERO,NORMAL,NORMAL,FALSE,TRUE,NORMAL,HIGH,LOW,FALSE,HIGH,ZERO,NORMAL,FALSE,NORMAL
FALSE,FALSE,NORMAL,FALSE,HIGH,FALSE,HIGH,HIGH,NORMAL,LOW,NORMAL,LOW,HIGH,HIGH,NORMAL,FALSE,NORMAL,NORMAL,LOW,NORMAL,ZERO,FALSE,LOW,ZERO,LOW,HIGH,FALSE,FALSE,HIGH,NORMAL,LOW,FALSE,HIGH,ZERO,NORMAL,FALSE,HIGH
FALSE,TRUE,NORMAL,FALSE,HIGH,TRUE,HIGH,HIGH,NORMAL,LOW,NORMAL,LOW,HIGH,LOW,NORMAL,FALSE,HIGH,NORMAL,NORMAL,HIGH,ZERO,FALSE,LOW,ZERO,LOW,NORMAL,FALSE,TRUE,NORMAL,HIGH,LOW,FALSE,HIGH,ZERO,LOW,FALSE,NORMAL
FALSE,FALSE,NORMAL,FALSE,HIGH,FALSE,HIGH,LOW,NORMAL,LOW,NORMAL,LOW,HIGH,LOW,NORMAL,FALSE,HIGH,NORMAL,NORMAL,NORMAL,ZERO,FALSE,LOW,ZERO,LOW,HIGH,FALSE,TRUE,HIGH,HIGH,LOW,FALSE,HIGH,ZERO,LOW,FALSE,NORMAL
FALSE,FALSE,NORMAL,FALSE,HIGH,FALSE,HIGH,HIGH,NORMAL,LOW,HIGH,LOW,HIGH,HIGH,ONESIDED,FALSE,NORMAL,HIGH,LOW,NORMAL,LOW,FALSE,LOW,LOW,NORMAL,HIGH,FALSE,FALSE,HIGH,NORMAL,LOW,FALSE,HIGH,LOW,NORMAL,FALSE,HIGH
FALSE,FALSE,NORMAL,FALSE,HIGH,FALSE,HIGH,NORMAL,NORMAL,LOW,NORMAL,LOW,HIGH,HIGH,NORMAL,FALSE,NORMAL,NORMAL,LOW,NORMAL,ZERO,FALSE,LOW,ZERO,LOW,HIGH,FALSE,FALSE,HIGH,NORMAL,LOW,FALSE,HIGH,ZERO,NORMAL,FALSE,NORMAL
FALSE,FALSE,NORMAL,FALSE,HIGH,FALSE,HIGH,LOW,NORMAL,HIGH,NORMAL,LOW,HIGH,HIGH,NORMAL,FALSE,NORMAL,NORMAL,HIGH,NORMAL,ZERO,FALSE,LOW,ZERO,LOW,HIGH,FALSE,FALSE,HIGH,NORMAL,LOW,FALSE,HIGH,ZERO,NORMAL,FALSE,NORMAL
FALSE,FALSE,NORMAL,FALSE,HIGH,FALSE,HIGH,NORMAL,NORMAL,HIGH,NORMAL,LOW,HIGH,HIGH,NORMAL,FALSE,NORMAL,NORMAL,HIGH,NORMAL,ZERO,FALSE,LOW,ZERO,LOW,HIGH,FALSE,FALSE,HIGH,NORMAL,HIGH,FALSE,HIGH,ZERO,NORMAL,FALSE,NORMAL
FALSE,FALSE,LOW,FALSE,HIGH,FALSE,HIGH,LOW,NORMAL,LOW,NORMAL,LOW,HIGH,HIGH,NORMAL,FALSE,NORMAL,NORMAL,LOW,NORMAL,ZERO,FALSE,LOW,ZERO,LOW,HIGH,FALSE,FALSE,HIGH,NORMAL,LOW,FALSE,HIGH,ZERO,NORMAL,FALSE,NORMAL
TRUE,FALSE,NORMAL,FALSE,NORMAL,FALSE,LOW,HIGH,NORMAL,LOW,NORMAL,ZERO,HIGH,NORMAL,NORMAL,FALSE,NORMAL,NORMAL,LOW,NORMAL,LOW,FALSE,HIGH,HIGH,ZERO,LOW,FALSE,FALSE,LOW,NORMAL,HIGH,FALSE,NORMAL,HIGH,NORMAL,FALSE,NORMAL
FALSE,FALSE,NORMAL,FALSE,HIGH,FALSE,HIGH,NORMAL,NORMAL,HIGH,NORMAL,LOW,HIGH,HIGH,NORMAL,FALSE,NORMAL,NORMAL,NORMAL,NORMAL,ZERO,FALSE,LOW,ZERO,LOW,HIGH,FALSE,FALSE,HIGH,NORMAL,LOW,FALSE,HIGH,ZERO,NORMAL,FALSE,NORMAL
FALSE,FALSE,NORMAL,FALSE,HIGH,FALSE,HIGH,LOW,NORMAL,LOW,NORMAL,LOW,HIGH,HIGH,NORMAL,FALSE,NORMAL,NORMAL,LOW,NORMAL,ZERO,FALSE,LOW,ZERO,LOW,HIGH,FALSE,FALSE,HIGH,NORMAL,LOW,FALSE,HIGH,ZERO,NORMAL,FALSE,NORMAL
FALSE,FALSE,NORMAL,FALSE,HIGH,FALSE,HIGH,NORMAL,NORMAL,HIGH,NORMAL,LOW,HIGH,HIGH,NORMAL,FALSE,HIGH,NORMAL,LOW,HIGH,ZERO,FALSE,LOW,NORMAL,LOW,HIGH,FALSE,FALSE,HIGH,HIGH,LOW,FALSE,HIGH,ZERO,NORMAL,FALSE,NORMAL
FALSE,FALSE,NORMAL,FALSE,HIGH,TRUE,LOW,HIGH,NORMAL,HIGH,NORMAL,LOW,HIGH,NORMAL,NORMAL,FALSE,NORMAL,NORMAL,NORMAL,NORMAL,ZERO,FALSE,LOW,ZERO,LOW,LOW,FALSE,FALSE,NORMAL,NORMAL,LOW,FALSE,NORMAL,ZERO,NORMAL,FALSE,NORMAL
FALSE,FALSE,NORMAL,FALSE,LOW,TRUE,LOW,HIGH,NORMAL,LOW,NORMAL,HIGH,NORMAL,NORMAL,ESOPHAGEAL,FALSE,HIGH,NORMAL,HIGH,NORMAL,NORMAL,FALSE,HIGH,HIGH,NORMAL,NORMAL,FALSE,TRUE,NORMAL,HIGH,HIGH,FALSE,NORMAL,HIGH,NORMAL,FALSE,NORMAL
FALSE,FALSE,NORMAL,FALSE,HIGH,FALSE,HIGH,HIGH,NORMAL,LOW,NORMAL,LOW,HIGH,HIGH,NORMAL,FALSE,LOW,NORMAL,LOW,NORMAL,ZERO,FALSE,LOW,ZERO,LOW,HIGH,FALSE,FALSE,HIGH,NORMAL,LOW,FALSE,HIGH,ZERO,NORMAL,FALSE,NORMAL
FALSE,FALSE,NORMAL,FALSE,HIGH,FALSE,HIGH,LOW,NORMAL,NORMAL,NORMAL,LOW,HIGH,HIGH,NORMAL,FALSE,HIGH,NORMAL,NORMAL,HIGH,ZERO,FALSE,LOW,ZERO,LOW,HIGH,FALSE,FALSE,HIGH,HIGH,LOW,FALSE,HIGH,ZERO,NORMAL,FALSE,NORMAL
FALSE,FALSE,NORMAL,FALSE,HIGH,FALSE,HIGH,HIGH,NORMAL,HIGH,NORMAL,LOW,HIGH,HIGH,NORMAL,FALSE,HIGH,NORMAL,NORMAL,NORMAL,ZERO,FALSE,LOW,ZERO,LOW,HIGH,FALSE,TRUE,HIGH,HIGH,LOW,FALSE,HIGH,ZERO,NORMAL,FALSE,NORMAL
FALSE,FALSE,NORMAL,FALSE,HIGH,FALSE,NORMAL,NORMAL,NORMAL,LOW,NORMAL,LOW,HIGH,HIGH,NORMAL,TRUE,NORMAL,NORMAL,LOW,LOW,ZERO,FALSE,LOW,ZERO,LOW,HIGH,FALSE,FALSE,HIGH,NORMAL,LOW,FALSE,HIGH,ZERO,NORMAL,TRUE,HIGH
FALSE,FALSE,LOW,FALSE,HIGH,FALSE,HIGH,NORMAL,NORMAL,NORMAL,NORMAL,LOW,HIGH,HIGH,NORMAL,FALSE,NORMAL,NORMAL,NORMAL,NORMAL,ZERO,FALSE,LOW,ZERO,LOW,HIGH,FALSE,FALSE,HIGH,NORMAL,LOW,FALSE,HIGH,ZERO,NORMAL,FALSE,NORMAL
FALSE,TRUE,NORMAL,FALSE,NORMAL,FALSE,HIGH,LOW,NORMAL,HIGH,NORMAL,ZERO,HIGH,HIGH,ONESIDED,FALSE,HIGH,NORMAL,NORMAL,HIGH,ZERO,FALSE,LOW,NORMAL,LOW,HIGH,FALSE,TRUE,HIGH,HIGH,LOW,FALSE,HIGH,NORMAL,NORMAL,FALSE,HIGH
FALSE,TRUE,NORMAL,FALSE,LOW,FALSE,HIGH,HIGH,NORMAL,HIGH,ZERO,ZERO,HIGH,HIGH,NORMAL,FALSE,NORMAL,NORMAL,NORMAL,NORMAL,LOW,FALSE,HIGH,HIGH,LOW,HIGH,FALSE,FALSE,HIGH,NORMAL,HIGH,FALSE,HIGH,HIGH,HIGH,FALSE,NORMAL
FALSE,FALSE,NORMAL,FALSE,LOW,FALSE,HIGH,HIGH,NORMAL,HIGH,NORMAL,LOW,HIGH,HIGH,NORMAL,FALSE,NORMAL,NORMAL,NORMAL,NORMAL,LOW,FALSE,HIGH,HIGH,LOW,HIGH,FALSE,FALSE,HIGH,NORMAL,HIGH,FALSE,HIGH,HIGH,NORMAL,FALSE,NORMAL
FALSE,FALSE,NORMAL,FALSE,LOW,FALSE,HIGH,LOW,NORMAL,LOW,HIGH,HIGH,HIGH,HIGH,NORMAL,FALSE,NORMAL,HIGH,LOW,NORMAL,LOW,FALSE,HIGH,HIGH,LOW,HIGH,FALSE,FALSE,HIGH,NORMAL,HIGH,FALSE,HIGH,HIGH,NORMAL,FALSE,NORMAL
FALSE,FALSE,NORMAL,FALSE,HIGH,TRUE,LOW,HIGH,NORMAL,HIGH,LOW,ZERO,HIGH,NORMAL,NORMAL,TRUE,NORMAL,LOW,HIGH,NORMAL,ZERO,FALSE,LOW,ZERO,LOW,NORMAL,FALSE,FALSE,NORMAL,NORMAL,LOW,FALSE,NORMAL,ZERO,NORMAL,FALSE,NORMAL
FALSE,FALSE,NORMAL,FALSE,LOW,FALSE,LOW,NORMAL,NORMAL,HIGH,NORMAL,LOW,NORMAL,NORMAL,NORMAL,FALSE,NORMAL,NORMAL,HIGH,NORMAL,LOW,FALSE,HIGH,HIGH,LOW,LOW,FALSE,FALSE,LOW,NORMAL,HIGH,FALSE,NORMAL,HIGH,NORMAL,FALSE,NORMAL
FALSE,FALSE,NORMAL,FALSE,LOW,FALSE,HIGH,HIGH,NORMAL,HIGH,LOW,ZERO,HIGH,HIGH,NORMAL,FALSE,NORMAL,LOW,NORMAL,NORMAL,LOW,FALSE,HIGH,HIGH,LOW,HIGH,FALSE,FALSE,HIGH,NORMAL,HIGH,FALSE,HIGH,HIGH,HIGH,FALSE,NORMAL
FALSE,FALSE,NORMAL,FALSE,HIGH,FALSE,HIGH,HIGH,NORMAL,LOW,LOW,ZERO,HIGH,HIGH,NORMAL,FALSE,HIGH,LOW,LOW,HIGH,ZERO,FALSE,LOW,ZERO,LOW,HIGH,FALSE,TRUE,HIGH,HIGH,LOW,FALSE,HIGH,ZERO,NORMAL,FALSE,HIGH
FALSE,FALSE,NORMAL,TRUE,LOW,FALSE,LOW,HIGH,NORMAL,LOW,NORMAL,LOW,NORMAL,LOW,NORMAL,FALSE,LOW,NORMAL,LOW,LOW,ZERO,FALSE,HIGH,ZERO,ZERO,LOW,TRUE,FALSE,LOW,LOW,HIGH,FALSE,NORMAL,HIGH,LOW,FALSE,NORMAL
FALSE,FALSE,NORMAL,FALSE,HIGH,FALSE,HIGH,NORMAL,NORMAL,NORMAL,NORMAL,LOW,HIGH,HIGH,NORMAL,FALSE,NORMAL,NORMAL,HIGH,NORMAL,ZERO,FALSE,LOW,ZERO,LOW,HIGH,FALSE,FALSE,HIGH,NORMAL,LOW,FALSE,HIGH,ZERO,NORMAL,FALSE,NORMAL
FALSE,FALSE,NORMAL,FALSE,NORMAL,FALSE,LOW,LOW,NORMAL,HIGH,NORMAL,NORMAL,NORMAL,NORMAL,ONESIDED,FALSE,NORMAL,NORMAL,HIGH,NORMAL,ZERO,FALSE,NORMAL,NORMAL,LOW,LOW,FALSE,FALSE,LOW,NORMAL,LOW,FALSE,NORMAL,NORMAL,NORMAL,FALSE,HIGH
FALSE,FALSE,NORMAL,FALSE,HIGH,FALSE,HIGH,LOW,NORMAL,HIGH,NORMAL,LOW,HIGH,HIGH,NORMAL,FALSE,HIGH,NORMAL,NORMAL,HIGH,ZERO,FALSE,LOW,ZERO,LOW,HIGH,FALSE,FALSE,HIGH,HIGH,LOW,FALSE,HIGH,ZERO,NORMAL,FALSE,NORMAL
FALSE,FALSE,NORMAL,FALSE,NORMAL,FALSE,HIGH,HIGH,NORMAL,NORMAL,HIGH,HIGH,HIGH,HIGH,ESOPHAGEAL,FALSE,NORMAL,NORMAL,NORMAL,NORMAL,NORMAL,FALSE,HIGH,LOW,NORMAL,HIGH,FALSE,FALSE,HIGH,NORMAL,HIGH,FALSE,HIGH,HIGH,NORMAL,FALSE,NORMAL
FALSE,FALSE,NORMAL,FALSE,HIGH,FALSE,HIGH,NORMAL,NORMAL,LOW,NORMAL,LOW,HIGH,LOW,NORMAL,FALSE,LOW,NORMAL,NORMAL,LOW,ZERO,FALSE,LOW,ZERO,LOW,HIGH,TRUE,FALSE,HIGH,LOW,LOW,FALSE,HIGH,ZERO,LOW,FALSE,NORMAL
FALSE,FALSE,NORMAL,FALSE,HIGH,FALSE,HIGH,LOW,NORMAL,LOW,HIGH,HIGH,HIGH,LOW,NORMAL,FALSE,HIGH,NORMAL,LOW,HIGH,ZERO,FALSE,LOW,ZERO,LOW,HIGH,FALSE,TRUE,HIGH,HIGH,LOW,FALSE,HIGH,ZERO,LOW,FALSE,NORMAL
FALSE,FALSE,NORMAL,FALSE,HIGH,FALSE,HIGH,HIGH,NORMAL,LOW,NORMAL,LOW,HIGH,HIGH,NORMAL,FALSE,NORMAL,NORMAL,LOW,NORMAL,ZERO,FALSE,LOW,ZERO,LOW,HIGH,FALSE,FALSE,HIGH,NORMAL,LOW,FALSE,HIGH,ZERO,NORMAL,FALSE,NORMAL
FALSE,FALSE,NORMAL,FALSE,HIGH,FALSE,LOW,NORMAL,NORMAL,HIGH,NORMAL,LOW,HIGH,LOW,NORMAL,FALSE,NORMAL,NORMAL,HIGH,NORMAL,ZERO,FALSE,LOW,ZERO,LOW,HIGH,FALSE,FALSE,NORMAL,NORMAL,NORMAL,FALSE,LOW,ZERO,NORMAL,FALSE,NORMAL
FALSE,FALSE,NORMAL,FALSE,HIGH,FALSE,HIGH,LOW,NORMAL,HIGH,NORMAL,LOW,HIGH,HIGH,NORMAL,FALSE,NORMAL,NORMAL,HIGH,NORMAL,ZERO,FALSE,LOW,ZERO,LOW,HIGH,FALSE,FALSE,HIGH,NORMAL,LOW,FALSE,HIGH,ZERO,NORMAL,FALSE,NORMAL
FALSE,FALSE,NORMAL,FALSE,HIGH,FALSE,HIGH,HIGH,LOW,HIGH,NORMAL,LOW,HIGH,HIGH,NORMAL,FALSE,NORMAL,NORMAL,NORMAL,NORMAL,ZERO,FALSE,LOW,ZERO,LOW,HIGH,FALSE,FALSE,HIGH,NORMAL,LOW,FALSE,HIGH,ZERO,NORMAL,FALSE,NORMAL
FALSE,FALSE,NORMAL,FALSE,HIGH,FALSE,NORMAL,HIGH,NORMAL,LOW,NORMAL,LOW,HIGH,LOW,NORMAL,TRUE,LOW,NORMAL,HIGH,LOW,ZERO,FALSE,LOW,ZERO,LOW,HIGH,TRUE,FALSE,HIGH,LOW,LOW,FALSE,HIGH,ZERO,LOW,FALSE,NORMAL
TRUE,FALSE,NORMAL,FALSE,LOW,FALSE,HIGH,HIGH,NORMAL,LOW,NORMAL,ZERO,HIGH,HIGH,NORMAL,FALSE,HIGH,NORMAL,LOW,NORMAL,LOW,FALSE,HIGH,HIGH,LOW,NORMAL,FALSE,TRUE,HIGH,HIGH,HIGH,FALSE,HIGH,HIGH,NORMAL,FALSE,NORMAL
FALSE,TRUE,NORMAL,FALSE,NORMAL,FALSE,HIGH,NORMAL,NORMAL,HIGH,NORMAL,LOW,HIGH,HIGH,NORMAL,FALSE,HIGH,NORMAL,HIGH,NORMAL,ZERO,FALSE,LOW,ZERO,LOW,HIGH,FALSE,TRUE,HIGH,HIGH,LOW,FALSE,HIGH,NORMAL,NORMAL,FALSE,NORMAL
FALSE,FALSE,NORMAL,FALSE,HIGH,FALSE,HIGH,LOW,NORMAL,HIGH,NORMAL,LOW,HIGH,HIGH,NORMAL,FALSE,NORMAL,NORMAL,HIGH,NORMAL,ZERO,FALSE,LOW,LOW,LOW,HIGH,FALSE,FALSE,HIGH,NORMAL,LOW,FALSE,HIGH,ZERO,NORMAL,FALSE,NORMAL
TRUE,FALSE,NORMAL,FALSE,HIGH,FALSE,NORMAL,HIGH,NORMAL,LOW,NORMAL,ZERO,HIGH,LOW,NORMAL,TRUE,NORMAL,NORMAL,LOW,NORMAL,ZERO,FALSE,LOW,ZERO,LOW,LOW,FALSE,FALSE,LOW,NORMAL,LOW,FALSE,NORMAL,ZERO,LOW,FALSE,NORMAL
TRUE,FALSE,NORMAL,FALSE,HIGH,FALSE,HIGH,HIGH,NORMAL,HIGH,HIGH,NORMAL,HIGH,HIGH,NORMAL,FALSE,NORMAL,NORMAL,NORMAL,NORMAL,HIGH,FALSE,LOW,LOW,HIGH,HIGH,FALSE,FALSE,HIGH,NORMAL,LOW,FALSE,HIGH,LOW,NORMAL,FALSE,NORMAL
FALSE,FALSE,NORMAL,FALSE,HIGH,FALSE,HIGH,LOW,NORMAL,HIGH,NORMAL,LOW,HIGH,HIGH,NORMAL,FALSE,NORMAL,NORMAL,NORMAL,NORMAL,ZERO,FALSE,LOW,ZERO,LOW,HIGH,FALSE,FALSE,HIGH,NORMAL,LOW,FALSE,HIGH,ZERO,NORMAL,FALSE,NORMAL
FALSE,FALSE,NORMAL,FALSE,HIGH,FALSE,HIGH,NORMAL,NORMAL,NORMAL,NORMAL,LOW,HIGH,NORMAL,NORMAL,FALSE,NORMAL,NORMAL,NORMAL,NORMAL,ZERO,FALSE,LOW,ZERO,LOW,HIGH,FALSE,FALSE,HIGH,NORMAL,LOW,FALSE,HIGH,ZERO,NORMAL,FALSE,HIGH
FALSE,FALSE,LOW,FALSE,HIGH,FALSE,HIGH,HIGH,NORMAL,LOW,NORMAL,LOW,HIGH,HIGH,NORMAL,FALSE,NORMAL,NORMAL,LOW,NORMAL,ZERO,FALSE,LOW,ZERO,LOW,HIGH,FALSE,FALSE,HIGH,NORMAL,LOW,FALSE,HIGH,ZERO,NORMAL,FALSE,NORMAL
FALSE,FALSE,NORMAL,FALSE,HIGH,FALSE,HIGH,NORMAL,LOW,NORMAL,NORMAL,LOW,HIGH,HIGH,NORMAL,FALSE,NORMAL,NORMAL,NORMAL,NORMAL,ZERO,FALSE,LOW,ZERO,LOW,HIGH,FALSE,FALSE,HIGH,NORMAL,LOW,FALSE,HIGH,ZERO,NORMAL,TRUE,NORMAL
FALSE,FALSE,NORMAL,FALSE,HIGH,FALSE,HIGH,HIGH,NORMAL,HIGH,NORMAL,LOW,HIGH,HIGH,NORMAL,FALSE,NORMAL,NORMAL,NORMAL,NORMAL,ZERO,FALSE,LOW,ZERO,LOW,HIGH,FALSE,FALSE,HIGH,NORMAL,LOW,FALSE,HIGH,ZERO,NORMAL,FALSE,NORMAL
FALSE,FALSE,NORMAL,FALSE,HIGH,FALSE,LOW,HIGH,NORMAL,LOW,NORMAL,LOW,HIGH,LOW,NORMAL,FALSE,HIGH,NORMAL,LOW,HIGH,ZERO,FALSE,LOW,ZERO,LOW,LOW,FALSE,TRUE,LOW,HIGH,LOW,FALSE,NORMAL,ZERO,LOW,FALSE,NORMAL
FALSE,FALSE,NORMAL,FALSE,HIGH,FALSE,HIGH,NORMAL,NORMAL,HIGH,NORMAL,LOW,HIGH,HIGH,NORMAL,FALSE,NORMAL,NORMAL,NORMAL,NORMAL,ZERO,FALSE,LOW,ZERO,LOW,HIGH,FALSE,FALSE,HIGH,NORMAL,LOW,FALSE,HIGH,ZERO,NORMAL,FALSE,NORMAL
FALSE,FALSE,NORMAL,FALSE,HIGH,FALSE,HIGH,LOW,NORMAL,HIGH,NORMAL,LOW,HIGH,HIGH,NORMAL,FALSE,NORMAL,NORMAL,NORMAL,NORMAL,ZERO,FALSE,LOW,ZERO,LOW,HIGH,FALSE,FALSE,HIGH,NORMAL,LOW,FALSE,HIGH,ZERO,NORMAL,FALSE,NORMAL
FALSE,FALSE,NORMAL,FALSE,HIGH,FALSE,HIGH,LOW,NORMAL,LOW,NORMAL,LOW,HIGH,HIGH,NORMAL,FALSE,NORMAL,NORMAL,LOW,NORMAL,ZERO,FALSE,LOW,ZERO,LOW,HIGH,FALSE,FALSE,HIGH,NORMAL,LOW,FALSE,HIGH,ZERO,NORMAL,TRUE,NORMAL
FALSE,FALSE,NORMAL,FALSE,HIGH,FALSE,HIGH,HIGH,NORMAL,LOW,LOW,ZERO,HIGH,HIGH,NORMAL,FALSE,NORMAL,LOW,LOW,NORMAL,ZERO,FALSE,LOW,ZERO,LOW,HIGH,FALSE,FALSE,HIGH,NORMAL,LOW,FALSE,HIGH,LOW,NORMAL,FALSE,NORMAL
FALSE,FALSE,NORMAL,TRUE,HIGH,FALSE,HIGH,HIGH,NORMAL,LOW,NORMAL,LOW,HIGH,LOW,NORMAL,FALSE,LOW,NORMAL,NORMAL,LOW,ZERO,FALSE,LOW,ZERO,LOW,HIGH,TRUE,TRUE,HIGH,LOW,LOW,FALSE,HIGH,ZERO,LOW,FALSE,NORMAL
FALSE,FALSE,HIGH,FALSE,HIGH,FALSE,HIGH,HIGH,NORMAL,LOW,NORMAL,LOW,HIGH,HIGH,NORMAL,FALSE,NORMAL,NORMAL,LOW,NORMAL,ZERO,FALSE,LOW,ZERO,LOW,HIGH,FALSE,FALSE,HIGH,NORMAL,LOW,FALSE,HIGH,ZERO,NORMAL,FALSE,NORMAL
FALSE,FALSE,NORMAL,FALSE,HIGH,FALSE,HIGH,ZERO,NORMAL,LOW,NORMAL,LOW,HIGH,HIGH,NORMAL,FALSE,NORMAL,NORMAL,LOW,NORMAL,ZERO,FALSE,LOW,ZERO,LOW,HIGH,FALSE,FALSE,HIGH,NORMAL,LOW,FALSE,HIGH,ZERO,NORMAL,FALSE,NORMAL
FALSE,FALSE,NORMAL,FALSE,HIGH,FALSE,HIGH,LOW,NORMAL,NORMAL,NORMAL,LOW,HIGH,HIGH,NORMAL,FALSE,NORMAL,NORMAL,HIGH,NORMAL,ZERO,FALSE,LOW,ZERO,LOW,HIGH,FALSE,FALSE,HIGH,NORMAL,LOW,FALSE,HIGH,ZERO,NORMAL,FALSE,NORMAL
FALSE,FALSE,NORMAL,FALSE,HIGH,TRUE,HIGH,HIGH,NORMAL,LOW,NORMAL,LOW,HIGH,HIGH,NORMAL,FALSE,NORMAL,NORMAL,LOW,NORMAL,ZERO,FALSE,LOW,ZERO,LOW,NORMAL,FALSE,FALSE,NORMAL,NORMAL,LOW,FALSE,HIGH,ZERO,NORMAL,FALSE,NORMAL
FALSE,TRUE,NORMAL,FALSE,HIGH,FALSE,HIGH,HIGH,NORMAL,LOW,NORMAL,NORMAL,HIGH,HIGH,NORMAL,FALSE,LOW,NORMAL,LOW,LOW,HIGH,FALSE,LOW,LOW,HIGH,HIGH,TRUE,TRUE,HIGH,LOW,LOW,FALSE,HIGH,LOW,LOW,FALSE,NORMAL
FALSE,FALSE,NORMAL,FALSE,HIGH,FALSE,HIGH,HIGH,NORMAL,HIGH,NORMAL,LOW,HIGH,HIGH,NORMAL,FALSE,NORMAL,NORMAL,NORMAL,NORMAL,ZERO,FALSE,LOW,ZERO,LOW,HIGH,FALSE,FALSE,HIGH,NORMAL,LOW,FALSE,HIGH,ZERO,NORMAL,TRUE,NORMAL
FALSE,TRUE,NORMAL,FALSE,HIGH,FALSE,HIGH,HIGH,NORMAL,LOW,NORMAL,LOW,HIGH,HIGH,NORMAL,FALSE,HIGH,NORMAL,LOW,HIGH,ZERO,FALSE,LOW,ZERO,LOW,HIGH,FALSE,TRUE,HIGH,HIGH,LOW,FALSE,HIGH,ZERO,NORMAL,TRUE,NORMAL
FALSE,FALSE,NORMAL,FALSE,HIGH,FALSE,HIGH,LOW,NORMAL,LOW,NORMAL,LOW,HIGH,HIGH,NORMAL,FALSE,LOW,NORMAL,LOW,LOW,ZERO,FALSE,LOW,ZERO,LOW,HIGH,FALSE,FALSE,HIGH,LOW,LOW,FALSE,HIGH,ZERO,NORMAL,FALSE,NORMAL
TRUE,FALSE,NORMAL,FALSE,LOW,FALSE,HIGH,HIGH,NORMAL,HIGH,NORMAL,ZERO,HIGH,HIGH,NORMAL,FALSE,NORMAL,NORMAL,NORMAL,NORMAL,LOW,FALSE,HIGH,HIGH,LOW,HIGH,FALSE,FALSE,HIGH,NORMAL,HIGH,FALSE,HIGH,HIGH,NORMAL,FALSE,NORMAL
FALSE,FALSE,NORMAL,FALSE,HIGH,FALSE,HIGH,NORMAL,NORMAL,NORMAL,NORMAL,LOW,HIGH,HIGH,NORMAL,FALSE,HIGH,NORMAL,NORMAL,NORMAL,ZERO,FALSE,LOW,ZERO,LOW,HIGH,FALSE,TRUE,HIGH,HIGH,LOW,FALSE,HIGH,ZERO,NORMAL,FALSE,NORMAL
FALSE,FALSE,NORMAL,FALSE,LOW,FALSE,LOW,HIGH,NORMAL,NORMAL,ZERO,ZERO,NORMAL,NORMAL,NORMAL,FALSE,HIGH,NORMAL,HIGH,HIGH,LOW,FALSE,HIGH,HIGH,LOW,LOW,FALSE,TRUE,LOW,HIGH,HIGH,FALSE,NORMAL,HIGH,NORMAL,FALSE,NORMAL
FALSE,FALSE,NORMAL,FALSE,HIGH,FALSE,HIGH,ZERO,NORMAL,LOW,HIGH,HIGH,HIGH,HIGH,NORMAL,FALSE,NORMAL,NORMAL,LOW,NORMAL,ZERO,FALSE,LOW,ZERO,LOW,HIGH,FALSE,FALSE,HIGH,NORMAL,LOW,FALSE,HIGH,ZERO,NORMAL,FALSE,NORMAL
FALSE,FALSE,LOW,FALSE,HIGH,FALSE,HIGH,LOW,NORMAL,NORMAL,NORMAL,LOW,HIGH,HIGH,NORMAL,FALSE,NORMAL,NORMAL,NORMAL,NORMAL,ZERO,FALSE,LOW,ZERO,LOW,HIGH,FALSE,FALSE,HIGH,NORMAL,LOW,FALSE,HIGH,ZERO,NORMAL,FALSE,NORMAL
TRUE,FALSE,NORMAL,FALSE,LOW,FALSE,LOW,HIGH,NORMAL,HIGH,NORMAL,ZERO,NORMAL,NORMAL,NORMAL,FALSE,NORMAL,HIGH,HIGH,NORMAL,LOW,FALSE,HIGH,HIGH,LOW,LOW,FALSE,FALSE,LOW,NORMAL,HIGH,FALSE,NORMAL,HIGH,NORMAL,FALSE,NORMAL
FALSE,FALSE,HIGH,TRUE,HIGH,FALSE,LOW,LOW,NORMAL,NORMAL,NORMAL,LOW,HIGH,HIGH,NORMAL,FALSE,LOW,NORMAL,NORMAL,LOW,ZERO,FALSE,LOW,ZERO,LOW,LOW,TRUE,FALSE,LOW,LOW,LOW,FALSE,NORMAL,ZERO,HIGH,FALSE,NORMAL
FALSE,FALSE,NORMAL,FALSE,HIGH,FALSE,HIGH,NORMAL,LOW,HIGH,NORMAL,LOW,HIGH,HIGH,NORMAL,FALSE,NORMAL,NORMAL,HIGH,NORMAL,ZERO,FALSE,LOW,ZERO,LOW,HIGH,FALSE,FALSE,HIGH,NORMAL,LOW,FALSE,HIGH,ZERO,NORMAL,FALSE,NORMAL
FALSE,FALSE,NORMAL,FALSE,HIGH,FALSE,HIGH,NORMAL,NORMAL,HIGH,NORMAL,LOW,HIGH,HIGH,NORMAL,FALSE,NORMAL,NORMAL,NORMAL,NORMAL,ZERO,FALSE,LOW,ZERO,LOW,HIGH,FALSE,FALSE,HIGH,NORMAL,LOW,FALSE,HIGH,ZERO,NORMAL,FALSE,NORMAL
FALSE,FALSE,NORMAL,FALSE,HIGH,FALSE,HIGH,LOW,NORMAL,HIGH,NORMAL,LOW,HIGH,HIGH,NORMAL,FALSE,NORMAL,NORMAL,HIGH,NORMAL,ZERO,FALSE,LOW,ZERO,LOW,HIGH,FALSE,FALSE,HIGH,NORMAL,LOW,FALSE,HIGH,ZERO,NORMAL,FALSE,NORMAL
FALSE,FALSE,NORMAL,FALSE,LOW,FALSE,LOW,NORMAL,NORMAL,LOW,NORMAL,LOW,HIGH,HIGH,NORMAL,FALSE,NORMAL,NORMAL,LOW,NORMAL,ZERO,FALSE,LOW,ZERO,ZERO,HIGH,FALSE,FALSE,HIGH,NORMAL,LOW,FALSE,HIGH,LOW,NORMAL,FALSE,NORMAL
FALSE,FALSE,NORMAL,FALSE,HIGH,FALSE,LOW,NORMAL,LOW,HIGH,NORMAL,LOW,HIGH,NORMAL,NORMAL,FALSE,NORMAL,NORMAL,NORMAL,NORMAL,ZERO,FALSE,LOW,ZERO,LOW,LOW,FALSE,FALSE,LOW,NORMAL,LOW,FALSE,NORMAL,ZERO,NORMAL,FALSE,NORMAL
FALSE,FALSE,NORMAL,FALSE,HIGH,FALSE,HIGH,NORMAL,NORMAL,HIGH,NORMAL,LOW,HIGH,HIGH,NORMAL,FALSE,HIGH,NORMAL,NORMAL,HIGH,ZERO,FALSE,LOW,ZERO,LOW,HIGH,FALSE,TRUE,HIGH,HIGH,LOW,FALSE,HIGH,ZERO,NORMAL,FALSE,NORMAL
FALSE,FALSE,NORMAL,FALSE,HIGH,FALSE,HIGH,NORMAL,NORMAL,LOW,NORMAL,LOW,HIGH,HIGH,NORMAL,FALSE,NORMAL,NORMAL,LOW,NORMAL,ZERO,FALSE,LOW,ZERO,LOW,HIGH,FALSE,FALSE,HIGH,NORMAL,LOW,FALSE,HIGH,ZERO,NORMAL,FALSE,NORMAL
FALSE,FALSE,NORMAL,FALSE,HIGH,TRUE,HIGH,LOW,LOW,LOW,NORMAL,LOW,HIGH,HIGH,NORMAL,FALSE,NORMAL,NORMAL,LOW,LOW,ZERO,FALSE,LOW,ZERO,LOW,NORMAL,FALSE,FALSE,NORMAL,NORMAL,LOW,FALSE,HIGH,ZERO,NORMAL,FALSE,NORMAL
FALSE,FALSE,NORMAL,FALSE,HIGH,FALSE,LOW,ZERO,NORMAL,NORMAL,NORMAL,HIGH,NORMAL,LOW,NORMAL,FALSE,HIGH,NORMAL,HIGH,HIGH,ZERO,FALSE,LOW,ZERO,LOW,LOW,FALSE,TRUE,LOW,HIGH,LOW,FALSE,NORMAL,ZERO,LOW,TRUE,NORMAL
TRUE,TRUE,NORMAL,FALSE,LOW,FALSE,HIGH,HIGH,NORMAL,HIGH,ZERO,ZERO,HIGH,HIGH,NORMAL,FALSE,HIGH,NORMAL,NORMAL,HIGH,LOW,FALSE,HIGH,HIGH,LOW,HIGH,FALSE,TRUE,HIGH,HIGH,HIGH,FALSE,HIGH,HIGH,NORMAL,FALSE,NORMAL
FALSE,FALSE,NORMAL,FALSE,HIGH,FALSE,NORMAL,LOW,NORMAL,LOW,NORMAL,LOW,HIGH,NORMAL,NORMAL,TRUE,NORMAL,NORMAL,NORMAL,NORMAL,ZERO,FALSE,LOW,ZERO,LOW,HIGH,FALSE,FALSE,HIGH,NORMAL,LOW,FALSE,HIGH,ZERO,LOW,FALSE,NORMAL
FALSE,FALSE,NORMAL,FALSE,HIGH,FALSE,HIGH,HIGH,NORMAL,LOW,NORMAL,LOW,HIGH,LOW,NORMAL,FALSE,HIGH,NORMAL,LOW,HIGH,ZERO,FALSE,LOW,ZERO,LOW,HIGH,FALSE,TRUE,HIGH,HIGH,LOW,FALSE,HIGH,ZERO,LOW,FALSE,NORMAL
FALSE,FALSE,NORMAL,FALSE,HIGH,TRUE,HIGH,NORMAL,NORMAL,HIGH,NORMAL,LOW,HIGH,LOW,NORMAL,FALSE,HIGH,NORMAL,LOW,HIGH,ZERO,FALSE,LOW,ZERO,LOW,NORMAL,FALSE,TRUE,NORMAL,HIGH,LOW,FALSE,HIGH,ZERO,LOW,FALSE,NORMAL
FALSE,FALSE,NORMAL,FALSE,LOW,FALSE,HIGH,HIGH,NORMAL,LOW,LOW,ZERO,HIGH,HIGH,NORMAL,FALSE,NORMAL,LOW,LOW,NORMAL,LOW,FALSE,HIGH,HIGH,LOW,HIGH,FALSE,FALSE,HIGH,NORMAL,HIGH,FALSE,HIGH,HIGH,NORMAL,FALSE,NORMAL
FALSE,TRUE,NORMAL,FALSE,HIGH,FALSE,HIGH,LOW,NORMAL,HIGH,NORMAL,LOW,HIGH,HIGH,NORMAL,FALSE,NORMAL,NORMAL,NORMAL,NORMAL,ZERO,FALSE,LOW,NORMAL,LOW,HIGH,FALSE,FALSE,HIGH,NORMAL,LOW,FALSE,HIGH,ZERO,NORMAL,FALSE,NORMAL
TRUE,FALSE,HIGH,FALSE,LOW,TRUE,LOW,HIGH,NORMAL,HIGH,NORMAL,ZERO,NORMAL,NORMAL,NORMAL,FALSE,LOW,NORMAL,HIGH,NORMAL,LOW,FALSE,HIGH,HIGH,LOW,HIGH,FALSE,FALSE,HIGH,NORMAL,HIGH,FALSE,NORMAL,HIGH,NORMAL,FALSE,NORMAL
FALSE,FALSE,NORMAL,FALSE,HIGH,FALSE,HIGH,LOW,NORMAL,NORMAL,NORMAL,LOW,HIGH,NORMAL,NORMAL,FALSE,HIGH,NORMAL,LOW,NORMAL,ZERO,FALSE,LOW,ZERO,HIGH,HIGH,FALSE,TRUE,HIGH,HIGH,LOW,FALSE,HIGH,ZERO,LOW,TRUE,NORMAL
FALSE,TRUE,NORMAL,FALSE,HIGH,FALSE,HIGH,LOW,NORMAL,LOW,NORMAL,LOW,HIGH,HIGH,NORMAL,FALSE,NORMAL,NORMAL,LOW,NORMAL,ZERO,FALSE,LOW,ZERO,LOW,HIGH,FALSE,FALSE,HIGH,NORMAL,LOW,FALSE,HIGH,ZERO,NORMAL,FALSE,NORMAL
FALSE,FALSE,NORMAL,FALSE,HIGH,FALSE,HIGH,NORMAL,NORMAL,HIGH,NORMAL,LOW,HIGH,HIGH,NORMAL,FALSE,NORMAL,NORMAL,NORMAL,NORMAL,ZERO,FALSE,LOW,ZERO,LOW,HIGH,FALSE,FALSE,HIGH,NORMAL,LOW,FALSE,HIGH,ZERO,NORMAL,FALSE,NORMAL
TRUE,FALSE,NORMAL,FALSE,LOW,FALSE,LOW,HIGH,NORMAL,NORMAL,NORMAL,ZERO,NORMAL,NORMAL,NORMAL,FALSE,NORMAL,NORMAL,HIGH,NORMAL,LOW,FALSE,HIGH,HIGH,HIGH,LOW,FALSE,FALSE,LOW,NORMAL,HIGH,FALSE,NORMAL,HIGH,NORMAL,FALSE,NORMAL
FALSE,FALSE,HIGH,FALSE,LOW,FALSE,HIGH,LOW,NORMAL,LOW,HIGH,HIGH,HIGH,HIGH,NORMAL,FALSE,HIGH,HIGH,LOW,NORMAL,LOW,FALSE,HIGH,HIGH,LOW,HIGH,FALSE,TRUE,HIGH,HIGH,HIGH,FALSE,HIGH,HIGH,NORMAL,FALSE,NORMAL
FALSE,FALSE,NORMAL,FALSE,HIGH,FALSE,HIGH,LOW,NORMAL,LOW,NORMAL,LOW,HIGH,HIGH,NORMAL,FALSE,NORMAL,NORMAL,NORMAL,NORMAL,ZERO,FALSE,LOW,ZERO,LOW,HIGH,FALSE,FALSE,HIGH,NORMAL,LOW,FALSE,HIGH,ZERO,NORMAL,FALSE,NORMAL
FALSE,TRUE,NORMAL,FALSE,HIGH,TRUE,HIGH,NORMAL,NORMAL,NORMAL,NORMAL,LOW,HIGH,LOW,NORMAL,FALSE,NORMAL,NORMAL,HIGH,NORMAL,ZERO,FALSE,LOW,ZERO,LOW,NORMAL,FALSE,FALSE,NORMAL,NORMAL,LOW,FALSE,HIGH,ZERO,LOW,FALSE,NORMAL
FALSE,FALSE,NORMAL,FALSE,HIGH,FALSE,HIGH,NORMAL,NORMAL,LOW,NORMAL,LOW,HIGH,HIGH,ESOPHAGEAL,FALSE,NORMAL,NORMAL,LOW,NORMAL,LOW,FALSE,LOW,ZERO,NORMAL,HIGH,FALSE,FALSE,HIGH,NORMAL,LOW,FALSE,HIGH,ZERO,NORMAL,FALSE,NORMAL
FALSE,FALSE,LOW,FALSE,HIGH,TRUE,HIGH,LOW,NORMAL,HIGH,NORMAL,LOW,HIGH,HIGH,NORMAL,FALSE,NORMAL,NORMAL,NORMAL,NORMAL,ZERO,FALSE,LOW,ZERO,LOW,NORMAL,FALSE,FALSE,NORMAL,NORMAL,LOW,FALSE,HIGH,ZERO,NORMAL,FALSE,NORMAL
FALSE,FALSE,NORMAL,FALSE,HIGH,FALSE,HIGH,LOW,NORMAL,LOW,NORMAL,LOW,HIGH,HIGH,NORMAL,FALSE,HIGH,NORMAL,LOW,NORMAL,ZERO,FALSE,LOW,ZERO,LOW,HIGH,FALSE,TRUE,HIGH,HIGH,LOW,FALSE,HIGH,ZERO,NORMAL,FALSE,NORMAL
FALSE,TRUE,HIGH,FALSE,HIGH,TRUE,HIGH,NORMAL,NORMAL,LOW,NORMAL,LOW,HIGH,NORMAL,NORMAL,FALSE,NORMAL,NORMAL,LOW,NORMAL,ZERO,FALSE,LOW,ZERO,LOW,NORMAL,FALSE,FALSE,NORMAL,NORMAL,LOW,FALSE,HIGH,ZERO,NORMAL,FALSE,NORMAL
TRUE,FALSE,NORMAL,FALSE,LOW,FALSE,HIGH,HIGH,NORMAL,NORMAL,ZERO,ZERO,HIGH,NORMAL,NORMAL,FALSE,NORMAL,NORMAL,NORMAL,NORMAL,LOW,FALSE,HIGH,HIGH,LOW,HIGH,FALSE,FALSE,HIGH,NORMAL,HIGH,FALSE,HIGH,HIGH,NORMAL,FALSE,NORMAL
FALSE,FALSE,NORMAL,FALSE,HIGH,FALSE,HIGH,HIGH,NORMAL,HIGH,NORMAL,LOW,HIGH,HIGH,NORMAL,FALSE,NORMAL,NORMAL,HIGH,NORMAL,ZERO,FALSE,LOW,ZERO,LOW,HIGH,FALSE,FALSE,HIGH,NORMAL,LOW,FALSE,HIGH,ZERO,NORMAL,FALSE,NORMAL
FALSE,FALSE,HIGH,FALSE,LOW,FALSE,HIGH,HIGH,NORMAL,HIGH,LOW,ZERO,HIGH,HIGH,NORMAL,FALSE,NORMAL,LOW,NORMAL,NORMAL,LOW,FALSE,HIGH,HIGH,LOW,HIGH,FALSE,FALSE,HIGH,NORMAL,NORMAL,TRUE,HIGH,HIGH,NORMAL,FALSE,HIGH
FALSE,FALSE,LOW,FALSE,HIGH,FALSE,HIGH,NORMAL,NORMAL,HIGH,NORMAL,LOW,HIGH,HIGH,NORMAL,FALSE,NORMAL,NORMAL,NORMAL,NORMAL,ZERO,FALSE,LOW,ZERO,LOW,HIGH,FALSE,FALSE,HIGH,NORMAL,LOW,FALSE,HIGH,ZERO,NORMAL,FALSE,NORMAL
FALSE,FALSE,NORMAL,FALSE,HIGH,FALSE,HIGH,NORMAL,NORMAL,LOW,NORMAL,LOW,HIGH,HIGH,NORMAL,FALSE,NORMAL,NORMAL,LOW,NORMAL,ZERO,FALSE,LOW,ZERO,LOW,HIGH,FALSE,FALSE,HIGH,NORMAL,LOW,FALSE,HIGH,ZERO,NORMAL,FALSE,NORMAL
FALSE,FALSE,LOW,TRUE,LOW,FALSE,LOW,LOW,NORMAL,LOW,HIGH,HIGH,NORMAL,LOW,NORMAL,FALSE,LOW,HIGH,HIGH,LOW,LOW,FALSE,HIGH,HIGH,LOW,LOW,TRUE,TRUE,LOW,LOW,LOW,FALSE,NORMAL,HIGH,LOW,FALSE,HIGH
FALSE,FALSE,NORMAL,FALSE,HIGH,FALSE,HIGH,HIGH,NORMAL,HIGH,NORMAL,LOW,HIGH,HIGH,NORMAL,FALSE,LOW,NORMAL,NORMAL,NORMAL,ZERO,FALSE,LOW,ZERO,LOW,HIGH,FALSE,FALSE,HIGH,NORMAL,LOW,FALSE,HIGH,ZERO,NORMAL,FALSE,NORMAL
FALSE,FALSE,NORMAL,FALSE,HIGH,FALSE,HIGH,LOW,NORMAL,HIGH,NORMAL,LOW,HIGH,HIGH,NORMAL,FALSE,NORMAL,NORMAL,HIGH,NORMAL,ZERO,FALSE,LOW,NORMAL,LOW,HIGH,FALSE,FALSE,HIGH,NORMAL,LOW,FALSE,HIGH,ZERO,NORMAL,FALSE,NORMAL
TRUE,FALSE,NORMAL,FALSE,LOW,FALSE,HIGH,HIGH,NORMAL,LOW,NORMAL,ZERO,HIGH,NORMAL,NORMAL,FALSE,NORMAL,NORMAL,LOW,NORMAL,LOW,FALSE,HIGH,HIGH,LOW,HIGH,FALSE,FALSE,HIGH,NORMAL,HIGH,FALSE,HIGH,HIGH,NORMAL,FALSE,NORMAL
FALSE,FALSE,NORMAL,FALSE,HIGH,FALSE,LOW,NORMAL,NORMAL,NORMAL,NORMAL,LOW,HIGH,NORMAL,NORMAL,FALSE,NORMAL,NORMAL,NORMAL,NORMAL,ZERO,FALSE,LOW,ZERO,LOW,LOW,FALSE,FALSE,LOW,NORMAL,LOW,FALSE,NORMAL,ZERO,NORMAL,FALSE,NORMAL
FALSE,FALSE,NORMAL,FALSE,HIGH,FALSE,HIGH,HIGH,NORMAL,HIGH,NORMAL,LOW,HIGH,HIGH,ONESIDED,FALSE,NORMAL,NORMAL,HIGH,NORMAL,LOW,FALSE,LOW,LOW,NORMAL,HIGH,FALSE,FALSE,HIGH,NORMAL,LOW,FALSE,HIGH,LOW,NORMAL,FALSE,HIGH
FALSE,FALSE,NORMAL,FALSE,HIGH,FALSE,NORMAL,HIGH,NORMAL,NORMAL,NORMAL,LOW,HIGH,NORMAL,NORMAL,TRUE,LOW,NORMAL,NORMAL,LOW,ZERO,FALSE,LOW,ZERO,LOW,HIGH,FALSE,FALSE,HIGH,LOW,LOW,FALSE,HIGH,ZERO,NORMAL,FALSE,NORMAL
FALSE,FALSE,NORMAL,FALSE,HIGH,FALSE,HIGH,NORMAL,NORMAL,LOW,NORMAL,LOW,HIGH,HIGH,NORMAL,FALSE,NORMAL,NORMAL,LOW,NORMAL,ZERO,FALSE,LOW,ZERO,LOW,HIGH,FALSE,FALSE,HIGH,NORMAL,LOW,FALSE,HIGH,ZERO,NORMAL,FALSE,NORMAL
FALSE,FALSE,NORMAL,FALSE,HIGH,FALSE,LOW,HIGH,NORMAL,HIGH,NORMAL,LOW,HIGH,NORMAL,NORMAL,FALSE,NORMAL,NORMAL,HIGH,NORMAL,ZERO,FALSE,LOW,ZERO,LOW,LOW,FALSE,FALSE,LOW,NORMAL,LOW,FALSE,NORMAL,ZERO,NORMAL,FALSE,NORMAL
FALSE,FALSE,NORMAL,FALSE,HIGH,FALSE,HIGH,LOW,LOW,NORMAL,HIGH,HIGH,HIGH,NORMAL,NORMAL,FALSE,HIGH,HIGH,NORMAL,HIGH,ZERO,FALSE,LOW,ZERO,LOW,HIGH,FALSE,TRUE,HIGH,HIGH,LOW,FALSE,HIGH,ZERO,LOW,FALSE,NORMAL
TRUE,FALSE,NORMAL,FALSE,LOW,FALSE,LOW,LOW,NORMAL,NORMAL,NORMAL,ZERO,NORMAL,NORMAL,ONESIDED,FALSE,NORMAL,NORMAL,HIGH,NORMAL,ZERO,FALSE,LOW,NORMAL,ZERO,LOW,FALSE,FALSE,LOW,NORMAL,LOW,FALSE,NORMAL,NORMAL,NORMAL,FALSE,HIGH
FALSE,FALSE,HIGH,FALSE,LOW,TRUE,HIGH,LOW,NORMAL,LOW,NORMAL,LOW,HIGH,HIGH,NORMAL,FALSE,NORMAL,NORMAL,LOW,NORMAL,NORMAL,FALSE,LOW,LOW,NORMAL,NORMAL,FALSE,FALSE,NORMAL,NORMAL,LOW,TRUE,HIGH,NORMAL,NORMAL,FALSE,HIGH
FALSE,FALSE,NORMAL,TRUE,HIGH,FALSE,NORMAL,HIGH,NORMAL,LOW,NORMAL,LOW,HIGH,LOW,NORMAL,TRUE,LOW,NORMAL,NORMAL,LOW,ZERO,FALSE,LOW,ZERO,LOW,LOW,TRUE,FALSE,LOW,LOW,LOW,FALSE,NORMAL,ZERO,LOW,FALSE,NORMAL
TRUE,FALSE,NORMAL,FALSE,LOW,FALSE,LOW,HIGH,NORMAL,NORMAL,NORMAL,ZERO,HIGH,NORMAL,NORMAL,FALSE,NORMAL,NORMAL,NORMAL,NORMAL,LOW,FALSE,HIGH,HIGH,LOW,LOW,FALSE,FALSE,LOW,NORMAL,HIGH,FALSE,NORMAL,HIGH,NORMAL,FALSE,NORMAL
FALSE,FALSE,NORMAL,FALSE,NORMAL,FALSE,NORMAL,LOW,NORMAL,LOW,NORMAL,LOW,HIGH,HIGH,NORMAL,TRUE,NORMAL,NORMAL,LOW,NORMAL,ZERO,FALSE,LOW,ZERO,LOW,HIGH,FALSE,FALSE,HIGH,NORMAL,LOW,FALSE,HIGH,ZERO,NORMAL,FALSE,NORMAL
FALSE,FALSE,NORMAL,FALSE,LOW,FALSE,HIGH,HIGH,NORMAL,LOW,LOW,ZERO,HIGH,HIGH,NORMAL,FALSE,LOW,NORMAL,LOW,LOW,LOW,FALSE,HIGH,HIGH,LOW,HIGH,FALSE,FALSE,HIGH,LOW,HIGH,FALSE,HIGH,HIGH,NORMAL,FALSE,NORMAL
FALSE,FALSE,NORMAL,FALSE,LOW,FALSE,NORMAL,LOW,NORMAL,LOW,NORMAL,HIGH,HIGH,HIGH,NORMAL,TRUE,NORMAL,NORMAL,LOW,NORMAL,LOW,FALSE,HIGH,HIGH,LOW,HIGH,FALSE,FALSE,HIGH,NORMAL,HIGH,FALSE,HIGH,HIGH,NORMAL,FALSE,NORMAL
FALSE,FALSE,NORMAL,FALSE,NORMAL,FALSE,NORMAL,HIGH,NORMAL,LOW,NORMAL,LOW,HIGH,HIGH,NORMAL,TRUE,NORMAL,NORMAL,LOW,NORMAL,ZERO,FALSE,LOW,ZERO,LOW,HIGH,FALSE,FALSE,HIGH,NORMAL,LOW,FALSE,HIGH,NORMAL,HIGH,FALSE,NORMAL
FALSE,TRUE,NORMAL,FALSE,HIGH,FALSE,HIGH,NORMAL,NORMAL,HIGH,NORMAL,LOW,HIGH,HIGH,NORMAL,FALSE,NORMAL,NORMAL,HIGH,NORMAL,ZERO,FALSE,LOW,ZERO,LOW,HIGH,FALSE,FALSE,HIGH,NORMAL,LOW,FALSE,HIGH,ZERO,NORMAL,FALSE,NORMAL
FALSE,FALSE,NORMAL,FALSE,HIGH,FALSE,HIGH,HIGH,LOW,HIGH,NORMAL,LOW,HIGH,HIGH,NORMAL,FALSE,NORMAL,NORMAL,HIGH,NORMAL,ZERO,FALSE,LOW,ZERO,LOW,HIGH,FALSE,FALSE,HIGH,NORMAL,LOW,FALSE,HIGH,ZERO,NORMAL,FALSE,NORMAL
FALSE,FALSE,NORMAL,FALSE,HIGH,TRUE,HIGH,HIGH,NORMAL,LOW,LOW,ZERO,HIGH,HIGH,NORMAL,FALSE,NORMAL,NORMAL,NORMAL,NORMAL,ZERO,FALSE,LOW,ZERO,LOW,NORMAL,FALSE,FALSE,NORMAL,NORMAL,LOW,FALSE,HIGH,ZERO,NORMAL,FALSE,NORMAL
FALSE,FALSE,NORMAL,FALSE,HIGH,TRUE,NORMAL,LOW,NORMAL,HIGH,NORMAL,LOW,HIGH,NORMAL,NORMAL,TRUE,LOW,NORMAL,HIGH,NORMAL,ZERO,FALSE,LOW,ZERO,LOW,NORMAL,FALSE,FALSE,NORMAL,NORMAL,LOW,FALSE,HIGH,ZERO,NORMAL,FALSE,NORMAL
TRUE,FALSE,NORMAL,FALSE,HIGH,TRUE,HIGH,HIGH,NORMAL,HIGH,NORMAL,ZERO,HIGH,HIGH,NORMAL,FALSE,NORMAL,NORMAL,HIGH,LOW,ZERO,FALSE,LOW,ZERO,LOW,NORMAL,FALSE,FALSE,NORMAL,NORMAL,LOW,FALSE,HIGH,ZERO,NORMAL,FALSE,NORMAL
TRUE,FALSE,NORMAL,FALSE,NORMAL,FALSE,LOW,LOW,NORMAL,LOW,NORMAL,ZERO,NORMAL,LOW,ONESIDED,FALSE,HIGH,NORMAL,NORMAL,HIGH,ZERO,FALSE,LOW,NORMAL,LOW,LOW,FALSE,TRUE,LOW,HIGH,LOW,FALSE,NORMAL,NORMAL,LOW,FALSE,HIGH
FALSE,FALSE,NORMAL,FALSE,LOW,FALSE,NORMAL,LOW,NORMAL,HIGH,NORMAL,LOW,HIGH,HIGH,NORMAL,TRUE,NORMAL,NORMAL,NORMAL,NORMAL,LOW,FALSE,HIGH,HIGH,LOW,HIGH,FALSE,FALSE,HIGH,NORMAL,HIGH,FALSE,HIGH,HIGH,NORMAL,FALSE,NORMAL
FALSE,TRUE,NORMAL,FALSE,HIGH,FALSE,HIGH,NORMAL,NORMAL,HIGH,NORMAL,LOW,HIGH,HIGH,NORMAL,FALSE,NORMAL,NORMAL,HIGH,NORMAL,ZERO,FALSE,LOW,ZERO,LOW,HIGH,FALSE,FALSE,HIGH,NORMAL,LOW,FALSE,HIGH,ZERO,NORMAL,FALSE,NORMAL
FALSE,FALSE,LOW,FALSE,NORMAL,FALSE,HIGH,NORMAL,NORMAL,HIGH,NORMAL,LOW,HIGH,HIGH,NORMAL,FALSE,NORMAL,NORMAL,NORMAL,NORMAL,ZERO,FALSE,LOW,ZERO,LOW,HIGH,FALSE,FALSE,LOW,NORMAL,LOW,FALSE,HIGH,NORMAL,NORMAL,FALSE,NORMAL
FALSE,FALSE,NORMAL,FALSE,HIGH,FALSE,HIGH,HIGH,NORMAL,HIGH,NORMAL,LOW,HIGH,HIGH,NORMAL,FALSE,NORMAL,NORMAL,NORMAL,NORMAL,ZERO,FALSE,LOW,ZERO,LOW,HIGH,FALSE,FALSE,HIGH,NORMAL,LOW,FALSE,HIGH,ZERO,NORMAL,FALSE,NORMAL
FALSE,FALSE,NORMAL,FALSE,HIGH,TRUE,HIGH,HIGH,NORMAL,LOW,NORMAL,LOW,HIGH,LOW,NORMAL,FALSE,LOW,NORMAL,NORMAL,LOW,ZERO,FALSE,LOW,ZERO,LOW,NORMAL,FALSE,TRUE,NORMAL,LOW,LOW,FALSE,HIGH,ZERO,LOW,TRUE,NORMAL
FALSE,FALSE,NORMAL,FALSE,HIGH,FALSE,HIGH,NORMAL,NORMAL,HIGH,NORMAL,LOW,HIGH,HIGH,NORMAL,FALSE,HIGH,NORMAL,NORMAL,NORMAL,ZERO,FALSE,LOW,ZERO,LOW,HIGH,FALSE,FALSE,HIGH,NORMAL,LOW,FALSE,HIGH,ZERO,NORMAL,FALSE,NORMAL
FALSE,TRUE,NORMAL,FALSE,HIGH,FALSE,HIGH,HIGH,NORMAL,LOW,NORMAL,LOW,HIGH,HIGH,NORMAL,FALSE,NORMAL,NORMAL,LOW,LOW,ZERO,FALSE,LOW,ZERO,LOW,HIGH,FALSE,FALSE,HIGH,NORMAL,LOW,FALSE,HIGH,ZERO,NORMAL,TRUE,HIGH
FALSE,FALSE,NORMAL,FALSE,HIGH,FALSE,HIGH,HIGH,NORMAL,LOW,NORMAL,LOW,HIGH,LOW,NORMAL,FALSE,HIGH,NORMAL,LOW,NORMAL,ZERO,FALSE,LOW,ZERO,HIGH,HIGH,FALSE,TRUE,HIGH,HIGH,LOW,FALSE,HIGH,ZERO,LOW,FALSE,NORMAL
FALSE,FALSE,NORMAL,FALSE,LOW,FALSE,LOW,HIGH,NORMAL,LOW,ZERO,ZERO,NORMAL,LOW,NORMAL,FALSE,NORMAL,NORMAL,HIGH,NORMAL,LOW,FALSE,HIGH,HIGH,LOW,LOW,FALSE,TRUE,LOW,NORMAL,HIGH,FALSE,NORMAL,HIGH,LOW,FALSE,NORMAL
FALSE,FALSE,NORMAL,FALSE,LOW,FALSE,HIGH,HIGH,NORMAL,NORMAL,ZERO,ZERO,HIGH,HIGH,NORMAL,FALSE,LOW,NORMAL,LOW,LOW,LOW,FALSE,HIGH,HIGH,LOW,HIGH,FALSE,FALSE,HIGH,LOW,HIGH,FALSE,HIGH,HIGH,NORMAL,FALSE,NORMAL
FALSE,FALSE,LOW,FALSE,HIGH,FALSE,HIGH,NORMAL,NORMAL,HIGH,NORMAL,LOW,HIGH,HIGH,NORMAL,FALSE,NORMAL,NORMAL,NORMAL,NORMAL,ZERO,FALSE,LOW,ZERO,LOW,NORMAL,FALSE,FALSE,HIGH,NORMAL,LOW,FALSE,HIGH,ZERO,NORMAL,FALSE,NORMAL
FALSE,FALSE,LOW,FALSE,HIGH,FALSE,HIGH,HIGH,NORMAL,LOW,NORMAL,LOW,HIGH,LOW,NORMAL,FALSE,HIGH,NORMAL,LOW,HIGH,ZERO,FALSE,LOW,ZERO,LOW,HIGH,FALSE,TRUE,HIGH,HIGH,LOW,FALSE,HIGH,ZERO,LOW,FALSE,NORMAL
FALSE,FALSE,NORMAL,FALSE,NORMAL,FALSE,LOW,HIGH,NORMAL,NORMAL,NORMAL,LOW,NORMAL,NORMAL,ONESIDED,FALSE,NORMAL,NORMAL,NORMAL,NORMAL,ZERO,FALSE,LOW,NORMAL,LOW,LOW,FALSE,FALSE,LOW,NORMAL,LOW,FALSE,NORMAL,NORMAL,NORMAL,FALSE,HIGH
FALSE,FALSE,NORMAL,FALSE,HIGH,FALSE,HIGH,HIGH,NORMAL,NORMAL,NORMAL,LOW,HIGH,LOW,NORMAL,FALSE,HIGH,NORMAL,HIGH,HIGH,ZERO,FALSE,LOW,ZERO,LOW,HIGH,FALSE,TRUE,HIGH,HIGH,LOW,FALSE,HIGH,ZERO,LOW,FALSE,NORMAL
FALSE,FALSE,NORMAL,TRUE,LOW,FALSE,HIGH,HIGH,NORMAL,LOW,NORMAL,LOW,HIGH,HIGH,NORMAL,FALSE,NORMAL,NORMAL,LOW,NORMAL,ZERO,FALSE,LOW,ZERO,ZERO,HIGH,FALSE,FALSE,HIGH,NORMAL,LOW,FALSE,HIGH,ZERO,NORMAL,FALSE,NORMAL
FALSE,FALSE,NORMAL,FALSE,LOW,FALSE,HIGH,LOW,NORMAL,HIGH,NORMAL,LOW,HIGH,HIGH,NORMAL,FALSE,NORMAL,NORMAL,HIGH,NORMAL,ZERO,FALSE,HIGH,ZERO,ZERO,HIGH,FALSE,FALSE,HIGH,NORMAL,HIGH,FALSE,HIGH,HIGH,NORMAL,FALSE,NORMAL
FALSE,TRUE,NORMAL,FALSE,LOW,TRUE,LOW,LOW,NORMAL,HIGH,HIGH,HIGH,NORMAL,NORMAL,NORMAL,FALSE,NORMAL,HIGH,HIGH,NORMAL,LOW,FALSE,HIGH,HIGH,LOW,LOW,FALSE,FALSE,NORMAL,NORMAL,HIGH,FALSE,NORMAL,HIGH,NORMAL,FALSE,NORMAL
FALSE,FALSE,NORMAL,FALSE,HIGH,FALSE,HIGH,LOW,NORMAL,NORMAL,NORMAL,LOW,HIGH,LOW,NORMAL,FALSE,HIGH,NORMAL,HIGH,HIGH,ZERO,FALSE,LOW,ZERO,LOW,HIGH,FALSE,TRUE,HIGH,HIGH,HIGH,FALSE,HIGH,ZERO,LOW,FALSE,NORMAL
FALSE,FALSE,NORMAL,FALSE,HIGH,FALSE,HIGH,LOW,NORMAL,LOW,NORMAL,LOW,HIGH,NORMAL,NORMAL,FALSE,HIGH,NORMAL,LOW,HIGH,ZERO,TRUE,LOW,ZERO,LOW,HIGH,FALSE,TRUE,HIGH,HIGH,LOW,FALSE,HIGH,ZERO,LOW,FALSE,NORMAL
FALSE,FALSE,NORMAL,FALSE,HIGH,FALSE,HIGH,HIGH,NORMAL,LOW,NORMAL,LOW,HIGH,HIGH,NORMAL,FALSE,NORMAL,NORMAL,LOW,NORMAL,ZERO,FALSE,LOW,ZERO,LOW,HIGH,FALSE,FALSE,HIGH,NORMAL,LOW,FALSE,HIGH,ZERO,NORMAL,TRUE,NORMAL
FALSE,FALSE,LOW,FALSE,HIGH,FALSE,HIGH,HIGH,NORMAL,LOW,NORMAL,LOW,HIGH,HIGH,NORMAL,FALSE,NORMAL,NORMAL,LOW,NORMAL,ZERO,FALSE,LOW,ZERO,LOW,LOW,FALSE,FALSE,HIGH,NORMAL,LOW,FALSE,HIGH,ZERO,HIGH,FALSE,NORMAL
FALSE,FALSE,NORMAL,FALSE,HIGH,FALSE,HIGH,HIGH,NORMAL,HIGH,NORMAL,LOW,HIGH,HIGH,NORMAL,FALSE,NORMAL,NORMAL,HIGH,NORMAL,ZERO,FALSE,LOW,ZERO,LOW,HIGH,FALSE,FALSE,HIGH,NORMAL,LOW,FALSE,HIGH,ZERO,NORMAL,FALSE,NORMAL
FALSE,FALSE,NORMAL,FALSE,HIGH,FALSE,HIGH,NORMAL,NORMAL,HIGH,NORMAL,LOW,HIGH,HIGH,NORMAL,FALSE,LOW,NORMAL,NORMAL,LOW,ZERO,FALSE,LOW,ZERO,LOW,HIGH,FALSE,FALSE,HIGH,LOW,LOW,FALSE,HIGH,ZERO,NORMAL,FALSE,NORMAL
FALSE,FALSE,NORMAL,FALSE,HIGH,FALSE,HIGH,NORMAL,NORMAL,HIGH,NORMAL,LOW,HIGH,HIGH,NORMAL,FALSE,NORMAL,NORMAL,HIGH,NORMAL,ZERO,FALSE,LOW,ZERO,LOW,HIGH,FALSE,FALSE,HIGH,NORMAL,LOW,FALSE,HIGH,ZERO,NORMAL,FALSE,HIGH
FALSE,TRUE,HIGH,FALSE,HIGH,FALSE,LOW,NORMAL,NORMAL,HIGH,NORMAL,LOW,HIGH,LOW,NORMAL,FALSE,NORMAL,NORMAL,HIGH,NORMAL,ZERO,FALSE,LOW,NORMAL,LOW,LOW,FALSE,FALSE,LOW,NORMAL,LOW,TRUE,NORMAL,ZERO,LOW,FALSE,HIGH
FALSE,FALSE,NORMAL,FALSE,LOW,FALSE,LOW,HIGH,NORMAL,HIGH,LOW,ZERO,NORMAL,HIGH,NORMAL,FALSE,LOW,LOW,HIGH,NORMAL,LOW,FALSE,HIGH,HIGH,LOW,LOW,FALSE,FALSE,LOW,NORMAL,HIGH,FALSE,NORMAL,HIGH,NORMAL,FALSE,NORMAL
FALSE,FALSE,NORMAL,FALSE,HIGH,FALSE,NORMAL,HIGH,NORMAL,HIGH,NORMAL,LOW,HIGH,HIGH,ESOPHAGEAL,TRUE,HIGH,NORMAL,NORMAL,NORMAL,LOW,FALSE,LOW,ZERO,NORMAL,HIGH,FALSE,TRUE,HIGH,HIGH,LOW,FALSE,HIGH,ZERO,NORMAL,FALSE,NORMAL
FALSE,FALSE,LOW,FALSE,NORMAL,TRUE,HIGH,HIGH,NORMAL,LOW,ZERO,ZERO,HIGH,HIGH,NORMAL,FALSE,NORMAL,NORMAL,LOW,NORMAL,LOW,FALSE,HIGH,HIGH,ZERO,NORMAL,FALSE,FALSE,NORMAL,NORMAL,HIGH,FALSE,HIGH,HIGH,NORMAL,FALSE,NORMAL
FALSE,FALSE,LOW,FALSE,HIGH,FALSE,NORMAL,LOW,NORMAL,LOW,NORMAL,LOW,HIGH,LOW,NORMAL,FALSE,NORMAL,NORMAL,LOW,NORMAL,ZERO,FALSE,LOW,ZERO,LOW,NORMAL,FALSE,FALSE,LOW,NORMAL,LOW,FALSE,LOW,ZERO,NORMAL,FALSE,NORMAL
FALSE,FALSE,NORMAL,FALSE,HIGH,FALSE,LOW,LOW,NORMAL,NORMAL,NORMAL,LOW,NORMAL,NORMAL,NORMAL,FALSE,HIGH,NORMAL,HIGH,NORMAL,ZERO,FALSE,LOW,ZERO,LOW,LOW,FALSE,FALSE,LOW,HIGH,LOW,FALSE,NORMAL,ZERO,NORMAL,FALSE,NORMAL
FALSE,FALSE,NORMAL,FALSE,HIGH,FALSE,LOW,HIGH,NORMAL,HIGH,NORMAL,LOW,HIGH,NORMAL,NORMAL,FALSE,NORMAL,NORMAL,HIGH,NORMAL,ZERO,FALSE,LOW,ZERO,LOW,LOW,FALSE,FALSE,LOW,NORMAL,LOW,FALSE,NORMAL,ZERO,NORMAL,FALSE,NORMAL
FALSE,FALSE,NORMAL,FALSE,LOW,FALSE,LOW,HIGH,NORMAL,HIGH,NORMAL,LOW,NORMAL,NORMAL,ONESIDED,FALSE,NORMAL,NORMAL,HIGH,NORMAL,ZERO,FALSE,LOW,NORMAL,ZERO,LOW,FALSE,FALSE,LOW,NORMAL,LOW,FALSE,NORMAL,NORMAL,HIGH,FALSE,HIGH
FALSE,FALSE,NORMAL,FALSE,HIGH,TRUE,HIGH,NORMAL,NORMAL,LOW,NORMAL,LOW,HIGH,HIGH,NORMAL,FALSE,HIGH,NORMAL,LOW,HIGH,ZERO,TRUE,LOW,ZERO,LOW,NORMAL,FALSE,FALSE,NORMAL,HIGH,LOW,FALSE,HIGH,ZERO,NORMAL,FALSE,NORMAL
TRUE,FALSE,LOW,FALSE,LOW,FALSE,LOW,HIGH,NORMAL,HIGH,NORMAL,ZERO,NORMAL,HIGH,NORMAL,FALSE,NORMAL,NORMAL,HIGH,NORMAL,LOW,FALSE,HIGH,HIGH,LOW,LOW,FALSE,FALSE,LOW,NORMAL,HIGH,FALSE,NORMAL,HIGH,NORMAL,FALSE,NORMAL
TRUE,FALSE,NORMAL,FALSE,LOW,FALSE,HIGH,HIGH,NORMAL,NORMAL,NORMAL,ZERO,HIGH,HIGH,NORMAL,FALSE,NORMAL,NORMAL,NORMAL,NORMAL,LOW,FALSE,HIGH,HIGH,LOW,HIGH,FALSE,FALSE,HIGH,NORMAL,HIGH,FALSE,HIGH,HIGH,NORMAL,FALSE,NORMAL
FALSE,FALSE,NORMAL,FALSE,HIGH,FALSE,HIGH,NORMAL,NORMAL,HIGH,NORMAL,LOW,HIGH,HIGH,NORMAL,FALSE,HIGH,NORMAL,NORMAL,HIGH,ZERO,FALSE,LOW,ZERO,LOW,HIGH,FALSE,TRUE,HIGH,HIGH,LOW,FALSE,HIGH,ZERO,NORMAL,FALSE,NORMAL
FALSE,FALSE,NORMAL,FALSE,HIGH,FALSE,HIGH,NORMAL,NORMAL,LOW,NORMAL,LOW,HIGH,HIGH,NORMAL,FALSE,NORMAL,NORMAL,LOW,NORMAL,ZERO,FALSE,LOW,ZERO,LOW,HIGH,FALSE,FALSE,HIGH,NORMAL,LOW,FALSE,HIGH,ZERO,NORMAL,FALSE,NORMAL
FALSE,FALSE,LOW,FALSE,HIGH,FALSE,HIGH,HIGH,NORMAL,NORMAL,NORMAL,LOW,HIGH,HIGH,NORMAL,FALSE,NORMAL,NORMAL,NORMAL,NORMAL,ZERO,FALSE,LOW,ZERO,LOW,HIGH,FALSE,FALSE,HIGH,NORMAL,LOW,FALSE,HIGH,ZERO,NORMAL,FALSE,NORMAL
FALSE,FALSE,NORMAL,FALSE,HIGH,FALSE,HIGH,HIGH,NORMAL,HIGH,NORMAL,LOW,HIGH,HIGH,NORMAL,FALSE,NORMAL,NORMAL,HIGH,NORMAL,HIGH,FALSE,LOW,LOW,HIGH,HIGH,FALSE,FALSE,HIGH,NORMAL,LOW,FALSE,HIGH,LOW,NORMAL,FALSE,NORMAL
FALSE,FALSE,NORMAL,FALSE,LOW,FALSE,LOW,LOW,NORMAL,NORMAL,HIGH,HIGH,NORMAL,NORMAL,NORMAL,FALSE,NORMAL,HIGH,HIGH,NORMAL,LOW,FALSE,HIGH,HIGH,LOW,LOW,FALSE,FALSE,LOW,NORMAL,HIGH,FALSE,NORMAL,HIGH,NORMAL,FALSE,NORMAL
TRUE,FALSE,NORMAL,FALSE,NORMAL,FALSE,NORMAL,LOW,NORMAL,LOW,NORMAL,ZERO,HIGH,HIGH,ONESIDED,TRUE,NORMAL,NORMAL,LOW,NORMAL,ZERO,FALSE,LOW,NORMAL,LOW,HIGH,FALSE,FALSE,HIGH,NORMAL,LOW,FALSE,HIGH,NORMAL,NORMAL,FALSE,HIGH
FALSE,FALSE,NORMAL,FALSE,NORMAL,FALSE,HIGH,HIGH,NORMAL,HIGH,NORMAL,LOW,HIGH,HIGH,NORMAL,FALSE,LOW,NORMAL,NORMAL,NORMAL,NORMAL,FALSE,LOW,LOW,NORMAL,HIGH,FALSE,FALSE,HIGH,NORMAL,LOW,FALSE,HIGH,NORMAL,NORMAL,FALSE,NORMAL
FALSE,TRUE,NORMAL,TRUE,HIGH,TRUE,HIGH,HIGH,NORMAL,LOW,NORMAL,LOW,HIGH,LOW,ESOPHAGEAL,FALSE,NORMAL,NORMAL,NORMAL,NORMAL,LOW,FALSE,LOW,ZERO,NORMAL,NORMAL,FALSE,FALSE,NORMAL,NORMAL,LOW,FALSE,HIGH,ZERO,LOW,FALSE,NORMAL
FALSE,FALSE,NORMAL,FALSE,HIGH,FALSE,HIGH,ZERO,NORMAL,LOW,NORMAL,LOW,HIGH,HIGH,ONESIDED,FALSE,NORMAL,NORMAL,LOW,NORMAL,LOW,FALSE,LOW,LOW,NORMAL,HIGH,FALSE,FALSE,HIGH,NORMAL,LOW,FALSE,HIGH,LOW,NORMAL,FALSE,HIGH
FALSE,FALSE,NORMAL,FALSE,HIGH,FALSE,HIGH,LOW,NORMAL,LOW,NORMAL,LOW,HIGH,HIGH,NORMAL,FALSE,NORMAL,NORMAL,LOW,NORMAL,ZERO,FALSE,LOW,ZERO,LOW,HIGH,FALSE,FALSE,HIGH,NORMAL,LOW,FALSE,HIGH,ZERO,NORMAL,FALSE,NORMAL
TRUE,FALSE,NORMAL,FALSE,HIGH,FALSE,HIGH,HIGH,NORMAL,LOW,NORMAL,ZERO,HIGH,HIGH,NORMAL,FALSE,NORMAL,NORMAL,LOW,NORMAL,ZERO,FALSE,LOW,ZERO,LOW,HIGH,FALSE,FALSE,HIGH,NORMAL,LOW,FALSE,HIGH,ZERO,NORMAL,FALSE,NORMAL
FALSE,FALSE,HIGH,TRUE,HIGH,FALSE,HIGH,HIGH,NORMAL,LOW,NORMAL,LOW,HIGH,LOW,NORMAL,FALSE,LOW,NORMAL,LOW,LOW,ZERO,FALSE,LOW,ZERO,LOW,HIGH,TRUE,FALSE,HIGH,LOW,LOW,FALSE,HIGH,ZERO,LOW,FALSE,NORMAL
FALSE,FALSE,NORMAL,TRUE,HIGH,FALSE,LOW,LOW,NORMAL,LOW,NORMAL,LOW,HIGH,LOW,NORMAL,FALSE,LOW,NORMAL,NORMAL,LOW,ZERO,FALSE,LOW,ZERO,LOW,NORMAL,TRUE,TRUE,HIGH,LOW,LOW,FALSE,LOW,ZERO,LOW,FALSE,NORMAL
FALSE,TRUE,NORMAL,FALSE,HIGH,FALSE,LOW,LOW,NORMAL,NORMAL,NORMAL,LOW,NORMAL,NORMAL,NORMAL,FALSE,NORMAL,NORMAL,HIGH,NORMAL,ZERO,FALSE,LOW,ZERO,LOW,LOW,FALSE,FALSE,LOW,NORMAL,LOW,FALSE,NORMAL,ZERO,NORMAL,FALSE,NORMAL
FALSE,FALSE,NORMAL,FALSE,NORMAL,FALSE,LOW,HIGH,NORMAL,NORMAL,NORMAL,LOW,NORMAL,NORMAL,NORMAL,FALSE,NORMAL,NORMAL,NORMAL,NORMAL,NORMAL,FALSE,LOW,LOW,NORMAL,LOW,FALSE,FALSE,LOW,NORMAL,LOW,FALSE,NORMAL,NORMAL,NORMAL,FALSE,NORMAL
FALSE,FALSE,NORMAL,FALSE,HIGH,FALSE,HIGH,HIGH,NORMAL,HIGH,NORMAL,LOW,HIGH,HIGH,NORMAL,FALSE,NORMAL,NORMAL,HIGH,NORMAL,ZERO,FALSE,LOW,ZERO,LOW,HIGH,FALSE,FALSE,HIGH,NORMAL,LOW,FALSE,HIGH,ZERO,NORMAL,TRUE,NORMAL
FALSE,FALSE,LOW,FALSE,LOW,FALSE,HIGH,LOW,NORMAL,LOW,NORMAL,LOW,HIGH,LOW,NORMAL,FALSE,HIGH,NORMAL,NORMAL,NORMAL,LOW,FALSE,HIGH,HIGH,LOW,HIGH,FALSE,TRUE,HIGH,HIGH,HIGH,FALSE,HIGH,HIGH,LOW,FALSE,NORMAL
FALSE,FALSE,NORMAL,FALSE,LOW,FALSE,HIGH,LOW,NORMAL,NORMAL,HIGH,HIGH,HIGH,NORMAL,NORMAL,FALSE,HIGH,HIGH,NORMAL,NORMAL,LOW,FALSE,HIGH,HIGH,LOW,HIGH,FALSE,FALSE,HIGH,HIGH,HIGH,FALSE,HIGH,HIGH,NORMAL,FALSE,HIGH
FALSE,FALSE,NORMAL,FALSE,HIGH,FALSE,HIGH,LOW,NORMAL,HIGH,NORMAL,LOW,HIGH,HIGH,NORMAL,FALSE,NORMAL,NORMAL,NORMAL,NORMAL,ZERO,FALSE,LOW,ZERO,LOW,HIGH,FALSE,FALSE,HIGH,NORMAL,LOW,FALSE,HIGH,ZERO,NORMAL,FALSE,NORMAL
FALSE,FALSE,NORMAL,FALSE,HIGH,FALSE,HIGH,HIGH,NORMAL,LOW,NORMAL,LOW,HIGH,HIGH,NORMAL,FALSE,LOW,NORMAL,LOW,LOW,ZERO,FALSE,LOW,ZERO,LOW,HIGH,FALSE,FALSE,HIGH,LOW,LOW,FALSE,HIGH,ZERO,NORMAL,FALSE,NORMAL
FALSE,TRUE,NORMAL,FALSE,HIGH,TRUE,HIGH,NORMAL,NORMAL,HIGH,NORMAL,LOW,HIGH,HIGH,NORMAL,FALSE,NORMAL,NORMAL,NORMAL,NORMAL,ZERO,FALSE,LOW,ZERO,LOW,NORMAL,FALSE,FALSE,NORMAL,NORMAL,LOW,FALSE,HIGH,ZERO,NORMAL,FALSE,NORMAL
FALSE,FALSE,NORMAL,FALSE,HIGH,FALSE,HIGH,HIGH,NORMAL,NORMAL,NORMAL,LOW,HIGH,HIGH,NORMAL,FALSE,NORMAL,NORMAL,NORMAL,NORMAL,ZERO,FALSE,LOW,ZERO,LOW,HIGH,FALSE,TRUE,HIGH,NORMAL,LOW,FALSE,HIGH,ZERO,NORMAL,FALSE,NORMAL
FALSE,TRUE,NORMAL,FALSE,HIGH,FALSE,LOW,HIGH,NORMAL,LOW,NORMAL,LOW,HIGH,NORMAL,NORMAL,FALSE,NORMAL,NORMAL,HIGH,NORMAL,ZERO,FALSE,LOW,ZERO,LOW,LOW,FALSE,FALSE,LOW,NORMAL,LOW,FALSE,NORMAL,ZERO,NORMAL,FALSE,NORMAL
TRUE,FALSE,NORMAL,FALSE,LOW,FALSE,LOW,HIGH,NORMAL,HIGH,NORMAL,ZERO,NORMAL,NORMAL,NORMAL,FALSE,HIGH,NORMAL,HIGH,HIGH,LOW,FALSE,HIGH,HIGH,LOW,LOW,FALSE,TRUE,LOW,HIGH,HIGH,FALSE,NORMAL,HIGH,NORMAL,FALSE,NORMAL
FALSE,FALSE,NORMAL,FALSE,HIGH,FALSE,HIGH,NORMAL,NORMAL,HIGH,NORMAL,LOW,HIGH,HIGH,NORMAL,FALSE,NORMAL,NORMAL,NORMAL,NORMAL,ZERO,FALSE,LOW,ZERO,LOW,HIGH,FALSE,FALSE,HIGH,NORMAL,LOW,FALSE,HIGH,ZERO,NORMAL,FALSE,NORMAL
FALSE,FALSE,NORMAL,FALSE,HIGH,FALSE,HIGH,LOW,NORMAL,LOW,NORMAL,LOW,HIGH,HIGH,NORMAL,FALSE,NORMAL,NORMAL,LOW,NORMAL,HIGH,FALSE,LOW,LOW,HIGH,HIGH,FALSE,FALSE,HIGH,NORMAL,LOW,FALSE,HIGH,LOW,NORMAL,FALSE,HIGH
FALSE,FALSE,NORMAL,FALSE,HIGH,FALSE,HIGH,NORMAL,NORMAL,LOW,NORMAL,LOW,HIGH,HIGH,NORMAL,FALSE,NORMAL,NORMAL,LOW,NORMAL,ZERO,FALSE,LOW,ZERO,LOW,HIGH,FALSE,FALSE,HIGH,NORMAL,LOW,FALSE,HIGH,ZERO,NORMAL,FALSE,NORMAL
FALSE,TRUE,NORMAL,FALSE,NORMAL,FALSE,HIGH,LOW,NORMAL,HIGH,NORMAL,LOW,HIGH,HIGH,NORMAL,FALSE,NORMAL,NORMAL,NORMAL,NORMAL,ZERO,FALSE,LOW,ZERO,LOW,HIGH,FALSE,FALSE,HIGH,NORMAL,LOW,FALSE,HIGH,NORMAL,NORMAL,FALSE,NORMAL
FALSE,FALSE,NORMAL,FALSE,LOW,FALSE,NORMAL,NORMAL,NORMAL,NORMAL,HIGH,HIGH,NORMAL,NORMAL,NORMAL,TRUE,NORMAL,HIGH,NORMAL,NORMAL,LOW,FALSE,HIGH,HIGH,ZERO,LOW,FALSE,FALSE,LOW,NORMAL,HIGH,FALSE,NORMAL,HIGH,NORMAL,FALSE,NORMAL
FALSE,FALSE,NORMAL,FALSE,LOW,FALSE,LOW,NORMAL,NORMAL,LOW,NORMAL,LOW,NORMAL,NORMAL,NORMAL,FALSE,NORMAL,NORMAL,LOW,NORMAL,LOW,FALSE,HIGH,HIGH,LOW,LOW,FALSE,FALSE,LOW,NORMAL,HIGH,FALSE,NORMAL,HIGH,NORMAL,FALSE,NORMAL
FALSE,FALSE,NORMAL,FALSE,HIGH,FALSE,HIGH,HIGH,NORMAL,NORMAL,HIGH,LOW,HIGH,HIGH,NORMAL,FALSE,HIGH,HIGH,LOW,HIGH,ZERO,FALSE,LOW,ZERO,LOW,HIGH,FALSE,FALSE,HIGH,HIGH,LOW,FALSE,HIGH,ZERO,NORMAL,FALSE,NORMAL
FALSE,FALSE,HIGH,FALSE,LOW,FALSE,HIGH,NORMAL,NORMAL,HIGH,HIGH,HIGH,HIGH,HIGH,ESOPHAGEAL,FALSE,NORMAL,NORMAL,NORMAL,NORMAL,NORMAL,FALSE,HIGH,ZERO,NORMAL,HIGH,FALSE,FALSE,HIGH,NORMAL,HIGH,FALSE,HIGH,HIGH,NORMAL,FALSE,NORMAL
TRUE,FALSE,NORMAL,FALSE,LOW,FALSE,HIGH,HIGH,NORMAL,LOW,NORMAL,ZERO,HIGH,HIGH,NORMAL,FALSE,HIGH,NORMAL,LOW,HIGH,LOW,FALSE,HIGH,HIGH,LOW,HIGH,FALSE,TRUE,HIGH,HIGH,HIGH,FALSE,HIGH,HIGH,NORMAL,FALSE,NORMAL
FALSE,FALSE,HIGH,FALSE,HIGH,FALSE,HIGH,HIGH,NORMAL,HIGH,NORMAL,LOW,HIGH,HIGH,NORMAL,FALSE,HIGH,NORMAL,NORMAL,NORMAL,ZERO,FALSE,LOW,ZERO,LOW,HIGH,FALSE,TRUE,HIGH,HIGH,LOW,FALSE,HIGH,ZERO,NORMAL,FALSE,NORMAL
FALSE,FALSE,NORMAL,FALSE,HIGH,FALSE,HIGH,LOW,NORMAL,HIGH,NORMAL,LOW,HIGH,HIGH,NORMAL,FALSE,HIGH,NORMAL,HIGH,HIGH,ZERO,FALSE,LOW,ZERO,LOW,HIGH,FALSE,TRUE,HIGH,HIGH,LOW,FALSE,HIGH,ZERO,NORMAL,FALSE,NORMAL
FALSE,FALSE,NORMAL,FALSE,LOW,TRUE,LOW,HIGH,NORMAL,NORMAL,ZERO,ZERO,NORMAL,NORMAL,NORMAL,FALSE,NORMAL,NORMAL,HIGH,NORMAL,LOW,FALSE,HIGH,HIGH,LOW,HIGH,FALSE,FALSE,NORMAL,NORMAL,HIGH,FALSE,NORMAL,HIGH,NORMAL,FALSE,NORMAL
FALSE,FALSE,NORMAL,FALSE,HIGH,FALSE,HIGH,HIGH,NORMAL,HIGH,NORMAL,LOW,HIGH,HIGH,ESOPHAGEAL,FALSE,HIGH,NORMAL,HIGH,NORMAL,ZERO,FALSE,LOW,LOW,LOW,HIGH,FALSE,FALSE,HIGH,HIGH,LOW,FALSE,HIGH,LOW,HIGH,TRUE,NORMAL
FALSE,TRUE,NORMAL,FALSE,HIGH,TRUE,HIGH,HIGH,NORMAL,NORMAL,NORMAL,LOW,HIGH,HIGH,NORMAL,FALSE,NORMAL,NORMAL,NORMAL,NORMAL,ZERO,FALSE,LOW,ZERO,LOW,NORMAL,FALSE,FALSE,NORMAL,NORMAL,LOW,FALSE,HIGH,ZERO,NORMAL,FALSE,NORMAL
FALSE,FALSE,NORMAL,FALSE,HIGH,FALSE,HIGH,HIGH,NORMAL,LOW,LOW,ZERO,HIGH,LOW,NORMAL,FALSE,HIGH,LOW,NORMAL,NORMAL,ZERO,FALSE,LOW,ZERO,LOW,HIGH,FALSE,TRUE,HIGH,HIGH,LOW,FALSE,HIGH,ZERO,LOW,FALSE,NORMAL
FALSE,FALSE,NORMAL,FALSE,LOW,FALSE,LOW,NORMAL,NORMAL,NORMAL,NORMAL,LOW,NORMAL,NORMAL,NORMAL,FALSE,LOW,NORMAL,HIGH,NORMAL,LOW,FALSE,HIGH,ZERO,LOW,LOW,FALSE,FALSE,LOW,NORMAL,HIGH,FALSE,NORMAL,HIGH,HIGH,FALSE,NORMAL
FALSE,TRUE,NORMAL,FALSE,LOW,FALSE,HIGH,HIGH,NORMAL,NORMAL,LOW,ZERO,HIGH,HIGH,NORMAL,FALSE,HIGH,LOW,LOW,HIGH,LOW,FALSE,HIGH,HIGH,LOW,HIGH,FALSE,FALSE,HIGH,HIGH,HIGH,FALSE,HIGH,HIGH,HIGH,FALSE,NORMAL
FALSE,FALSE,NORMAL,FALSE,NORMAL,TRUE,HIGH,HIGH,NORMAL,HIGH,NORMAL,LOW,HIGH,HIGH,ONESIDED,FALSE,NORMAL,NORMAL,HIGH,NORMAL,ZERO,FALSE,LOW,NORMAL,LOW,HIGH,FALSE,FALSE,NORMAL,NORMAL,LOW,FALSE,HIGH,NORMAL,NORMAL,FALSE,HIGH
FALSE,TRUE,NORMAL,FALSE,LOW,FALSE,HIGH,HIGH,NORMAL,HIGH,LOW,ZERO,HIGH,HIGH,NORMAL,FALSE,NORMAL,NORMAL,NORMAL,NORMAL,LOW,FALSE,HIGH,HIGH,LOW,HIGH,FALSE,FALSE,HIGH,NORMAL,LOW,FALSE,HIGH,HIGH,NORMAL,FALSE,NORMAL
FALSE,FALSE,LOW,FALSE,NORMAL,FALSE,HIGH,HIGH,NORMAL,HIGH,LOW,ZERO,HIGH,HIGH,NORMAL,FALSE,NORMAL,LOW,NORMAL,NORMAL,LOW,FALSE,HIGH,HIGH,ZERO,HIGH,FALSE,FALSE,HIGH,NORMAL,HIGH,FALSE,HIGH,HIGH,NORMAL,FALSE,NORMAL
FALSE,FALSE,NORMAL,FALSE,NORMAL,TRUE,LOW,HIGH,NORMAL,NORMAL,LOW,ZERO,NORMAL,NORMAL,NORMAL,FALSE,NORMAL,NORMAL,HIGH,HIGH,LOW,FALSE,HIGH,HIGH,ZERO,HIGH,FALSE,FALSE,NORMAL,NORMAL,HIGH,FALSE,NORMAL,HIGH,NORMAL,FALSE,NORMAL
FALSE,TRUE,NORMAL,TRUE,HIGH,FALSE,HIGH,LOW,LOW,HIGH,NORMAL,LOW,HIGH,NORMAL,NORMAL,FALSE,LOW,NORMAL,HIGH,LOW,ZERO,FALSE,LOW,ZERO,LOW,HIGH,TRUE,FALSE,HIGH,LOW,LOW,FALSE,HIGH,ZERO,LOW,FALSE,NORMAL
FALSE,FALSE,NORMAL,FALSE,HIGH,TRUE,HIGH,HIGH,NORMAL,HIGH,NORMAL,LOW,HIGH,HIGH,ESOPHAGEAL,FALSE,NORMAL,NORMAL,NORMAL,NORMAL,ZERO,FALSE,LOW,LOW,LOW,NORMAL,FALSE,FALSE,NORMAL,NORMAL,LOW,FALSE,HIGH,LOW,NORMAL,FALSE,NORMAL
FALSE,TRUE,NORMAL,FALSE,LOW,FALSE,HIGH,NORMAL,NORMAL,LOW,NORMAL,HIGH,HIGH,LOW,NORMAL,FALSE,LOW,NORMAL,LOW,NORMAL,LOW,FALSE,HIGH,HIGH,LOW,HIGH,FALSE,FALSE,HIGH,NORMAL,HIGH,FALSE,HIGH,HIGH,LOW,FALSE,NORMAL
FALSE,FALSE,NORMAL,FALSE,HIGH,FALSE,HIGH,NORMAL,NORMAL,LOW,NORMAL,LOW,HIGH,HIGH,NORMAL,FALSE,NORMAL,NORMAL,LOW,NORMAL,ZERO,FALSE,LOW,LOW,LOW,HIGH,FALSE,FALSE,HIGH,NORMAL,LOW,FALSE,HIGH,ZERO,NORMAL,FALSE,NORMAL
TRUE,FALSE,NORMAL,FALSE,LOW,FALSE,LOW,HIGH,NORMAL,HIGH,NORMAL,ZERO,NORMAL,HIGH,NORMAL,FALSE,LOW,NORMAL,HIGH,LOW,LOW,FALSE,HIGH,HIGH,LOW,LOW,FALSE,FALSE,LOW,LOW,HIGH,FALSE,NORMAL,HIGH,NORMAL,FALSE,NORMAL
FALSE,FALSE,NORMAL,FALSE,HIGH,FALSE,LOW,NORMAL,NORMAL,LOW,NORMAL,LOW,HIGH,LOW,NORMAL,FALSE,HIGH,NORMAL,HIGH,HIGH,ZERO,FALSE,LOW,ZERO,LOW,LOW,FALSE,TRUE,LOW,HIGH,LOW,FALSE,NORMAL,ZERO,LOW,FALSE,NORMAL
FALSE,FALSE,NORMAL,FALSE,HIGH,TRUE,HIGH,HIGH,NORMAL,NORMAL,NORMAL,LOW,HIGH,HIGH,NORMAL,FALSE,NORMAL,NORMAL,HIGH,NORMAL,ZERO,FALSE,LOW,LOW,LOW,NORMAL,FALSE,FALSE,NORMAL,NORMAL,LOW,FALSE,HIGH,ZERO,NORMAL,FALSE,NORMAL
FALSE,FALSE,NORMAL,FALSE,HIGH,FALSE,HIGH,HIGH,NORMAL,HIGH,NORMAL,LOW,HIGH,HIGH,NORMAL,FALSE,HIGH,NORMAL,NORMAL,HIGH,ZERO,FALSE,LOW,ZERO,LOW,HIGH,FALSE,FALSE,HIGH,HIGH,LOW,FALSE,HIGH,ZERO,NORMAL,FALSE,NORMAL
FALSE,FALSE,NORMAL,FALSE,LOW,FALSE,NORMAL,LOW,NORMAL,LOW,HIGH,HIGH,HIGH,HIGH,NORMAL,TRUE,LOW,HIGH,LOW,LOW,LOW,FALSE,HIGH,HIGH,LOW,HIGH,FALSE,FALSE,HIGH,LOW,HIGH,FALSE,HIGH,HIGH,NORMAL,FALSE,NORMAL
FALSE,FALSE,NORMAL,FALSE,HIGH,FALSE,NORMAL,HIGH,NORMAL,LOW,NORMAL,LOW,HIGH,HIGH,NORMAL,FALSE,NORMAL,NORMAL,LOW,NORMAL,ZERO,FALSE,LOW,ZERO,LOW,HIGH,FALSE,FALSE,HIGH,NORMAL,LOW,FALSE,HIGH,ZERO,NORMAL,FALSE,NORMAL
FALSE,TRUE,NORMAL,FALSE,HIGH,FALSE,HIGH,HIGH,LOW,HIGH,NORMAL,LOW,HIGH,HIGH,NORMAL,FALSE,NORMAL,NORMAL,NORMAL,NORMAL,ZERO,FALSE,LOW,ZERO,LOW,HIGH,FALSE,FALSE,HIGH,NORMAL,LOW,FALSE,HIGH,ZERO,NORMAL,FALSE,NORMAL
FALSE,FALSE,NORMAL,TRUE,LOW,TRUE,HIGH,HIGH,NORMAL,LOW,NORMAL,LOW,HIGH,LOW,NORMAL,FALSE,LOW,NORMAL,LOW,LOW,ZERO,FALSE,HIGH,ZERO,ZERO,NORMAL,TRUE,FALSE,NORMAL,LOW,HIGH,FALSE,HIGH,HIGH,LOW,FALSE,NORMAL
FALSE,FALSE,NORMAL,FALSE,HIGH,FALSE,HIGH,HIGH,NORMAL,LOW,NORMAL,LOW,HIGH,HIGH,NORMAL,FALSE,NORMAL,NORMAL,LOW,NORMAL,ZERO,FALSE,LOW,ZERO,LOW,HIGH,FALSE,FALSE,HIGH,NORMAL,LOW,FALSE,HIGH,ZERO,NORMAL,FALSE,NORMAL
FALSE,FALSE,NORMAL,FALSE,HIGH,FALSE,HIGH,HIGH,NORMAL,HIGH,NORMAL,LOW,HIGH,HIGH,NORMAL,FALSE,NORMAL,NORMAL,NORMAL,NORMAL,ZERO,FALSE,LOW,ZERO,LOW,HIGH,FALSE,FALSE,HIGH,NORMAL,LOW,FALSE,HIGH,ZERO,NORMAL,FALSE,NORMAL
TRUE,FALSE,NORMAL,FALSE,LOW,FALSE,HIGH,HIGH,NORMAL,LOW,NORMAL,ZERO,HIGH,LOW,NORMAL,FALSE,LOW,NORMAL,LOW,HIGH,LOW,FALSE,HIGH,HIGH,LOW,HIGH,FALSE,TRUE,HIGH,HIGH,HIGH,FALSE,HIGH,HIGH,LOW,FALSE,NORMAL
FALSE,FALSE,NORMAL,TRUE,NORMAL,FALSE,HIGH,ZERO,NORMAL,HIGH,NORMAL,NORMAL,HIGH,HIGH,ONESIDED,FALSE,LOW,NORMAL,NORMAL,LOW,ZERO,FALSE,LOW,NORMAL,LOW,HIGH,TRUE,FALSE,HIGH,LOW,LOW,FALSE,HIGH,NORMAL,LOW,FALSE,HIGH
FALSE,FALSE,NORMAL,FALSE,HIGH,FALSE,HIGH,LOW,NORMAL,HIGH,NORMAL,LOW,HIGH,HIGH,NORMAL,FALSE,NORMAL,NORMAL,HIGH,NORMAL,ZERO,FALSE,LOW,ZERO,LOW,HIGH,FALSE,FALSE,HIGH,NORMAL,LOW,FALSE,HIGH,ZERO,NORMAL,FALSE,NORMAL
FALSE,FALSE,NORMAL,FALSE,HIGH,FALSE,HIGH,HIGH,NORMAL,NORMAL,NORMAL,LOW,HIGH,HIGH,NORMAL,FALSE,NORMAL,NORMAL,NORMAL,NORMAL,ZERO,FALSE,LOW,ZERO,LOW,HIGH,FALSE,FALSE,HIGH,NORMAL,LOW,FALSE,HIGH,ZERO,NORMAL,FALSE,NORMAL
FALSE,FALSE,NORMAL,FALSE,NORMAL,FALSE,HIGH,NORMAL,NORMAL,HIGH,NORMAL,LOW,HIGH,HIGH,NORMAL,FALSE,NORMAL,NORMAL,HIGH,LOW,NORMAL,FALSE,LOW,ZERO,NORMAL,HIGH,FALSE,FALSE,HIGH,NORMAL,LOW,FALSE,HIGH,NORMAL,NORMAL,FALSE,NORMAL
FALSE,FALSE,NORMAL,FALSE,HIGH,FALSE,HIGH,HIGH,NORMAL,HIGH,NORMAL,LOW,HIGH,HIGH,NORMAL,FALSE,NORMAL,NORMAL,NORMAL,NORMAL,ZERO,FALSE,LOW,ZERO,LOW,HIGH,FALSE,FALSE,HIGH,NORMAL,LOW,FALSE,HIGH,ZERO,NORMAL,FALSE,NORMAL
FALSE,TRUE,NORMAL,FALSE,HIGH,FALSE,HIGH,LOW,NORMAL,HIGH,NORMAL,LOW,HIGH,HIGH,NORMAL,FALSE,NORMAL,NORMAL,NORMAL,NORMAL,ZERO,FALSE,LOW,ZERO,ZERO,NORMAL,FALSE,FALSE,HIGH,NORMAL,LOW,FALSE,HIGH,ZERO,NORMAL,FALSE,NORMAL
TRUE,FALSE,NORMAL,FALSE,HIGH,FALSE,HIGH,ZERO,NORMAL,HIGH,NORMAL,ZERO,HIGH,HIGH,ESOPHAGEAL,FALSE,HIGH,NORMAL,HIGH,NORMAL,ZERO,FALSE,LOW,LOW,LOW,HIGH,FALSE,FALSE,HIGH,HIGH,LOW,FALSE,HIGH,LOW,NORMAL,FALSE,NORMAL
FALSE,FALSE,NORMAL,FALSE,HIGH,FALSE,HIGH,HIGH,NORMAL,LOW,NORMAL,LOW,HIGH,NORMAL,NORMAL,FALSE,NORMAL,NORMAL,LOW,NORMAL,ZERO,FALSE,LOW,HIGH,LOW,HIGH,FALSE,FALSE,HIGH,NORMAL,LOW,FALSE,HIGH,ZERO,LOW,FALSE,NORMAL
FALSE,FALSE,NORMAL,FALSE,HIGH,FALSE,HIGH,NORMAL,NORMAL,LOW,NORMAL,LOW,HIGH,HIGH,NORMAL,FALSE,HIGH,NORMAL,LOW,HIGH,ZERO,FALSE,LOW,ZERO,LOW,HIGH,FALSE,FALSE,HIGH,HIGH,LOW,FALSE,HIGH,ZERO,NORMAL,FALSE,NORMAL
FALSE,FALSE,LOW,FALSE,HIGH,FALSE,LOW,LOW,NORMAL,NORMAL,NORMAL,LOW,HIGH,NORMAL,NORMAL,FALSE,NORMAL,NORMAL,HIGH,LOW,ZERO,FALSE,LOW,ZERO,LOW,LOW,FALSE,FALSE,LOW,NORMAL,LOW,FALSE,NORMAL,ZERO,NORMAL,FALSE,NORMAL
FALSE,FALSE,LOW,FALSE,HIGH,TRUE,HIGH,LOW,NORMAL,HIGH,NORMAL,LOW,HIGH,HIGH,NORMAL,FALSE,NORMAL,NORMAL,NORMAL,NORMAL,ZERO,FALSE,LOW,ZERO,LOW,NORMAL,FALSE,FALSE,NORMAL,NORMAL,LOW,FALSE,HIGH,ZERO,NORMAL,TRUE,NORMAL
FALSE,FALSE,HIGH,FALSE,HIGH,FALSE,HIGH,HIGH,NORMAL,NORMAL,LOW,ZERO,HIGH,HIGH,NORMAL,FALSE,NORMAL,LOW,HIGH,NORMAL,ZERO,FALSE,LOW,ZERO,LOW,HIGH,FALSE,FALSE,HIGH,NORMAL,LOW,FALSE,HIGH,ZERO,NORMAL,FALSE,NORMAL
FALSE,FALSE,HIGH,FALSE,HIGH,FALSE,HIGH,HIGH,NORMAL,HIGH,NORMAL,LOW,HIGH,HIGH,NORMAL,FALSE,NORMAL,NORMAL,HIGH,NORMAL,ZERO,FALSE,LOW,ZERO,LOW,HIGH,FALSE,FALSE,HIGH,NORMAL,LOW,FALSE,HIGH,ZERO,NORMAL,FALSE,NORMAL
FALSE,FALSE,NORMAL,FALSE,HIGH,FALSE,LOW,HIGH,NORMAL,LOW,LOW,ZERO,HIGH,LOW,NORMAL,FALSE,NORMAL,LOW,HIGH,NORMAL,ZERO,FALSE,LOW,ZERO,LOW,HIGH,FALSE,FALSE,HIGH,NORMAL,LOW,FALSE,LOW,ZERO,NORMAL,FALSE,NORMAL
TRUE,FALSE,NORMAL,FALSE,HIGH,FALSE,LOW,HIGH,NORMAL,NORMAL,NORMAL,ZERO,HIGH,LOW,NORMAL,FALSE,NORMAL,NORMAL,HIGH,NORMAL,ZERO,FALSE,LOW,ZERO,LOW,NORMAL,FALSE,FALSE,LOW,NORMAL,LOW,FALSE,LOW,ZERO,NORMAL,FALSE,NORMAL
FALSE,FALSE,LOW,FALSE,HIGH,FALSE,LOW,LOW,NORMAL,LOW,NORMAL,LOW,HIGH,NORMAL,NORMAL,FALSE,HIGH,NORMAL,LOW,NORMAL,ZERO,FALSE,LOW,ZERO,LOW,LOW,FALSE,FALSE,LOW,HIGH,LOW,FALSE,NORMAL,ZERO,NORMAL,FALSE,NORMAL
FALSE,TRUE,NORMAL,FALSE,HIGH,TRUE,NORMAL,LOW,NORMAL,HIGH,NORMAL,LOW,HIGH,HIGH,NORMAL,TRUE,NORMAL,NORMAL,NORMAL,NORMAL,ZERO,FALSE,NORMAL,ZERO,LOW,NORMAL,FALSE,FALSE,NORMAL,NORMAL,LOW,FALSE,HIGH,ZERO,NORMAL,FALSE,HIGH
FALSE,FALSE,NORMAL,FALSE,LOW,FALSE,NORMAL,LOW,LOW,HIGH,HIGH,HIGH,HIGH,HIGH,NORMAL,TRUE,NORMAL,HIGH,NORMAL,NORMAL,LOW,FALSE,NORMAL,ZERO,LOW,HIGH,FALSE,FALSE,HIGH,NORMAL,NORMAL,FALSE,HIGH,HIGH,NORMAL,FALSE,NORMAL
FALSE,FALSE,NORMAL,FALSE,HIGH,FALSE,HIGH,HIGH,NORMAL,HIGH,NORMAL,LOW,HIGH,HIGH,NORMAL,FALSE,NORMAL,NORMAL,NORMAL,NORMAL,ZERO,FALSE,LOW,ZERO,LOW,HIGH,FALSE,FALSE,HIGH,NORMAL,LOW,FALSE,HIGH,ZERO,NORMAL,FALSE,NORMAL
FALSE,FALSE,NORMAL,FALSE,LOW,FALSE,HIGH,HIGH,NORMAL,HIGH,ZERO,ZERO,HIGH,HIGH,NORMAL,FALSE,HIGH,NORMAL,NORMAL,HIGH,LOW,FALSE,HIGH,HIGH,LOW,HIGH,FALSE,TRUE,HIGH,HIGH,HIGH,FALSE,HIGH,HIGH,NORMAL,FALSE,NORMAL
FALSE,TRUE,NORMAL,FALSE,HIGH,FALSE,HIGH,HIGH,NORMAL,HIGH,NORMAL,LOW,HIGH,HIGH,NORMAL,FALSE,NORMAL,NORMAL,NORMAL,NORMAL,ZERO,FALSE,LOW,ZERO,ZERO,HIGH,FALSE,FALSE,HIGH,NORMAL,LOW,FALSE,HIGH,ZERO,NORMAL,FALSE,NORMAL
FALSE,FALSE,NORMAL,FALSE,HIGH,FALSE,HIGH,LOW,NORMAL,HIGH,NORMAL,LOW,HIGH,HIGH,NORMAL,FALSE,HIGH,NORMAL,HIGH,NORMAL,ZERO,FALSE,LOW,ZERO,LOW,HIGH,FALSE,TRUE,HIGH,HIGH,LOW,FALSE,HIGH,ZERO,NORMAL,FALSE,NORMAL
FALSE,TRUE,NORMAL,FALSE,HIGH,FALSE,HIGH,NORMAL,NORMAL,HIGH,NORMAL,LOW,HIGH,HIGH,NORMAL,FALSE,LOW,NORMAL,HIGH,NORMAL,ZERO,FALSE,LOW,ZERO,LOW,HIGH,FALSE,FALSE,HIGH,NORMAL,LOW,FALSE,HIGH,ZERO,NORMAL,FALSE,NORMAL
FALSE,FALSE,NORMAL,FALSE,NORMAL,FALSE,LOW,NORMAL,NORMAL,LOW,NORMAL,LOW,NORMAL,NORMAL,NORMAL,FALSE,NORMAL,NORMAL,LOW,NORMAL,ZERO,FALSE,LOW,ZERO,LOW,LOW,FALSE,FALSE,LOW,NORMAL,LOW,FALSE,NORMAL,ZERO,NORMAL,FALSE,NORMAL
FALSE,FALSE,NORMAL,FALSE,LOW,FALSE,HIGH,HIGH,NORMAL,NORMAL,LOW,ZERO,HIGH,LOW,NORMAL,FALSE,NORMAL,LOW,HIGH,NORMAL,LOW,FALSE,HIGH,HIGH,LOW,HIGH,FALSE,FALSE,HIGH,NORMAL,HIGH,FALSE,HIGH,HIGH,LOW,FALSE,NORMAL
FALSE,FALSE,NORMAL,FALSE,HIGH,FALSE,HIGH,LOW,NORMAL,NORMAL,NORMAL,LOW,HIGH,NORMAL,NORMAL,TRUE,NORMAL,NORMAL,NORMAL,NORMAL,ZERO,FALSE,LOW,ZERO,LOW,LOW,FALSE,FALSE,LOW,NORMAL,LOW,FALSE,NORMAL,ZERO,NORMAL,FALSE,NORMAL
FALSE,FALSE,NORMAL,FALSE,HIGH,FALSE,HIGH,NORMAL,NORMAL,NORMAL,NORMAL,LOW,HIGH,NORMAL,NORMAL,FALSE,HIGH,NORMAL,NORMAL,HIGH,ZERO,FALSE,LOW,ZERO,LOW,HIGH,FALSE,TRUE,HIGH,HIGH,LOW,FALSE,HIGH,ZERO,LOW,FALSE,NORMAL
FALSE,FALSE,NORMAL,FALSE,LOW,TRUE,LOW,LOW,NORMAL,HIGH,HIGH,HIGH,NORMAL,NORMAL,NORMAL,FALSE,NORMAL,HIGH,HIGH,NORMAL,LOW,FALSE,HIGH,HIGH,LOW,HIGH,FALSE,FALSE,LOW,NORMAL,HIGH,FALSE,NORMAL,HIGH,NORMAL,FALSE,NORMAL
FALSE,FALSE,NORMAL,FALSE,HIGH,FALSE,HIGH,HIGH,NORMAL,HIGH,NORMAL,LOW,HIGH,HIGH,NORMAL,FALSE,NORMAL,NORMAL,NORMAL,NORMAL,ZERO,FALSE,LOW,ZERO,LOW,HIGH,FALSE,FALSE,HIGH,NORMAL,LOW,FALSE,HIGH,ZERO,NORMAL,FALSE,NORMAL
TRUE,FALSE,NORMAL,FALSE,LOW,FALSE,NORMAL,HIGH,NORMAL,LOW,NORMAL,ZERO,HIGH,HIGH,NORMAL,FALSE,NORMAL,NORMAL,LOW,NORMAL,LOW,FALSE,HIGH,HIGH,LOW,HIGH,FALSE,FALSE,HIGH,NORMAL,HIGH,FALSE,HIGH,HIGH,NORMAL,FALSE,NORMAL
TRUE,FALSE,NORMAL,FALSE,HIGH,FALSE,HIGH,HIGH,NORMAL,HIGH,NORMAL,ZERO,HIGH,HIGH,NORMAL,FALSE,NORMAL,NORMAL,NORMAL,NORMAL,ZERO,FALSE,LOW,ZERO,LOW,HIGH,FALSE,FALSE,HIGH,NORMAL,LOW,FALSE,HIGH,ZERO,NORMAL,FALSE,NORMAL
FALSE,FALSE,NORMAL,FALSE,HIGH,FALSE,HIGH,HIGH,NORMAL,NORMAL,NORMAL,LOW,HIGH,NORMAL,NORMAL,FALSE,HIGH,NORMAL,NORMAL,NORMAL,ZERO,FALSE,LOW,HIGH,LOW,HIGH,FALSE,TRUE,HIGH,HIGH,LOW,FALSE,HIGH,ZERO,LOW,FALSE,HIGH
FALSE,FALSE,NORMAL,FALSE,HIGH,FALSE,HIGH,HIGH,NORMAL,LOW,NORMAL,LOW,HIGH,HIGH,NORMAL,FALSE,NORMAL,NORMAL,LOW,NORMAL,ZERO,FALSE,LOW,ZERO,LOW,HIGH,FALSE,FALSE,HIGH,NORMAL,LOW,FALSE,HIGH,ZERO,NORMAL,FALSE,NORMAL
FALSE,FALSE,NORMAL,FALSE,HIGH,FALSE,HIGH,NORMAL,NORMAL,HIGH,NORMAL,LOW,HIGH,HIGH,NORMAL,FALSE,NORMAL,NORMAL,HIGH,NORMAL,ZERO,FALSE,LOW,ZERO,LOW,HIGH,FALSE,FALSE,HIGH,NORMAL,LOW,FALSE,HIGH,ZERO,NORMAL,FALSE,NORMAL
FALSE,FALSE,NORMAL,FALSE,LOW,TRUE,HIGH,HIGH,NORMAL,HIGH,NORMAL,LOW,HIGH,HIGH,NORMAL,FALSE,NORMAL,NORMAL,NORMAL,NORMAL,LOW,FALSE,HIGH,HIGH,LOW,NORMAL,FALSE,FALSE,NORMAL,NORMAL,NORMAL,FALSE,HIGH,HIGH,NORMAL,FALSE,HIGH
FALSE,FALSE,NORMAL,FALSE,HIGH,FALSE,HIGH,NORMAL,NORMAL,HIGH,NORMAL,LOW,HIGH,HIGH,NORMAL,FALSE,NORMAL,NORMAL,HIGH,NORMAL,ZERO,FALSE,LOW,ZERO,LOW,HIGH,FALSE,FALSE,LOW,NORMAL,LOW,FALSE,HIGH,ZERO,NORMAL,FALSE,NORMAL
FALSE,FALSE,NORMAL,FALSE,HIGH,FALSE,HIGH,LOW,NORMAL,HIGH,NORMAL,LOW,NORMAL,HIGH,NORMAL,FALSE,NORMAL,NORMAL,HIGH,NORMAL,ZERO,FALSE,LOW,ZERO,LOW,HIGH,FALSE,FALSE,HIGH,NORMAL,LOW,FALSE,HIGH,ZERO,NORMAL,FALSE,HIGH
FALSE,FALSE,NORMAL,FALSE,LOW,FALSE,LOW,NORMAL,NORMAL,NORMAL,HIGH,HIGH,NORMAL,NORMAL,NORMAL,FALSE,LOW,HIGH,HIGH,NORMAL,LOW,FALSE,HIGH,HIGH,LOW,NORMAL,FALSE,FALSE,LOW,NORMAL,HIGH,FALSE,NORMAL,HIGH,NORMAL,FALSE,NORMAL
FALSE,FALSE,NORMAL,FALSE,NORMAL,FALSE,LOW,HIGH,NORMAL,NORMAL,ZERO,ZERO,NORMAL,LOW,NORMAL,FALSE,HIGH,NORMAL,HIGH,HIGH,LOW,FALSE,HIGH,HIGH,ZERO,LOW,FALSE,TRUE,LOW,HIGH,HIGH,FALSE,NORMAL,HIGH,LOW,FALSE,NORMAL
FALSE,FALSE,NORMAL,FALSE,HIGH,FALSE,NORMAL,LOW,NORMAL,LOW,NORMAL,LOW,HIGH,HIGH,NORMAL,TRUE,NORMAL,NORMAL,LOW,NORMAL,ZERO,FALSE,LOW,ZERO,LOW,HIGH,FALSE,FALSE,HIGH,NORMAL,LOW,FALSE,HIGH,ZERO,NORMAL,FALSE,NORMAL
FALSE,FALSE,NORMAL,FALSE,LOW,FALSE,LOW,HIGH,NORMAL,HIGH,ZERO,ZERO,NORMAL,NORMAL,NORMAL,FALSE,NORMAL,NORMAL,HIGH,NORMAL,LOW,FALSE,HIGH,HIGH,LOW,LOW,FALSE,FALSE,LOW,NORMAL,HIGH,FALSE,NORMAL,HIGH,NORMAL,FALSE,NORMAL
FALSE,FALSE,NORMAL,FALSE,HIGH,FALSE,HIGH,HIGH,NORMAL,NORMAL,NORMAL,LOW,HIGH,LOW,NORMAL,FALSE,HIGH,NORMAL,HIGH,HIGH,ZERO,FALSE,LOW,ZERO,LOW,HIGH,FALSE,TRUE,HIGH,HIGH,LOW,FALSE,HIGH,ZERO,LOW,FALSE,NORMAL
FALSE,FALSE,NORMAL,FALSE,HIGH,FALSE,HIGH,LOW,NORMAL,HIGH,NORMAL,LOW,HIGH,HIGH,NORMAL,FALSE,LOW,NORMAL,NORMAL,LOW,ZERO,FALSE,LOW,ZERO,LOW,HIGH,FALSE,FALSE,HIGH,LOW,LOW,FALSE,HIGH,ZERO,HIGH,FALSE,NORMAL
FALSE,FALSE,NORMAL,FALSE,HIGH,FALSE,HIGH,HIGH,NORMAL,LOW,NORMAL,LOW,HIGH,HIGH,NORMAL,FALSE,NORMAL,NORMAL,LOW,NORMAL,ZERO,FALSE,LOW,ZERO,LOW,HIGH,FALSE,FALSE,HIGH,NORMAL,LOW,FALSE,HIGH,ZERO,NORMAL,FALSE,NORMAL
FALSE,FALSE,NORMAL,FALSE,NORMAL,FALSE,HIGH,NORMAL,NORMAL,LOW,NORMAL,LOW,HIGH,HIGH,NORMAL,FALSE,NORMAL,NORMAL,LOW,NORMAL,ZERO,FALSE,LOW,ZERO,LOW,HIGH,FALSE,FALSE,HIGH,NORMAL,LOW,FALSE,HIGH,NORMAL,NORMAL,TRUE,NORMAL
FALSE,FALSE,NORMAL,FALSE,LOW,FALSE,HIGH,HIGH,NORMAL,HIGH,NORMAL,LOW,HIGH,HIGH,NORMAL,FALSE,LOW,NORMAL,NORMAL,NORMAL,ZERO,FALSE,LOW,ZERO,ZERO,HIGH,FALSE,FALSE,HIGH,NORMAL,LOW,FALSE,HIGH,LOW,NORMAL,FALSE,NORMAL
FALSE,FALSE,NORMAL,FALSE,HIGH,FALSE,HIGH,HIGH,NORMAL,NORMAL,NORMAL,LOW,HIGH,NORMAL,NORMAL,FALSE,NORMAL,NORMAL,NORMAL,NORMAL,ZERO,FALSE,LOW,ZERO,LOW,HIGH,FALSE,FALSE,HIGH,NORMAL,LOW,FALSE,HIGH,ZERO,NORMAL,FALSE,NORMAL
FALSE,FALSE,NORMAL,FALSE,HIGH,FALSE,HIGH,HIGH,NORMAL,HIGH,NORMAL,LOW,HIGH,HIGH,ONESIDED,FALSE,NORMAL,NORMAL,NORMAL,NORMAL,LOW,FALSE,LOW,ZERO,NORMAL,HIGH,FALSE,FALSE,HIGH,NORMAL,LOW,FALSE,HIGH,LOW,NORMAL,FALSE,HIGH
FALSE,FALSE,LOW,FALSE,NORMAL,TRUE,HIGH,NORMAL,NORMAL,NORMAL,NORMAL,LOW,HIGH,HIGH,NORMAL,FALSE,NORMAL,NORMAL,NORMAL,NORMAL,ZERO,FALSE,LOW,ZERO,LOW,NORMAL,FALSE,FALSE,NORMAL,NORMAL,LOW,FALSE,HIGH,NORMAL,NORMAL,FALSE,NORMAL
FALSE,FALSE,LOW,FALSE,HIGH,TRUE,NORMAL,HIGH,NORMAL,LOW,NORMAL,LOW,HIGH,LOW,NORMAL,TRUE,NORMAL,NORMAL,LOW,NORMAL,ZERO,FALSE,LOW,ZERO,LOW,NORMAL,TRUE,TRUE,NORMAL,NORMAL,LOW,FALSE,HIGH,ZERO,LOW,FALSE,NORMAL
FALSE,FALSE,NORMAL,FALSE,HIGH,FALSE,HIGH,HIGH,NORMAL,LOW,NORMAL,LOW,HIGH,HIGH,NORMAL,FALSE,NORMAL,NORMAL,LOW,NORMAL,ZERO,FALSE,LOW,ZERO,LOW,HIGH,FALSE,FALSE,HIGH,NORMAL,LOW,FALSE,HIGH,ZERO,NORMAL,FALSE,NORMAL
FALSE,FALSE,NORMAL,TRUE,HIGH,FALSE,HIGH,HIGH,NORMAL,LOW,NORMAL,LOW,HIGH,LOW,ESOPHAGEAL,FALSE,LOW,NORMAL,HIGH,LOW,LOW,FALSE,LOW,ZERO,NORMAL,HIGH,TRUE,TRUE,HIGH,LOW,LOW,FALSE,HIGH,ZERO,LOW,FALSE,NORMAL
FALSE,FALSE,NORMAL,FALSE,HIGH,FALSE,HIGH,NORMAL,NORMAL,HIGH,NORMAL,LOW,HIGH,HIGH,NORMAL,FALSE,NORMAL,NORMAL,HIGH,NORMAL,ZERO,FALSE,LOW,ZERO,LOW,HIGH,FALSE,FALSE,HIGH,NORMAL,LOW,FALSE,HIGH,ZERO,NORMAL,FALSE,NORMAL
FALSE,FALSE,NORMAL,FALSE,HIGH,FALSE,HIGH,LOW,NORMAL,LOW,NORMAL,LOW,HIGH,HIGH,NORMAL,FALSE,NORMAL,NORMAL,LOW,NORMAL,ZERO,FALSE,LOW,ZERO,LOW,HIGH,FALSE,FALSE,HIGH,NORMAL,LOW,TRUE,HIGH,ZERO,NORMAL,FALSE,HIGH
FALSE,FALSE,NORMAL,FALSE,HIGH,FALSE,LOW,ZERO,NORMAL,NORMAL,LOW,ZERO,HIGH,NORMAL,ESOPHAGEAL,FALSE,NORMAL,LOW,NORMAL,NORMAL,ZERO,FALSE,LOW,LOW,LOW,LOW,FALSE,FALSE,LOW,NORMAL,LOW,FALSE,NORMAL,LOW,NORMAL,FALSE,NORMAL
FALSE,FALSE,NORMAL,FALSE,HIGH,FALSE,HIGH,NORMAL,NORMAL,HIGH,NORMAL,LOW,HIGH,HIGH,NORMAL,FALSE,NORMAL,NORMAL,NORMAL,NORMAL,ZERO,FALSE,LOW,ZERO,LOW,HIGH,FALSE,FALSE,HIGH,NORMAL,LOW,FALSE,HIGH,ZERO,NORMAL,FALSE,NORMAL
FALSE,FALSE,NORMAL,FALSE,HIGH,FALSE,HIGH,HIGH,NORMAL,HIGH,NORMAL,LOW,HIGH,HIGH,ONESIDED,FALSE,NORMAL,NORMAL,NORMAL,NORMAL,LOW,FALSE,LOW,ZERO,NORMAL,HIGH,FALSE,FALSE,HIGH,NORMAL,LOW,FALSE,HIGH,LOW,NORMAL,FALSE,HIGH
FALSE,FALSE,NORMAL,FALSE,LOW,FALSE,LOW,HIGH,NORMAL,LOW,NORMAL,LOW,HIGH,NORMAL,NORMAL,FALSE,NORMAL,NORMAL,LOW,NORMAL,HIGH,FALSE,LOW,LOW,HIGH,LOW,FALSE,FALSE,LOW,NORMAL,LOW,FALSE,NORMAL,LOW,NORMAL,FALSE,NORMAL
FALSE,FALSE,NORMAL,FALSE,HIGH,FALSE,HIGH,HIGH,NORMAL,LOW,NORMAL,LOW,HIGH,HIGH,NORMAL,FALSE,NORMAL,NORMAL,LOW,NORMAL,ZERO,FALSE,LOW,ZERO,LOW,HIGH,FALSE,FALSE,HIGH,NORMAL,LOW,FALSE,HIGH,ZERO,NORMAL,FALSE,NORMAL
FALSE,FALSE,NORMAL,FALSE,LOW,FALSE,LOW,NORMAL,NORMAL,LOW,LOW,ZERO,NORMAL,NORMAL,NORMAL,FALSE,NORMAL,LOW,LOW,NORMAL,LOW,FALSE,HIGH,HIGH,LOW,LOW,FALSE,FALSE,LOW,NORMAL,HIGH,FALSE,NORMAL,HIGH,NORMAL,FALSE,NORMAL
FALSE,TRUE,NORMAL,FALSE,HIGH,FALSE,HIGH,ZERO,NORMAL,NORMAL,NORMAL,LOW,HIGH,HIGH,NORMAL,FALSE,HIGH,NORMAL,LOW,NORMAL,ZERO,FALSE,LOW,ZERO,LOW,LOW,FALSE,FALSE,HIGH,HIGH,LOW,FALSE,HIGH,ZERO,NORMAL,FALSE,NORMAL
FALSE,FALSE,NORMAL,FALSE,LOW,TRUE,HIGH,HIGH,NORMAL,LOW,ZERO,ZERO,HIGH,HIGH,NORMAL,FALSE,HIGH,NORMAL,LOW,HIGH,LOW,FALSE,HIGH,HIGH,LOW,NORMAL,FALSE,TRUE,NORMAL,HIGH,HIGH,FALSE,HIGH,HIGH,NORMAL,FALSE,NORMAL
FALSE,FALSE,NORMAL,FALSE,HIGH,FALSE,HIGH,LOW,NORMAL,HIGH,NORMAL,LOW,HIGH,HIGH,NORMAL,FALSE,LOW,NORMAL,HIGH,LOW,ZERO,FALSE,LOW,ZERO,LOW,HIGH,FALSE,FALSE,HIGH,LOW,LOW,FALSE,HIGH,ZERO,NORMAL,FALSE,NORMAL
FALSE,FALSE,NORMAL,FALSE,HIGH,FALSE,HIGH,HIGH,NORMAL,HIGH,NORMAL,LOW,HIGH,HIGH,NORMAL,FALSE,NORMAL,NORMAL,HIGH,NORMAL,ZERO,FALSE,LOW,ZERO,LOW,HIGH,FALSE,FALSE,HIGH,NORMAL,LOW,FALSE,HIGH,ZERO,NORMAL,FALSE,NORMAL
FALSE,FALSE,NORMAL,FALSE,LOW,FALSE,HIGH,LOW,NORMAL,NORMAL,HIGH,HIGH,NORMAL,LOW,NORMAL,TRUE,HIGH,HIGH,HIGH,NORMAL,LOW,FALSE,HIGH,HIGH,LOW,LOW,FALSE,TRUE,LOW,HIGH,HIGH,FALSE,NORMAL,HIGH,LOW,FALSE,NORMAL
TRUE,FALSE,HIGH,FALSE,LOW,FALSE,HIGH,HIGH,NORMAL,LOW,NORMAL,ZERO,HIGH,HIGH,NORMAL,FALSE,NORMAL,NORMAL,LOW,NORMAL,LOW,FALSE,HIGH,HIGH,LOW,HIGH,FALSE,FALSE,HIGH,NORMAL,HIGH,FALSE,HIGH,HIGH,NORMAL,FALSE,NORMAL
TRUE,FALSE,NORMAL,FALSE,NORMAL,FALSE,HIGH,HIGH,NORMAL,LOW,NORMAL,ZERO,HIGH,LOW,NORMAL,FALSE,HIGH,NORMAL,LOW,NORMAL,LOW,FALSE,HIGH,HIGH,ZERO,HIGH,FALSE,TRUE,HIGH,HIGH,HIGH,FALSE,HIGH,HIGH,LOW,FALSE,NORMAL
TRUE,FALSE,NORMAL,FALSE,LOW,FALSE,LOW,HIGH,NORMAL,NORMAL,NORMAL,ZERO,NORMAL,NORMAL,NORMAL,FALSE,NORMAL,NORMAL,HIGH,NORMAL,LOW,FALSE,HIGH,HIGH,LOW,LOW,FALSE,FALSE,LOW,NORMAL,HIGH,FALSE,NORMAL,HIGH,NORMAL,FALSE,NORMAL
FALSE,TRUE,NORMAL,FALSE,HIGH,TRUE,LOW,HIGH,NORMAL,NORMAL,NORMAL,LOW,HIGH,NORMAL,NORMAL,FALSE,NORMAL,NORMAL,NORMAL,NORMAL,ZERO,FALSE,LOW,ZERO,LOW,NORMAL,FALSE,FALSE,HIGH,NORMAL,LOW,FALSE,NORMAL,ZERO,NORMAL,FALSE,NORMAL
FALSE,FALSE,NORMAL,FALSE,HIGH,FALSE,HIGH,HIGH,NORMAL,HIGH,NORMAL,LOW,HIGH,HIGH,ONESIDED,FALSE,HIGH,NORMAL,HIGH,HIGH,LOW,FALSE,LOW,LOW,NORMAL,HIGH,FALSE,TRUE,HIGH,HIGH,LOW,FALSE,HIGH,LOW,NORMAL,FALSE,HIGH
FALSE,FALSE,NORMAL,FALSE,LOW,FALSE,HIGH,LOW,NORMAL,LOW,HIGH,HIGH,HIGH,HIGH,NORMAL,FALSE,NORMAL,HIGH,LOW,NORMAL,LOW,FALSE,HIGH,HIGH,LOW,HIGH,FALSE,FALSE,HIGH,NORMAL,HIGH,FALSE,HIGH,HIGH,NORMAL,FALSE,NORMAL
FALSE,FALSE,NORMAL,FALSE,HIGH,FALSE,HIGH,HIGH,NORMAL,HIGH,NORMAL,LOW,HIGH,HIGH,NORMAL,FALSE,NORMAL,NORMAL,HIGH,NORMAL,ZERO,FALSE,LOW,ZERO,LOW,HIGH,FALSE,FALSE,HIGH,NORMAL,LOW,FALSE,HIGH,ZERO,NORMAL,FALSE,NORMAL
FALSE,FALSE,NORMAL,FALSE,HIGH,FALSE,HIGH,HIGH,NORMAL,HIGH,NORMAL,LOW,HIGH,HIGH,NORMAL,FALSE,NORMAL,NORMAL,HIGH,LOW,ZERO,FALSE,LOW,ZERO,LOW,HIGH,FALSE,FALSE,HIGH,NORMAL,LOW,FALSE,HIGH,ZERO,NORMAL,FALSE,NORMAL
TRUE,FALSE,NORMAL,FALSE,NORMAL,FALSE,HIGH,ZERO,NORMAL,LOW,NORMAL,ZERO,HIGH,HIGH,NORMAL,FALSE,LOW,NORMAL,LOW,NORMAL,ZERO,FALSE,LOW,ZERO,LOW,HIGH,FALSE,FALSE,HIGH,NORMAL,LOW,FALSE,HIGH,ZERO,NORMAL,TRUE,NORMAL
FALSE,FALSE,NORMAL,FALSE,LOW,FALSE,HIGH,HIGH,NORMAL,LOW,ZERO,ZERO,HIGH,NORMAL,NORMAL,FALSE,NORMAL,NORMAL,NORMAL,NORMAL,LOW,FALSE,HIGH,HIGH,LOW,HIGH,FALSE,FALSE,HIGH,NORMAL,HIGH,FALSE,HIGH,HIGH,NORMAL,FALSE,NORMAL
FALSE,FALSE,NORMAL,FALSE,HIGH,FALSE,HIGH,NORMAL,NORMAL,LOW,NORMAL,LOW,HIGH,LOW,NORMAL,FALSE,HIGH,NORMAL,NORMAL,HIGH,ZERO,FALSE,LOW,ZERO,LOW,HIGH,FALSE,TRUE,HIGH,HIGH,LOW,FALSE,HIGH,ZERO,LOW,FALSE,NORMAL
FALSE,TRUE,NORMAL,FALSE,HIGH,FALSE,HIGH,LOW,NORMAL,HIGH,NORMAL,LOW,HIGH,HIGH,NORMAL,FALSE,LOW,NORMAL,HIGH,LOW,ZERO,FALSE,LOW,ZERO,LOW,HIGH,FALSE,TRUE,HIGH,LOW,LOW,FALSE,HIGH,ZERO,NORMAL,FALSE,NORMAL
FALSE,FALSE,NORMAL,FALSE,LOW,FALSE,LOW,LOW,NORMAL,HIGH,HIGH,HIGH,NORMAL,NORMAL,NORMAL,FALSE,NORMAL,HIGH,HIGH,LOW,LOW,FALSE,HIGH,HIGH,LOW,LOW,FALSE,FALSE,LOW,NORMAL,HIGH,FALSE,NORMAL,HIGH,NORMAL,FALSE,NORMAL
FALSE,FALSE,HIGH,FALSE,HIGH,FALSE,HIGH,HIGH,NORMAL,LOW,NORMAL,LOW,HIGH,HIGH,NORMAL,FALSE,NORMAL,NORMAL,LOW,NORMAL,ZERO,FALSE,LOW,ZERO,LOW,HIGH,FALSE,FALSE,HIGH,NORMAL,LOW,TRUE,HIGH,ZERO,NORMAL,FALSE,HIGH
FALSE,FALSE,HIGH,FALSE,LOW,FALSE,LOW,HIGH,NORMAL,NORMAL,LOW,ZERO,NORMAL,NORMAL,NORMAL,FALSE,NORMAL,LOW,HIGH,NORMAL,LOW,FALSE,HIGH,HIGH,LOW,LOW,FALSE,FALSE,LOW,NORMAL,HIGH,TRUE,NORMAL,HIGH,NORMAL,FALSE,NORMAL
FALSE,FALSE,NORMAL,FALSE,HIGH,FALSE,LOW,NORMAL,NORMAL,NORMAL,NORMAL,LOW,HIGH,NORMAL,NORMAL,FALSE,LOW,NORMAL,NORMAL,NORMAL,ZERO,FALSE,LOW,ZERO,LOW,LOW,FALSE,FALSE,LOW,NORMAL,LOW,FALSE,NORMAL,ZERO,NORMAL,FALSE,NORMAL
FALSE,FALSE,NORMAL,FALSE,HIGH,FALSE,HIGH,HIGH,NORMAL,LOW,NORMAL,LOW,HIGH,NORMAL,NORMAL,FALSE,HIGH,NORMAL,LOW,HIGH,ZERO,FALSE,LOW,ZERO,LOW,HIGH,FALSE,TRUE,HIGH,HIGH,LOW,FALSE,HIGH,ZERO,LOW,TRUE,HIGH
TRUE,TRUE,NORMAL,FALSE,LOW,FALSE,HIGH,HIGH,NORMAL,LOW,NORMAL,ZERO,HIGH,HIGH,NORMAL,FALSE,NORMAL,NORMAL,LOW,NORMAL,LOW,FALSE,HIGH,HIGH,LOW,HIGH,FALSE,FALSE,HIGH,NORMAL,HIGH,FALSE,HIGH,HIGH,NORMAL,FALSE,NORMAL
FALSE,FALSE,HIGH,FALSE,HIGH,FALSE,HIGH,HIGH,NORMAL,HIGH,NORMAL,LOW,HIGH,HIGH,NORMAL,FALSE,NORMAL,NORMAL,NORMAL,NORMAL,ZERO,FALSE,LOW,ZERO,LOW,HIGH,FALSE,FALSE,HIGH,NORMAL,LOW,FALSE,HIGH,ZERO,NORMAL,FALSE,NORMAL
FALSE,FALSE,NORMAL,FALSE,HIGH,FALSE,HIGH,HIGH,NORMAL,NORMAL,NORMAL,LOW,HIGH,HIGH,NORMAL,FALSE,NORMAL,NORMAL,HIGH,NORMAL,HIGH,FALSE,LOW,LOW,HIGH,HIGH,FALSE,TRUE,HIGH,NORMAL,LOW,FALSE,HIGH,LOW,NORMAL,FALSE,NORMAL
FALSE,FALSE,NORMAL,FALSE,NORMAL,FALSE,HIGH,HIGH,NORMAL,HIGH,LOW,ZERO,HIGH,HIGH,ONESIDED,FALSE,NORMAL,LOW,NORMAL,NORMAL,ZERO,FALSE,LOW,NORMAL,LOW,HIGH,FALSE,FALSE,HIGH,NORMAL,LOW,FALSE,HIGH,NORMAL,NORMAL,FALSE,HIGH
FALSE,FALSE,NORMAL,FALSE,HIGH,FALSE,LOW,HIGH,NORMAL,NORMAL,NORMAL,LOW,HIGH,NORMAL,ONESIDED,FALSE,LOW,NORMAL,NORMAL,NORMAL,LOW,FALSE,LOW,ZERO,NORMAL,LOW,FALSE,FALSE,LOW,LOW,LOW,FALSE,NORMAL,LOW,NORMAL,FALSE,HIGH
FALSE,FALSE,NORMAL,FALSE,HIGH,FALSE,HIGH,NORMAL,NORMAL,LOW,NORMAL,LOW,HIGH,HIGH,NORMAL,FALSE,NORMAL,NORMAL,LOW,NORMAL,ZERO,FALSE,LOW,ZERO,LOW,HIGH,FALSE,FALSE,HIGH,NORMAL,LOW,FALSE,HIGH,ZERO,NORMAL,FALSE,NORMAL
FALSE,TRUE,NORMAL,FALSE,HIGH,TRUE,HIGH,LOW,NORMAL,HIGH,NORMAL,LOW,HIGH,HIGH,NORMAL,FALSE,LOW,NORMAL,NORMAL,NORMAL,ZERO,FALSE,LOW,ZERO,LOW,NORMAL,FALSE,FALSE,NORMAL,NORMAL,LOW,FALSE,HIGH,ZERO,NORMAL,FALSE,NORMAL
FALSE,FALSE,NORMAL,FALSE,HIGH,FALSE,HIGH,HIGH,NORMAL,HIGH,HIGH,HIGH,HIGH,HIGH,ONESIDED,FALSE,NORMAL,HIGH,NORMAL,NORMAL,HIGH,FALSE,LOW,HIGH,HIGH,HIGH,FALSE,FALSE,HIGH,NORMAL,LOW,FALSE,HIGH,LOW,NORMAL,FALSE,HIGH
TRUE,FALSE,NORMAL,FALSE,HIGH,FALSE,HIGH,HIGH,NORMAL,LOW,NORMAL,ZERO,HIGH,LOW,NORMAL,FALSE,HIGH,NORMAL,LOW,HIGH,ZERO,FALSE,LOW,ZERO,LOW,HIGH,FALSE,TRUE,HIGH,HIGH,LOW,FALSE,HIGH,ZERO,LOW,FALSE,NORMAL
FALSE,FALSE,NORMAL,FALSE,HIGH,FALSE,HIGH,HIGH,NORMAL,HIGH,NORMAL,LOW,HIGH,HIGH,NORMAL,FALSE,NORMAL,NORMAL,HIGH,NORMAL,ZERO,FALSE,LOW,ZERO,LOW,HIGH,FALSE,FALSE,HIGH,NORMAL,LOW,FALSE,HIGH,ZERO,NORMAL,FALSE,NORMAL
FALSE,FALSE,NORMAL,FALSE,HIGH,FALSE,LOW,NORMAL,NORMAL,NORMAL,NORMAL,LOW,HIGH,NORMAL,NORMAL,FALSE,NORMAL,NORMAL,NORMAL,NORMAL,ZERO,FALSE,LOW,ZERO,LOW,LOW,FALSE,FALSE,LOW,NORMAL,LOW,FALSE,NORMAL,ZERO,NORMAL,FALSE,NORMAL
TRUE,FALSE,HIGH,FALSE,LOW,FALSE,HIGH,HIGH,NORMAL,LOW,ZERO,ZERO,HIGH,HIGH,NORMAL,FALSE,NORMAL,NORMAL,LOW,HIGH,LOW,FALSE,HIGH,HIGH,LOW,HIGH,FALSE,FALSE,HIGH,HIGH,HIGH,FALSE,HIGH,HIGH,NORMAL,FALSE,NORMAL
TRUE,TRUE,NORMAL,FALSE,LOW,FALSE,HIGH,HIGH,NORMAL,HIGH,NORMAL,ZERO,HIGH,HIGH,NORMAL,FALSE,NORMAL,NORMAL,NORMAL,NORMAL,LOW,FALSE,HIGH,HIGH,LOW,HIGH,FALSE,FALSE,HIGH,NORMAL,HIGH,FALSE,HIGH,HIGH,NORMAL,FALSE,NORMAL
FALSE,FALSE,NORMAL,FALSE,NORMAL,FALSE,NORMAL,HIGH,NORMAL,NORMAL,ZERO,ZERO,NORMAL,NORMAL,NORMAL,TRUE,NORMAL,NORMAL,HIGH,NORMAL,LOW,FALSE,HIGH,HIGH,ZERO,LOW,FALSE,FALSE,LOW,NORMAL,HIGH,FALSE,NORMAL,HIGH,NORMAL,FALSE,NORMAL
FALSE,FALSE,NORMAL,TRUE,HIGH,FALSE,LOW,LOW,LOW,LOW,NORMAL,LOW,HIGH,LOW,NORMAL,FALSE,LOW,NORMAL,NORMAL,LOW,ZERO,FALSE,LOW,ZERO,LOW,LOW,TRUE,FALSE,LOW,LOW,LOW,FALSE,NORMAL,ZERO,LOW,TRUE,NORMAL
FALSE,FALSE,NORMAL,FALSE,HIGH,FALSE,HIGH,HIGH,NORMAL,LOW,NORMAL,LOW,HIGH,HIGH,NORMAL,FALSE,NORMAL,NORMAL,LOW,NORMAL,ZERO,FALSE,LOW,ZERO,LOW,HIGH,FALSE,FALSE,HIGH,NORMAL,LOW,FALSE,HIGH,ZERO,NORMAL,FALSE,NORMAL
FALSE,TRUE,LOW,FALSE,HIGH,FALSE,HIGH,LOW,NORMAL,HIGH,NORMAL,LOW,HIGH,HIGH,NORMAL,FALSE,NORMAL,NORMAL,HIGH,NORMAL,ZERO,FALSE,LOW,HIGH,LOW,HIGH,FALSE,FALSE,HIGH,NORMAL,LOW,FALSE,HIGH,ZERO,NORMAL,FALSE,NORMAL
FALSE,FALSE,NORMAL,FALSE,LOW,FALSE,HIGH,HIGH,NORMAL,HIGH,LOW,ZERO,HIGH,HIGH,NORMAL,FALSE,NORMAL,LOW,NORMAL,NORMAL,LOW,FALSE,HIGH,HIGH,NORMAL,LOW,FALSE,FALSE,HIGH,NORMAL,HIGH,FALSE,HIGH,HIGH,NORMAL,FALSE,NORMAL
FALSE,FALSE,NORMAL,FALSE,HIGH,FALSE,HIGH,HIGH,NORMAL,HIGH,NORMAL,LOW,HIGH,HIGH,NORMAL,FALSE,NORMAL,NORMAL,NORMAL,NORMAL,ZERO,FALSE,LOW,ZERO,LOW,HIGH,FALSE,FALSE,HIGH,NORMAL,LOW,FALSE,HIGH,ZERO,NORMAL,FALSE,NORMAL
FALSE,FALSE,NORMAL,FALSE,LOW,FALSE,HIGH,LOW,NORMAL,LOW,HIGH,HIGH,HIGH,HIGH,NORMAL,FALSE,NORMAL,HIGH,LOW,NORMAL,LOW,FALSE,HIGH,HIGH,LOW,HIGH,FALSE,FALSE,HIGH,NORMAL,HIGH,FALSE,HIGH,HIGH,NORMAL,FALSE,NORMAL
TRUE,FALSE,NORMAL,FALSE,LOW,FALSE,LOW,HIGH,NORMAL,HIGH,LOW,ZERO,NORMAL,NORMAL,NORMAL,FALSE,NORMAL,LOW,HIGH,NORMAL,LOW,FALSE,HIGH,HIGH,LOW,LOW,FALSE,FALSE,LOW,NORMAL,HIGH,FALSE,NORMAL,HIGH,NORMAL,FALSE,NORMAL
FALSE,FALSE,NORMAL,FALSE,LOW,FALSE,HIGH,LOW,NORMAL,HIGH,HIGH,HIGH,HIGH,HIGH,NORMAL,FALSE,NORMAL,HIGH,NORMAL,NORMAL,LOW,FALSE,HIGH,HIGH,LOW,HIGH,FALSE,TRUE,HIGH,NORMAL,HIGH,FALSE,HIGH,HIGH,NORMAL,FALSE,NORMAL
FALSE,FALSE,HIGH,FALSE,HIGH,FALSE,HIGH,NORMAL,NORMAL,HIGH,NORMAL,LOW,HIGH,HIGH,NORMAL,FALSE,NORMAL,NORMAL,NORMAL,NORMAL,ZERO,FALSE,LOW,ZERO,LOW,HIGH,FALSE,FALSE,HIGH,NORMAL,LOW,FALSE,HIGH,ZERO,NORMAL,FALSE,NORMAL
FALSE,FALSE,NORMAL,FALSE,HIGH,FALSE,NORMAL,LOW,NORMAL,HIGH,NORMAL,LOW,HIGH,HIGH,NORMAL,FALSE,HIGH,NORMAL,NORMAL,NORMAL,ZERO,FALSE,LOW,ZERO,LOW,HIGH,FALSE,TRUE,HIGH,HIGH,LOW,FALSE,HIGH,ZERO,NORMAL,FALSE,NORMAL
FALSE,FALSE,NORMAL,FALSE,LOW,TRUE,NORMAL,HIGH,NORMAL,HIGH,LOW,ZERO,NORMAL,HIGH,NORMAL,TRUE,NORMAL,LOW,HIGH,NORMAL,LOW,FALSE,HIGH,HIGH,LOW,NORMAL,FALSE,FALSE,HIGH,NORMAL,LOW,FALSE,NORMAL,HIGH,HIGH,FALSE,HIGH
FALSE,FALSE,NORMAL,FALSE,LOW,FALSE,HIGH,LOW,NORMAL,HIGH,NORMAL,LOW,HIGH,HIGH,NORMAL,FALSE,NORMAL,NORMAL,NORMAL,NORMAL,LOW,FALSE,HIGH,HIGH,LOW,HIGH,FALSE,FALSE,HIGH,NORMAL,HIGH,FALSE,HIGH,HIGH,NORMAL,FALSE,NORMAL
FALSE,FALSE,NORMAL,FALSE,HIGH,FALSE,HIGH,HIGH,NORMAL,HIGH,NORMAL,LOW,HIGH,HIGH,NORMAL,FALSE,NORMAL,NORMAL,HIGH,NORMAL,ZERO,FALSE,LOW,ZERO,LOW,HIGH,FALSE,FALSE,HIGH,NORMAL,LOW,FALSE,HIGH,ZERO,NORMAL,FALSE,NORMAL
FALSE,FALSE,NORMAL,FALSE,HIGH,FALSE,HIGH,NORMAL,NORMAL,LOW,NORMAL,LOW,HIGH,LOW,NORMAL,FALSE,HIGH,NORMAL,LOW,HIGH,ZERO,FALSE,LOW,ZERO,LOW,HIGH,FALSE,TRUE,HIGH,HIGH,LOW,FALSE,HIGH,ZERO,LOW,FALSE,NORMAL
FALSE,FALSE,NORMAL,FALSE,HIGH,FALSE,LOW,NORMAL,NORMAL,HIGH,NORMAL,LOW,NORMAL,HIGH,NORMAL,FALSE,NORMAL,NORMAL,HIGH,NORMAL,ZERO,FALSE,LOW,ZERO,LOW,LOW,FALSE,FALSE,LOW,NORMAL,LOW,FALSE,NORMAL,ZERO,NORMAL,FALSE,NORMAL
FALSE,FALSE,NORMAL,FALSE,HIGH,TRUE,LOW,NORMAL,NORMAL,LOW,NORMAL,LOW,NORMAL,LOW,NORMAL,FALSE,HIGH,NORMAL,HIGH,NORMAL,ZERO,FALSE,LOW,ZERO,LOW,HIGH,FALSE,TRUE,HIGH,HIGH,LOW,FALSE,NORMAL,ZERO,LOW,FALSE,NORMAL
FALSE,FALSE,NORMAL,FALSE,HIGH,FALSE,LOW,HIGH,NORMAL,LOW,NORMAL,LOW,HIGH,NORMAL,NORMAL,FALSE,NORMAL,NORMAL,LOW,NORMAL,ZERO,FALSE,LOW,ZERO,LOW,LOW,FALSE,FALSE,LOW,NORMAL,LOW,FALSE,NORMAL,ZERO,NORMAL,FALSE,NORMAL
FALSE,FALSE,NORMAL,FALSE,HIGH,FALSE,LOW,LOW,NORMAL,LOW,NORMAL,LOW,HIGH,LOW,NORMAL,FALSE,HIGH,NORMAL,NORMAL,HIGH,ZERO,FALSE,LOW,ZERO,LOW,NORMAL,FALSE,TRUE,HIGH,HIGH,LOW,FALSE,LOW,ZERO,LOW,FALSE,NORMAL
FALSE,FALSE,NORMAL,FALSE,NORMAL,FALSE,HIGH,LOW,LOW,LOW,ZERO,ZERO,HIGH,HIGH,ONESIDED,FALSE,NORMAL,NORMAL,LOW,NORMAL,ZERO,FALSE,LOW,NORMAL,LOW,HIGH,FALSE,FALSE,HIGH,NORMAL,LOW,FALSE,HIGH,NORMAL,NORMAL,FALSE,HIGH
FALSE,FALSE,NORMAL,FALSE,HIGH,FALSE,HIGH,LOW,NORMAL,HIGH,NORMAL,LOW,HIGH,HIGH,NORMAL,FALSE,NORMAL,NORMAL,NORMAL,NORMAL,ZERO,FALSE,LOW,ZERO,LOW,HIGH,FALSE,FALSE,HIGH,NORMAL,LOW,FALSE,HIGH,ZERO,NORMAL,FALSE,NORMAL
FALSE,FALSE,NORMAL,FALSE,HIGH,FALSE,HIGH,NORMAL,NORMAL,NORMAL,NORMAL,LOW,HIGH,HIGH,NORMAL,FALSE,HIGH,NORMAL,HIGH,HIGH,ZERO,FALSE,LOW,ZERO,LOW,HIGH,FALSE,TRUE,HIGH,HIGH,LOW,FALSE,HIGH,ZERO,NORMAL,FALSE,NORMAL
FALSE,FALSE,NORMAL,FALSE,HIGH,FALSE,HIGH,NORMAL,NORMAL,HIGH,NORMAL,LOW,HIGH,HIGH,NORMAL,FALSE,NORMAL,NORMAL,HIGH,NORMAL,ZERO,FALSE,LOW,ZERO,LOW,HIGH,FALSE,FALSE,HIGH,NORMAL,LOW,FALSE,HIGH,ZERO,NORMAL,FALSE,NORMAL
FALSE,FALSE,NORMAL,FALSE,HIGH,FALSE,HIGH,HIGH,NORMAL,LOW,NORMAL,LOW,HIGH,HIGH,ONESIDED,FALSE,NORMAL,NORMAL,LOW,NORMAL,LOW,FALSE,LOW,ZERO,HIGH,HIGH,FALSE,FALSE,HIGH,NORMAL,LOW,FALSE,HIGH,LOW,NORMAL,FALSE,HIGH
TRUE,TRUE,NORMAL,FALSE,LOW,FALSE,HIGH,HIGH,NORMAL,LOW,NORMAL,ZERO,HIGH,HIGH,NORMAL,FALSE,NORMAL,NORMAL,LOW,NORMAL,LOW,FALSE,HIGH,HIGH,LOW,HIGH,FALSE,FALSE,HIGH,NORMAL,HIGH,FALSE,HIGH,HIGH,NORMAL,FALSE,NORMAL
FALSE,TRUE,NORMAL,FALSE,HIGH,FALSE,HIGH,HIGH,NORMAL,HIGH,NORMAL,LOW,HIGH,HIGH,NORMAL,FALSE,NORMAL,NORMAL,HIGH,NORMAL,ZERO,FALSE,LOW,ZERO,LOW,HIGH,FALSE,FALSE,HIGH,NORMAL,LOW,FALSE,HIGH,ZERO,NORMAL,FALSE,NORMAL
FALSE,FALSE,NORMAL,FALSE,HIGH,FALSE,LOW,NORMAL,LOW,LOW,NORMAL,LOW,HIGH,NORMAL,NORMAL,FALSE,NORMAL,NORMAL,LOW,NORMAL,ZERO,FALSE,LOW,ZERO,LOW,LOW,FALSE,FALSE,LOW,NORMAL,LOW,FALSE,NORMAL,ZERO,NORMAL,FALSE,NORMAL
FALSE,FALSE,NORMAL,FALSE,HIGH,TRUE,HIGH,LOW,NORMAL,LOW,NORMAL,LOW,HIGH,HIGH,NORMAL,FALSE,NORMAL,NORMAL,LOW,NORMAL,ZERO,FALSE,LOW,ZERO,LOW,NORMAL,FALSE,FALSE,NORMAL,NORMAL,LOW,FALSE,HIGH,ZERO,NORMAL,FALSE,NORMAL
FALSE,TRUE,NORMAL,FALSE,HIGH,FALSE,HIGH,HIGH,NORMAL,NORMAL,NORMAL,LOW,HIGH,HIGH,NORMAL,FALSE,NORMAL,NORMAL,NORMAL,NORMAL,HIGH,FALSE,LOW,LOW,HIGH,HIGH,FALSE,FALSE,HIGH,NORMAL,LOW,FALSE,HIGH,LOW,HIGH,TRUE,NORMAL
FALSE,TRUE,NORMAL,FALSE,HIGH,TRUE,HIGH,LOW,NORMAL,LOW,NORMAL,LOW,HIGH,HIGH,NORMAL,FALSE,NORMAL,NORMAL,LOW,LOW,ZERO,FALSE,LOW,ZERO,LOW,NORMAL,FALSE,FALSE,NORMAL,NORMAL,LOW,FALSE,HIGH,ZERO,NORMAL,FALSE,HIGH
FALSE,FALSE,HIGH,FALSE,HIGH,FALSE,LOW,HIGH,NORMAL,HIGH,NORMAL,LOW,HIGH,NORMAL,ONESIDED,FALSE,NORMAL,NORMAL,HIGH,NORMAL,LOW,FALSE,LOW,LOW,NORMAL,LOW,FALSE,FALSE,LOW,NORMAL,LOW,TRUE,NORMAL,LOW,NORMAL,FALSE,HIGH
FALSE,FALSE,NORMAL,FALSE,HIGH,FALSE,HIGH,NORMAL,NORMAL,HIGH,NORMAL,LOW,HIGH,NORMAL,NORMAL,FALSE,NORMAL,NORMAL,HIGH,NORMAL,HIGH,FALSE,LOW,LOW,HIGH,HIGH,FALSE,FALSE,HIGH,NORMAL,LOW,FALSE,HIGH,LOW,LOW,FALSE,NORMAL
FALSE,FALSE,NORMAL,FALSE,HIGH,FALSE,HIGH,NORMAL,NORMAL,NORMAL,NORMAL,LOW,HIGH,HIGH,NORMAL,FALSE,HIGH,NORMAL,HIGH,NORMAL,ZERO,FALSE,LOW,ZERO,LOW,HIGH,FALSE,TRUE,HIGH,HIGH,LOW,FALSE,HIGH,ZERO,NORMAL,FALSE,NORMAL
FALSE,FALSE,NORMAL,FALSE,HIGH,FALSE,HIGH,NORMAL,NORMAL,NORMAL,NORMAL,LOW,HIGH,HIGH,NORMAL,FALSE,NORMAL,NORMAL,NORMAL,NORMAL,ZERO,FALSE,LOW,ZERO,LOW,HIGH,FALSE,FALSE,HIGH,NORMAL,LOW,FALSE,HIGH,ZERO,NORMAL,FALSE,NORMAL
FALSE,FALSE,HIGH,FALSE,LOW,FALSE,NORMAL,NORMAL,NORMAL,NORMAL,ZERO,ZERO,HIGH,NORMAL,NORMAL,TRUE,HIGH,NORMAL,NORMAL,HIGH,LOW,FALSE,HIGH,HIGH,LOW,HIGH,FALSE,TRUE,HIGH,HIGH,HIGH,FALSE,HIGH,HIGH,NORMAL,FALSE,NORMAL
FALSE,FALSE,NORMAL,FALSE,HIGH,FALSE,HIGH,HIGH,NORMAL,LOW,LOW,ZERO,HIGH,HIGH,NORMAL,FALSE,NORMAL,NORMAL,LOW,NORMAL,ZERO,FALSE,LOW,NORMAL,LOW,HIGH,FALSE,FALSE,HIGH,NORMAL,NORMAL,FALSE,HIGH,ZERO,NORMAL,FALSE,NORMAL
FALSE,FALSE,NORMAL,FALSE,HIGH,FALSE,HIGH,ZERO,NORMAL,HIGH,ZERO,ZERO,HIGH,HIGH,ESOPHAGEAL,FALSE,NORMAL,NORMAL,HIGH,NORMAL,ZERO,FALSE,LOW,LOW,LOW,HIGH,FALSE,FALSE,HIGH,NORMAL,LOW,FALSE,HIGH,LOW,NORMAL,FALSE,NORMAL
TRUE,FALSE,NORMAL,FALSE,LOW,FALSE,HIGH,HIGH,NORMAL,LOW,NORMAL,ZERO,HIGH,HIGH,NORMAL,FALSE,NORMAL,NORMAL,LOW,NORMAL,LOW,FALSE,HIGH,HIGH,LOW,HIGH,FALSE,FALSE,HIGH,NORMAL,HIGH,FALSE,HIGH,HIGH,NORMAL,FALSE,NORMAL
TRUE,FALSE,LOW,FALSE,LOW,FALSE,HIGH,LOW,NORMAL,NORMAL,NORMAL,ZERO,HIGH,HIGH,ONESIDED,FALSE,NORMAL,NORMAL,NORMAL,NORMAL,ZERO,FALSE,LOW,NORMAL,ZERO,HIGH,FALSE,FALSE,HIGH,NORMAL,LOW,FALSE,HIGH,NORMAL,NORMAL,FALSE,HIGH
FALSE,TRUE,NORMAL,FALSE,HIGH,FALSE,HIGH,HIGH,NORMAL,NORMAL,NORMAL,LOW,HIGH,LOW,NORMAL,FALSE,NORMAL,NORMAL,HIGH,NORMAL,ZERO,FALSE,LOW,ZERO,LOW,HIGH,FALSE,FALSE,HIGH,NORMAL,LOW,FALSE,HIGH,ZERO,LOW,FALSE,NORMAL
FALSE,TRUE,NORMAL,FALSE,NORMAL,FALSE,LOW,NORMAL,NORMAL,NORMAL,NORMAL,ZERO,NORMAL,NORMAL,ONESIDED,FALSE,NORMAL,NORMAL,HIGH,NORMAL,ZERO,FALSE,LOW,NORMAL,LOW,LOW,FALSE,FALSE,LOW,NORMAL,LOW,FALSE,NORMAL,NORMAL,NORMAL,FALSE,HIGH
TRUE,FALSE,HIGH,FALSE,HIGH,FALSE,HIGH,HIGH,LOW,NORMAL,HIGH,NORMAL,HIGH,LOW,NORMAL,FALSE,NORMAL,HIGH,HIGH,NORMAL,HIGH,FALSE,LOW,LOW,HIGH,HIGH,FALSE,FALSE,HIGH,NORMAL,LOW,FALSE,HIGH,ZERO,LOW,FALSE,NORMAL
FALSE,FALSE,NORMAL,FALSE,HIGH,FALSE,HIGH,LOW,NORMAL,HIGH,NORMAL,LOW,HIGH,HIGH,NORMAL,FALSE,HIGH,NORMAL,HIGH,HIGH,ZERO,FALSE,LOW,ZERO,LOW,HIGH,FALSE,TRUE,HIGH,HIGH,LOW,FALSE,HIGH,ZERO,NORMAL,FALSE,NORMAL
TRUE,FALSE,NORMAL,FALSE,LOW,FALSE,LOW,HIGH,NORMAL,HIGH,LOW,ZERO,NORMAL,NORMAL,NORMAL,FALSE,HIGH,NORMAL,HIGH,HIGH,LOW,FALSE,HIGH,HIGH,LOW,LOW,FALSE,FALSE,LOW,HIGH,HIGH,FALSE,NORMAL,HIGH,NORMAL,FALSE,NORMAL
FALSE,FALSE,NORMAL,FALSE,HIGH,FALSE,HIGH,HIGH,NORMAL,LOW,HIGH,HIGH,HIGH,HIGH,ONESIDED,FALSE,NORMAL,HIGH,NORMAL,NORMAL,HIGH,FALSE,LOW,HIGH,HIGH,HIGH,FALSE,FALSE,HIGH,NORMAL,LOW,FALSE,HIGH,LOW,NORMAL,FALSE,HIGH
FALSE,FALSE,NORMAL,FALSE,HIGH,FALSE,HIGH,LOW,NORMAL,HIGH,NORMAL,LOW,HIGH,HIGH,NORMAL,FALSE,NORMAL,NORMAL,HIGH,NORMAL,ZERO,FALSE,LOW,ZERO,LOW,HIGH,FALSE,FALSE,HIGH,NORMAL,LOW,FALSE,HIGH,ZERO,NORMAL,FALSE,NORMAL
FALSE,FALSE,NORMAL,FALSE,NORMAL,FALSE,HIGH,HIGH,NORMAL,LOW,NORMAL,LOW,HIGH,HIGH,ONESIDED,FALSE,NORMAL,NORMAL,LOW,NORMAL,ZERO,FALSE,LOW,NORMAL,LOW,HIGH,FALSE,FALSE,HIGH,NORMAL,LOW,FALSE,HIGH,NORMAL,NORMAL,FALSE,HIGH
FALSE,FALSE,NORMAL,FALSE,HIGH,FALSE,HIGH,HIGH,NORMAL,LOW,NORMAL,LOW,HIGH,LOW,NORMAL,FALSE,HIGH,NORMAL,LOW,NORMAL,ZERO,FALSE,LOW,HIGH,LOW,HIGH,FALSE,TRUE,HIGH,HIGH,LOW,FALSE,HIGH,ZERO,LOW,FALSE,HIGH
FALSE,FALSE,HIGH,FALSE,LOW,FALSE,HIGH,HIGH,NORMAL,HIGH,LOW,ZERO,HIGH,LOW,NORMAL,FALSE,NORMAL,LOW,LOW,NORMAL,LOW,FALSE,HIGH,HIGH,LOW,HIGH,FALSE,FALSE,HIGH,NORMAL,HIGH,FALSE,HIGH,HIGH,NORMAL,FALSE,NORMAL
FALSE,FALSE,NORMAL,FALSE,HIGH,FALSE,HIGH,HIGH,NORMAL,HIGH,NORMAL,LOW,HIGH,HIGH,ONESIDED,FALSE,NORMAL,NORMAL,NORMAL,NORMAL,LOW,FALSE,LOW,HIGH,NORMAL,HIGH,FALSE,FALSE,HIGH,NORMAL,LOW,FALSE,HIGH,LOW,HIGH,FALSE,HIGH
FALSE,FALSE,NORMAL,FALSE,NORMAL,FALSE,HIGH,HIGH,NORMAL,HIGH,NORMAL,LOW,HIGH,HIGH,NORMAL,FALSE,LOW,NORMAL,NORMAL,LOW,ZERO,FALSE,LOW,ZERO,LOW,HIGH,FALSE,FALSE,HIGH,LOW,LOW,FALSE,HIGH,NORMAL,NORMAL,TRUE,NORMAL
FALSE,FALSE,NORMAL,FALSE,HIGH,FALSE,HIGH,NORMAL,NORMAL,HIGH,NORMAL,LOW,HIGH,HIGH,NORMAL,FALSE,NORMAL,NORMAL,HIGH,NORMAL,ZERO,FALSE,LOW,ZERO,LOW,HIGH,FALSE,FALSE,HIGH,NORMAL,LOW,FALSE,HIGH,ZERO,NORMAL,FALSE,NORMAL
FALSE,FALSE,NORMAL,FALSE,HIGH,FALSE,HIGH,NORMAL,NORMAL,HIGH,NORMAL,LOW,HIGH,HIGH,NORMAL,FALSE,HIGH,NORMAL,NORMAL,HIGH,ZERO,FALSE,LOW,ZERO,LOW,HIGH,FALSE,TRUE,HIGH,HIGH,LOW,FALSE,HIGH,ZERO,NORMAL,FALSE,NORMAL
FALSE,FALSE,NORMAL,TRUE,HIGH,FALSE,HIGH,NORMAL,NORMAL,HIGH,NORMAL,LOW,HIGH,HIGH,NORMAL,FALSE,LOW,NORMAL,NORMAL,LOW,ZERO,FALSE,LOW,ZERO,LOW,HIGH,TRUE,FALSE,HIGH,LOW,LOW,FALSE,HIGH,ZERO,NORMAL,TRUE,NORMAL
FALSE,FALSE,NORMAL,FALSE,LOW,FALSE,NORMAL,LOW,NORMAL,LOW,HIGH,HIGH,NORMAL,LOW,NORMAL,FALSE,NORMAL,HIGH,HIGH,NORMAL,LOW,FALSE,HIGH,HIGH,LOW,LOW,FALSE,FALSE,HIGH,NORMAL,HIGH,FALSE,LOW,HIGH,NORMAL,FALSE,NORMAL
FALSE,FALSE,NORMAL,FALSE,HIGH,FALSE,NORMAL,NORMAL,NORMAL,NORMAL,NORMAL,NORMAL,HIGH,HIGH,NORMAL,FALSE,NORMAL,NORMAL,NORMAL,NORMAL,HIGH,FALSE,LOW,LOW,HIGH,HIGH,FALSE,FALSE,HIGH,NORMAL,LOW,FALSE,HIGH,LOW,NORMAL,FALSE,NORMAL
TRUE,FALSE,NORMAL,FALSE,LOW,TRUE,HIGH,HIGH,NORMAL,LOW,NORMAL,ZERO,HIGH,HIGH,NORMAL,FALSE,NORMAL,NORMAL,LOW,NORMAL,LOW,FALSE,HIGH,HIGH,LOW,NORMAL,FALSE,FALSE,NORMAL,NORMAL,HIGH,FALSE,HIGH,HIGH,NORMAL,FALSE,NORMAL
FALSE,FALSE,NORMAL,FALSE,HIGH,FALSE,LOW,HIGH,NORMAL,LOW,NORMAL,LOW,HIGH,LOW,NORMAL,FALSE,HIGH,NORMAL,LOW,HIGH,ZERO,FALSE,LOW,ZERO,LOW,LOW,FALSE,TRUE,LOW,HIGH,LOW,FALSE,NORMAL,ZERO,LOW,FALSE,NORMAL
FALSE,FALSE,NORMAL,FALSE,HIGH,FALSE,HIGH,LOW,NORMAL,HIGH,NORMAL,LOW,HIGH,HIGH,NORMAL,FALSE,HIGH,NORMAL,NORMAL,HIGH,ZERO,FALSE,LOW,ZERO,LOW,HIGH,FALSE,TRUE,NORMAL,HIGH,LOW,FALSE,HIGH,ZERO,NORMAL,FALSE,NORMAL
FALSE,FALSE,NORMAL,FALSE,HIGH,FALSE,HIGH,HIGH,NORMAL,LOW,NORMAL,LOW,HIGH,HIGH,NORMAL,FALSE,HIGH,NORMAL,LOW,NORMAL,ZERO,FALSE,LOW,ZERO,LOW,HIGH,FALSE,FALSE,HIGH,HIGH,LOW,FALSE,HIGH,ZERO,NORMAL,FALSE,NORMAL
FALSE,FALSE,NORMAL,FALSE,HIGH,FALSE,HIGH,HIGH,NORMAL,HIGH,NORMAL,LOW,HIGH,HIGH,NORMAL,FALSE,HIGH,NORMAL,HIGH,NORMAL,ZERO,FALSE,LOW,ZERO,LOW,HIGH,FALSE,TRUE,HIGH,HIGH,LOW,FALSE,HIGH,ZERO,NORMAL,FALSE,NORMAL
FALSE,FALSE,NORMAL,FALSE,HIGH,FALSE,HIGH,NORMAL,NORMAL,LOW,NORMAL,LOW,HIGH,HIGH,NORMAL,FALSE,NORMAL,NORMAL,LOW,NORMAL,ZERO,FALSE,LOW,ZERO,LOW,HIGH,FALSE,FALSE,HIGH,NORMAL,LOW,FALSE,HIGH,ZERO,NORMAL,FALSE,NORMAL
FALSE,TRUE,NORMAL,FALSE,HIGH,FALSE,NORMAL,HIGH,NORMAL,NORMAL,NORMAL,LOW,HIGH,LOW,NORMAL,FALSE,HIGH,NORMAL,HIGH,NORMAL,ZERO,FALSE,LOW,HIGH,LOW,HIGH,FALSE,TRUE,HIGH,HIGH,LOW,FALSE,HIGH,ZERO,LOW,FALSE,NORMAL
FALSE,FALSE,NORMAL,FALSE,HIGH,FALSE,HIGH,HIGH,NORMAL,LOW,NORMAL,LOW,HIGH,HIGH,ONESIDED,FALSE,NORMAL,NORMAL,LOW,NORMAL,LOW,FALSE,LOW,LOW,NORMAL,HIGH,FALSE,FALSE,HIGH,NORMAL,LOW,FALSE,HIGH,LOW,NORMAL,FALSE,HIGH
FALSE,FALSE,NORMAL,FALSE,HIGH,FALSE,HIGH,LOW,NORMAL,NORMAL,NORMAL,LOW,HIGH,HIGH,NORMAL,FALSE,NORMAL,NORMAL,LOW,NORMAL,ZERO,FALSE,LOW,ZERO,LOW,HIGH,FALSE,FALSE,HIGH,NORMAL,LOW,FALSE,HIGH,ZERO,NORMAL,FALSE,HIGH
FALSE,FALSE,NORMAL,FALSE,HIGH,FALSE,LOW,NORMAL,NORMAL,HIGH,NORMAL,LOW,NORMAL,NORMAL,NORMAL,FALSE,LOW,NORMAL,HIGH,NORMAL,ZERO,FALSE,LOW,ZERO,LOW,LOW,FALSE,FALSE,LOW,NORMAL,LOW,FALSE,NORMAL,ZERO,NORMAL,FALSE,NORMAL
FALSE,FALSE,NORMAL,FALSE,LOW,FALSE,HIGH,LOW,NORMAL,HIGH,HIGH,HIGH,HIGH,HIGH,NORMAL,FALSE,HIGH,HIGH,NORMAL,NORMAL,LOW,FALSE,HIGH,HIGH,LOW,HIGH,FALSE,TRUE,HIGH,HIGH,HIGH,FALSE,HIGH,HIGH,NORMAL,FALSE,NORMAL
FALSE,FALSE,NORMAL,FALSE,HIGH,FALSE,HIGH,LOW,NORMAL,HIGH,NORMAL,LOW,HIGH,HIGH,NORMAL,FALSE,NORMAL,NORMAL,NORMAL,NORMAL,ZERO,FALSE,LOW,ZERO,LOW,HIGH,FALSE,FALSE,HIGH,NORMAL,LOW,FALSE,HIGH,ZERO,NORMAL,FALSE,NORMAL
FALSE,FALSE,NORMAL,FALSE,HIGH,FALSE,HIGH,NORMAL,NORMAL,HIGH,NORMAL,LOW,HIGH,HIGH,NORMAL,FALSE,NORMAL,NORMAL,NORMAL,NORMAL,ZERO,FALSE,LOW,ZERO,LOW,HIGH,FALSE,FALSE,HIGH,NORMAL,LOW,FALSE,HIGH,ZERO,NORMAL,FALSE,HIGH
TRUE,FALSE,NORMAL,FALSE,LOW,FALSE,HIGH,HIGH,NORMAL,LOW,NORMAL,ZERO,HIGH,NORMAL,NORMAL,FALSE,HIGH,NORMAL,NORMAL,HIGH,LOW,FALSE,HIGH,HIGH,LOW,HIGH,FALSE,FALSE,HIGH,HIGH,HIGH,FALSE,HIGH,HIGH,LOW,FALSE,NORMAL
FALSE,FALSE,NORMAL,TRUE,HIGH,FALSE,LOW,LOW,NORMAL,HIGH,NORMAL,LOW,HIGH,HIGH,NORMAL,FALSE,LOW,NORMAL,NORMAL,LOW,ZERO,FALSE,LOW,ZERO,LOW,LOW,TRUE,FALSE,LOW,LOW,LOW,FALSE,NORMAL,ZERO,LOW,FALSE,NORMAL
TRUE,FALSE,NORMAL,FALSE,HIGH,FALSE,HIGH,HIGH,NORMAL,HIGH,NORMAL,ZERO,HIGH,HIGH,NORMAL,FALSE,NORMAL,NORMAL,HIGH,NORMAL,LOW,FALSE,HIGH,HIGH,NORMAL,HIGH,FALSE,FALSE,HIGH,NORMAL,HIGH,FALSE,HIGH,HIGH,NORMAL,FALSE,NORMAL
FALSE,FALSE,NORMAL,FALSE,HIGH,FALSE,HIGH,HIGH,NORMAL,LOW,NORMAL,LOW,HIGH,LOW,NORMAL,FALSE,HIGH,NORMAL,NORMAL,HIGH,ZERO,FALSE,LOW,ZERO,LOW,HIGH,FALSE,TRUE,HIGH,HIGH,LOW,FALSE,HIGH,ZERO,LOW,FALSE,NORMAL
FALSE,FALSE,NORMAL,FALSE,HIGH,FALSE,HIGH,NORMAL,NORMAL,LOW,NORMAL,LOW,HIGH,HIGH,NORMAL,FALSE,NORMAL,NORMAL,LOW,NORMAL,ZERO,FALSE,LOW,ZERO,LOW,HIGH,FALSE,FALSE,HIGH,NORMAL,LOW,FALSE,HIGH,ZERO,NORMAL,FALSE,NORMAL
FALSE,FALSE,HIGH,FALSE,HIGH,FALSE,HIGH,LOW,NORMAL,NORMAL,NORMAL,LOW,HIGH,HIGH,NORMAL,FALSE,NORMAL,NORMAL,LOW,NORMAL,ZERO,FALSE,LOW,ZERO,LOW,HIGH,FALSE,FALSE,HIGH,NORMAL,LOW,FALSE,HIGH,ZERO,NORMAL,FALSE,NORMAL
FALSE,FALSE,NORMAL,FALSE,HIGH,FALSE,HIGH,LOW,NORMAL,LOW,NORMAL,LOW,HIGH,LOW,NORMAL,FALSE,HIGH,NORMAL,NORMAL,HIGH,ZERO,FALSE,LOW,ZERO,LOW,HIGH,FALSE,TRUE,HIGH,HIGH,LOW,FALSE,HIGH,ZERO,LOW,TRUE,NORMAL
FALSE,TRUE,NORMAL,FALSE,HIGH,FALSE,HIGH,HIGH,NORMAL,NORMAL,NORMAL,LOW,HIGH,LOW,NORMAL,FALSE,NORMAL,NORMAL,HIGH,NORMAL,ZERO,FALSE,LOW,ZERO,LOW,HIGH,FALSE,FALSE,HIGH,NORMAL,LOW,FALSE,HIGH,ZERO,LOW,FALSE,NORMAL
FALSE,FALSE,NORMAL,FALSE,NORMAL,FALSE,HIGH,HIGH,NORMAL,NORMAL,NORMAL,LOW,HIGH,HIGH,ONESIDED,FALSE,NORMAL,NORMAL,NORMAL,NORMAL,ZERO,FALSE,LOW,NORMAL,LOW,HIGH,FALSE,FALSE,HIGH,NORMAL,LOW,FALSE,HIGH,NORMAL,NORMAL,FALSE,HIGH
FALSE,FALSE,NORMAL,FALSE,HIGH,FALSE,HIGH,HIGH,NORMAL,LOW,NORMAL,LOW,HIGH,LOW,NORMAL,FALSE,HIGH,NORMAL,LOW,HIGH,ZERO,FALSE,LOW,ZERO,LOW,HIGH,FALSE,TRUE,HIGH,HIGH,LOW,FALSE,HIGH,ZERO,LOW,FALSE,NORMAL
FALSE,FALSE,NORMAL,FALSE,HIGH,FALSE,HIGH,HIGH,NORMAL,LOW,NORMAL,LOW,HIGH,HIGH,ONESIDED,FALSE,NORMAL,NORMAL,LOW,LOW,LOW,FALSE,LOW,LOW,NORMAL,HIGH,FALSE,FALSE,HIGH,NORMAL,LOW,FALSE,HIGH,LOW,NORMAL,FALSE,HIGH
FALSE,FALSE,NORMAL,FALSE,HIGH,FALSE,HIGH,HIGH,NORMAL,NORMAL,NORMAL,LOW,NORMAL,NORMAL,NORMAL,TRUE,NORMAL,NORMAL,HIGH,NORMAL,ZERO,FALSE,LOW,ZERO,LOW,LOW,FALSE,FALSE,LOW,NORMAL,LOW,FALSE,NORMAL,ZERO,NORMAL,FALSE,NORMAL
FALSE,FALSE,NORMAL,FALSE,HIGH,TRUE,HIGH,HIGH,NORMAL,LOW,NORMAL,LOW,HIGH,HIGH,ESOPHAGEAL,FALSE,NORMAL,NORMAL,LOW,NORMAL,ZERO,FALSE,LOW,LOW,LOW,NORMAL,FALSE,FALSE,NORMAL,NORMAL,LOW,FALSE,HIGH,LOW,NORMAL,FALSE,NORMAL
FALSE,FALSE,NORMAL,FALSE,HIGH,FALSE,LOW,NORMAL,NORMAL,HIGH,NORMAL,LOW,NORMAL,NORMAL,NORMAL,FALSE,NORMAL,NORMAL,HIGH,NORMAL,ZERO,FALSE,LOW,ZERO,LOW,LOW,FALSE,FALSE,LOW,NORMAL,LOW,FALSE,NORMAL,ZERO,NORMAL,FALSE,NORMAL
FALSE,TRUE,NORMAL,FALSE,HIGH,FALSE,HIGH,LOW,NORMAL,LOW,NORMAL,LOW,HIGH,HIGH,NORMAL,FALSE,NORMAL,NORMAL,LOW,NORMAL,ZERO,FALSE,LOW,ZERO,LOW,HIGH,FALSE,FALSE,HIGH,NORMAL,LOW,FALSE,HIGH,ZERO,NORMAL,FALSE,NORMAL
FALSE,FALSE,HIGH,FALSE,HIGH,FALSE,HIGH,NORMAL,NORMAL,NORMAL,NORMAL,LOW,HIGH,HIGH,NORMAL,FALSE,NORMAL,NORMAL,NORMAL,NORMAL,ZERO,FALSE,LOW,ZERO,LOW,HIGH,FALSE,FALSE,HIGH,NORMAL,LOW,FALSE,HIGH,ZERO,HIGH,FALSE,NORMAL
FALSE,FALSE,NORMAL,FALSE,HIGH,TRUE,NORMAL,LOW,NORMAL,NORMAL,NORMAL,LOW,HIGH,LOW,NORMAL,FALSE,HIGH,NORMAL,HIGH,HIGH,ZERO,FALSE,LOW,ZERO,LOW,NORMAL,FALSE,TRUE,HIGH,HIGH,LOW,FALSE,LOW,ZERO,LOW,FALSE,NORMAL
FALSE,FALSE,NORMAL,FALSE,HIGH,FALSE,HIGH,LOW,NORMAL,NORMAL,NORMAL,LOW,HIGH,HIGH,NORMAL,FALSE,HIGH,NORMAL,NORMAL,NORMAL,ZERO,FALSE,LOW,ZERO,LOW,HIGH,FALSE,FALSE,HIGH,NORMAL,LOW,FALSE,HIGH,ZERO,NORMAL,FALSE,NORMAL
FALSE,FALSE,NORMAL,FALSE,HIGH,FALSE,HIGH,LOW,NORMAL,LOW,NORMAL,LOW,HIGH,NORMAL,NORMAL,FALSE,HIGH,NORMAL,HIGH,HIGH,ZERO,FALSE,LOW,ZERO,LOW,HIGH,FALSE,TRUE,HIGH,HIGH,LOW,FALSE,HIGH,ZERO,NORMAL,TRUE,NORMAL
FALSE,FALSE,NORMAL,FALSE,HIGH,FALSE,HIGH,HIGH,NORMAL,HIGH,NORMAL,LOW,HIGH,HIGH,NORMAL,FALSE,NORMAL,NORMAL,NORMAL,NORMAL,ZERO,FALSE,LOW,ZERO,LOW,HIGH,FALSE,FALSE,HIGH,NORMAL,HIGH,FALSE,HIGH,ZERO,NORMAL,FALSE,NORMAL
FALSE,FALSE,NORMAL,FALSE,HIGH,FALSE,HIGH,NORMAL,NORMAL,HIGH,NORMAL,LOW,HIGH,HIGH,NORMAL,FALSE,NORMAL,NORMAL,NORMAL,NORMAL,ZERO,FALSE,LOW,ZERO,LOW,HIGH,FALSE,FALSE,HIGH,NORMAL,HIGH,FALSE,HIGH,ZERO,NORMAL,FALSE,NORMAL
FALSE,FALSE,NORMAL,FALSE,HIGH,FALSE,HIGH,ZERO,NORMAL,NORMAL,NORMAL,LOW,HIGH,HIGH,NORMAL,FALSE,LOW,NORMAL,HIGH,NORMAL,ZERO,FALSE,LOW,ZERO,LOW,HIGH,FALSE,FALSE,HIGH,NORMAL,LOW,FALSE,HIGH,ZERO,NORMAL,TRUE,NORMAL
FALSE,FALSE,NORMAL,FALSE,HIGH,FALSE,HIGH,NORMAL,NORMAL,LOW,NORMAL,LOW,HIGH,HIGH,NORMAL,FALSE,NORMAL,NORMAL,LOW,NORMAL,ZERO,FALSE,LOW,ZERO,LOW,HIGH,FALSE,FALSE,HIGH,NORMAL,LOW,FALSE,HIGH,ZERO,NORMAL,FALSE,NORMAL
FALSE,FALSE,NORMAL,FALSE,HIGH,FALSE,NORMAL,LOW,NORMAL,LOW,NORMAL,LOW,HIGH,HIGH,NORMAL,TRUE,NORMAL,NORMAL,LOW,NORMAL,ZERO,FALSE,LOW,ZERO,LOW,HIGH,FALSE,FALSE,HIGH,NORMAL,LOW,FALSE,HIGH,ZERO,NORMAL,FALSE,NORMAL
FALSE,FALSE,NORMAL,FALSE,HIGH,TRUE,NORMAL,HIGH,NORMAL,LOW,NORMAL,LOW,HIGH,LOW,NORMAL,FALSE,NORMAL,NORMAL,NORMAL,NORMAL,ZERO,FALSE,LOW,ZERO,LOW,NORMAL,FALSE,FALSE,LOW,NORMAL,LOW,FALSE,LOW,ZERO,NORMAL,FALSE,NORMAL
FALSE,FALSE,NORMAL,FALSE,HIGH,TRUE,NORMAL,NORMAL,NORMAL,LOW,NORMAL,LOW,HIGH,HIGH,NORMAL,TRUE,NORMAL,NORMAL,LOW,NORMAL,ZERO,FALSE,LOW,ZERO,LOW,NORMAL,FALSE,FALSE,NORMAL,NORMAL,LOW,FALSE,HIGH,ZERO,NORMAL,FALSE,NORMAL
FALSE,FALSE,NORMAL,FALSE,NORMAL,FALSE,HIGH,HIGH,NORMAL,HIGH,NORMAL,NORMAL,HIGH,HIGH,NORMAL,FALSE,LOW,NORMAL,NORMAL,LOW,HIGH,FALSE,LOW,LOW,HIGH,HIGH,FALSE,FALSE,HIGH,LOW,LOW,FALSE,HIGH,LOW,NORMAL,FALSE,NORMAL
FALSE,FALSE,NORMAL,FALSE,HIGH,FALSE,HIGH,HIGH,NORMAL,HIGH,NORMAL,LOW,HIGH,HIGH,ESOPHAGEAL,FALSE,HIGH,NORMAL,HIGH,HIGH,ZERO,FALSE,LOW,LOW,LOW,HIGH,FALSE,TRUE,HIGH,HIGH,LOW,FALSE,HIGH,LOW,HIGH,FALSE,NORMAL
FALSE,FALSE,NORMAL,FALSE,HIGH,TRUE,HIGH,HIGH,NORMAL,NORMAL,NORMAL,LOW,HIGH,NORMAL,NORMAL,FALSE,NORMAL,NORMAL,HIGH,LOW,ZERO,FALSE,LOW,ZERO,LOW,NORMAL,FALSE,FALSE,NORMAL,NORMAL,LOW,FALSE,HIGH,ZERO,NORMAL,FALSE,NORMAL
FALSE,FALSE,NORMAL,FALSE,NORMAL,FALSE,LOW,HIGH,NORMAL,LOW,NORMAL,LOW,HIGH,NORMAL,NORMAL,FALSE,NORMAL,NORMAL,LOW,NORMAL,ZERO,FALSE,NORMAL,ZERO,LOW,LOW,FALSE,FALSE,LOW,NORMAL,NORMAL,FALSE,NORMAL,NORMAL,NORMAL,FALSE,NORMAL
FALSE,TRUE,NORMAL,TRUE,HIGH,FALSE,HIGH,LOW,NORMAL,HIGH,NORMAL,LOW,HIGH,LOW,NORMAL,FALSE,LOW,NORMAL,NORMAL,LOW,ZERO,FALSE,LOW,ZERO,ZERO,HIGH,TRUE,FALSE,HIGH,LOW,LOW,FALSE,HIGH,ZERO,LOW,FALSE,NORMAL
FALSE,FALSE,NORMAL,FALSE,LOW,FALSE,LOW,HIGH,NORMAL,LOW,LOW,ZERO,HIGH,NORMAL,NORMAL,FALSE,NORMAL,NORMAL,LOW,NORMAL,LOW,FALSE,HIGH,HIGH,LOW,LOW,FALSE,FALSE,LOW,NORMAL,HIGH,FALSE,NORMAL,HIGH,NORMAL,FALSE,NORMAL
FALSE,FALSE,NORMAL,FALSE,HIGH,FALSE,HIGH,HIGH,NORMAL,NORMAL,ZERO,ZERO,HIGH,HIGH,NORMAL,FALSE,NORMAL,NORMAL,HIGH,NORMAL,ZERO,FALSE,LOW,ZERO,LOW,HIGH,FALSE,FALSE,HIGH,NORMAL,LOW,FALSE,HIGH,ZERO,NORMAL,FALSE,NORMAL
FALSE,FALSE,NORMAL,FALSE,NORMAL,FALSE,LOW,HIGH,NORMAL,NORMAL,NORMAL,LOW,HIGH,HIGH,ONESIDED,FALSE,NORMAL,NORMAL,NORMAL,NORMAL,ZERO,FALSE,LOW,NORMAL,LOW,HIGH,FALSE,FALSE,HIGH,NORMAL,LOW,FALSE,HIGH,NORMAL,NORMAL,FALSE,HIGH
FALSE,FALSE,NORMAL,FALSE,HIGH,FALSE,HIGH,HIGH,NORMAL,HIGH,NORMAL,LOW,HIGH,HIGH,NORMAL,FALSE,NORMAL,NORMAL,HIGH,NORMAL,ZERO,FALSE,LOW,ZERO,LOW,HIGH,FALSE,FALSE,HIGH,NORMAL,LOW,FALSE,HIGH,ZERO,NORMAL,FALSE,NORMAL
FALSE,FALSE,NORMAL,FALSE,NORMAL,FALSE,LOW,HIGH,NORMAL,LOW,ZERO,ZERO,NORMAL,NORMAL,NORMAL,FALSE,NORMAL,NORMAL,LOW,NORMAL,LOW,FALSE,HIGH,NORMAL,ZERO,LOW,FALSE,FALSE,LOW,NORMAL,HIGH,FALSE,NORMAL,HIGH,NORMAL,FALSE,NORMAL
TRUE,FALSE,NORMAL,TRUE,LOW,FALSE,LOW,HIGH,NORMAL,NORMAL,NORMAL,ZERO,NORMAL,LOW,NORMAL,FALSE,LOW,NORMAL,HIGH,LOW,LOW,FALSE,HIGH,HIGH,LOW,LOW,TRUE,FALSE,LOW,LOW,HIGH,FALSE,NORMAL,HIGH,LOW,FALSE,NORMAL
FALSE,FALSE,HIGH,FALSE,LOW,FALSE,LOW,HIGH,NORMAL,NORMAL,ZERO,ZERO,NORMAL,NORMAL,NORMAL,FALSE,HIGH,NORMAL,HIGH,HIGH,LOW,FALSE,HIGH,HIGH,LOW,LOW,FALSE,TRUE,LOW,HIGH,HIGH,FALSE,NORMAL,HIGH,NORMAL,FALSE,NORMAL
FALSE,FALSE,NORMAL,FALSE,HIGH,FALSE,HIGH,HIGH,NORMAL,HIGH,NORMAL,LOW,HIGH,HIGH,ESOPHAGEAL,FALSE,NORMAL,NORMAL,HIGH,NORMAL,LOW,FALSE,LOW,ZERO,NORMAL,HIGH,FALSE,FALSE,HIGH,NORMAL,LOW,FALSE,HIGH,ZERO,NORMAL,FALSE,NORMAL
FALSE,FALSE,NORMAL,FALSE,HIGH,FALSE,HIGH,NORMAL,NORMAL,LOW,NORMAL,LOW,HIGH,HIGH,NORMAL,FALSE,NORMAL,NORMAL,LOW,NORMAL,ZERO,FALSE,LOW,HIGH,LOW,HIGH,FALSE,FALSE,HIGH,NORMAL,LOW,FALSE,HIGH,ZERO,HIGH,FALSE,NORMAL
FALSE,FALSE,NORMAL,FALSE,HIGH,FALSE,HIGH,NORMAL,NORMAL,HIGH,NORMAL,LOW,HIGH,HIGH,NORMAL,FALSE,LOW,NORMAL,NORMAL,NORMAL,ZERO,FALSE,LOW,ZERO,LOW,HIGH,FALSE,FALSE,HIGH,LOW,LOW,FALSE,HIGH,ZERO,NORMAL,FALSE,NORMAL
TRUE,FALSE,NORMAL,FALSE,HIGH,FALSE,HIGH,ZERO,NORMAL,HIGH,NORMAL,ZERO,HIGH,HIGH,ESOPHAGEAL,FALSE,NORMAL,NORMAL,HIGH,NORMAL,ZERO,FALSE,LOW,LOW,LOW,HIGH,FALSE,FALSE,HIGH,NORMAL,LOW,FALSE,HIGH,LOW,NORMAL,FALSE,NORMAL
FALSE,FALSE,NORMAL,FALSE,HIGH,FALSE,HIGH,HIGH,NORMAL,HIGH,NORMAL,LOW,HIGH,HIGH,ESOPHAGEAL,FALSE,NORMAL,NORMAL,HIGH,NORMAL,ZERO,FALSE,LOW,LOW,LOW,HIGH,FALSE,FALSE,HIGH,NORMAL,LOW,FALSE,HIGH,LOW,NORMAL,FALSE,HIGH
FALSE,FALSE,NORMAL,FALSE,HIGH,FALSE,HIGH,HIGH,NORMAL,LOW,LOW,ZERO,HIGH,LOW,NORMAL,FALSE,NORMAL,LOW,LOW,NORMAL,ZERO,FALSE,LOW,ZERO,LOW,HIGH,FALSE,FALSE,HIGH,NORMAL,LOW,FALSE,HIGH,ZERO,NORMAL,FALSE,NORMAL
FALSE,FALSE,NORMAL,FALSE,HIGH,TRUE,HIGH,NORMAL,NORMAL,HIGH,NORMAL,LOW,HIGH,HIGH,NORMAL,FALSE,NORMAL,NORMAL,NORMAL,NORMAL,ZERO,FALSE,LOW,ZERO,LOW,NORMAL,FALSE,FALSE,NORMAL,NORMAL,LOW,FALSE,HIGH,ZERO,NORMAL,FALSE,NORMAL
FALSE,FALSE,NORMAL,FALSE,HIGH,FALSE,LOW,NORMAL,NORMAL,LOW,NORMAL,LOW,HIGH,LOW,NORMAL,TRUE,HIGH,NORMAL,NORMAL,HIGH,ZERO,FALSE,LOW,ZERO,LOW,LOW,FALSE,TRUE,LOW,HIGH,LOW,FALSE,NORMAL,ZERO,LOW,FALSE,NORMAL
FALSE,FALSE,NORMAL,FALSE,HIGH,FALSE,HIGH,HIGH,NORMAL,LOW,NORMAL,LOW,HIGH,HIGH,NORMAL,FALSE,LOW,NORMAL,LOW,LOW,ZERO,FALSE,LOW,ZERO,LOW,HIGH,FALSE,FALSE,HIGH,LOW,LOW,FALSE,HIGH,ZERO,NORMAL,FALSE,NORMAL
FALSE,FALSE,NORMAL,FALSE,HIGH,FALSE,HIGH,LOW,NORMAL,NORMAL,NORMAL,LOW,HIGH,HIGH,NORMAL,FALSE,LOW,NORMAL,NORMAL,LOW,ZERO,FALSE,LOW,ZERO,LOW,HIGH,FALSE,FALSE,HIGH,LOW,LOW,FALSE,HIGH,ZERO,NORMAL,FALSE,NORMAL
FALSE,FALSE,NORMAL,TRUE,HIGH,FALSE,HIGH,HIGH,NORMAL,LOW,NORMAL,LOW,HIGH,LOW,NORMAL,FALSE,LOW,NORMAL,LOW,LOW,ZERO,FALSE,LOW,ZERO,ZERO,HIGH,TRUE,FALSE,HIGH,LOW,LOW,FALSE,HIGH,ZERO,LOW,FALSE,NORMAL
FALSE,FALSE,NORMAL,FALSE,HIGH,FALSE,HIGH,HIGH,NORMAL,LOW,NORMAL,LOW,HIGH,HIGH,ONESIDED,FALSE,NORMAL,NORMAL,LOW,NORMAL,LOW,FALSE,LOW,ZERO,NORMAL,HIGH,FALSE,FALSE,HIGH,NORMAL,LOW,FALSE,HIGH,LOW,NORMAL,FALSE,HIGH
FALSE,TRUE,NORMAL,FALSE,HIGH,FALSE,HIGH,NORMAL,NORMAL,NORMAL,NORMAL,LOW,HIGH,HIGH,NORMAL,FALSE,NORMAL,NORMAL,HIGH,NORMAL,ZERO,FALSE,LOW,ZERO,LOW,HIGH,FALSE,FALSE,HIGH,NORMAL,LOW,FALSE,HIGH,ZERO,NORMAL,FALSE,NORMAL
FALSE,FALSE,NORMAL,FALSE,LOW,FALSE,LOW,HIGH,NORMAL,HIGH,NORMAL,LOW,NORMAL,NORMAL,NORMAL,FALSE,NORMAL,NORMAL,HIGH,NORMAL,LOW,FALSE,HIGH,HIGH,LOW,LOW,FALSE,FALSE,LOW,NORMAL,HIGH,FALSE,NORMAL,HIGH,NORMAL,FALSE,NORMAL
FALSE,TRUE,NORMAL,FALSE,HIGH,FALSE,HIGH,NORMAL,NORMAL,LOW,NORMAL,LOW,HIGH,LOW,NORMAL,FALSE,HIGH,NORMAL,LOW,NORMAL,ZERO,FALSE,LOW,ZERO,LOW,HIGH,FALSE,FALSE,HIGH,NORMAL,LOW,FALSE,HIGH,ZERO,NORMAL,FALSE,NORMAL
FALSE,FALSE,NORMAL,FALSE,HIGH,FALSE,HIGH,NORMAL,NORMAL,NORMAL,NORMAL,LOW,HIGH,HIGH,NORMAL,FALSE,NORMAL,NORMAL,NORMAL,NORMAL,ZERO,FALSE,LOW,ZERO,LOW,HIGH,FALSE,FALSE,HIGH,NORMAL,LOW,FALSE,HIGH,ZERO,NORMAL,FALSE,NORMAL
FALSE,FALSE,LOW,FALSE,HIGH,FALSE,HIGH,NORMAL,NORMAL,HIGH,NORMAL,LOW,HIGH,HIGH,NORMAL,FALSE,HIGH,NORMAL,NORMAL,HIGH,ZERO,FALSE,LOW,ZERO,LOW,HIGH,FALSE,TRUE,HIGH,HIGH,LOW,FALSE,HIGH,ZERO,NORMAL,FALSE,NORMAL
FALSE,FALSE,NORMAL,FALSE,HIGH,FALSE,HIGH,LOW,NORMAL,LOW,NORMAL,LOW,HIGH,HIGH,NORMAL,FALSE,NORMAL,NORMAL,LOW,NORMAL,ZERO,FALSE,LOW,ZERO,LOW,HIGH,FALSE,FALSE,HIGH,NORMAL,LOW,FALSE,HIGH,ZERO,NORMAL,FALSE,HIGH
FALSE,FALSE,NORMAL,FALSE,LOW,FALSE,HIGH,HIGH,NORMAL,NORMAL,NORMAL,ZERO,HIGH,HIGH,NORMAL,FALSE,NORMAL,NORMAL,NORMAL,NORMAL,LOW,FALSE,HIGH,HIGH,LOW,HIGH,FALSE,FALSE,HIGH,NORMAL,HIGH,FALSE,HIGH,HIGH,NORMAL,FALSE,NORMAL
TRUE,FALSE,NORMAL,FALSE,LOW,FALSE,HIGH,HIGH,NORMAL,NORMAL,NORMAL,ZERO,HIGH,HIGH,NORMAL,FALSE,NORMAL,NORMAL,NORMAL,NORMAL,LOW,FALSE,LOW,HIGH,NORMAL,HIGH,FALSE,FALSE,HIGH,NORMAL,LOW,FALSE,HIGH,HIGH,HIGH,FALSE,NORMAL
FALSE,FALSE,NORMAL,FALSE,HIGH,FALSE,HIGH,HIGH,NORMAL,HIGH,NORMAL,LOW,HIGH,HIGH,NORMAL,FALSE,NORMAL,NORMAL,NORMAL,NORMAL,ZERO,FALSE,LOW,ZERO,LOW,HIGH,FALSE,FALSE,HIGH,NORMAL,LOW,FALSE,HIGH,ZERO,NORMAL,FALSE,NORMAL
FALSE,FALSE,NORMAL,FALSE,HIGH,FALSE,HIGH,HIGH,NORMAL,HIGH,NORMAL,LOW,HIGH,HIGH,NORMAL,FALSE,HIGH,NORMAL,NORMAL,HIGH,ZERO,FALSE,LOW,ZERO,LOW,HIGH,FALSE,TRUE,HIGH,HIGH,LOW,FALSE,HIGH,ZERO,NORMAL,FALSE,NORMAL
FALSE,FALSE,NORMAL,FALSE,LOW,FALSE,HIGH,LOW,NORMAL,LOW,NORMAL,LOW,HIGH,NORMAL,NORMAL,FALSE,NORMAL,NORMAL,LOW,NORMAL,ZERO,FALSE,LOW,ZERO,ZERO,LOW,FALSE,FALSE,LOW,NORMAL,LOW,FALSE,NORMAL,ZERO,NORMAL,FALSE,NORMAL
FALSE,FALSE,NORMAL,FALSE,LOW,FALSE,HIGH,LOW,NORMAL,HIGH,HIGH,HIGH,HIGH,HIGH,NORMAL,FALSE,HIGH,HIGH,NORMAL,HIGH,LOW,FALSE,HIGH,HIGH,LOW,HIGH,FALSE,TRUE,HIGH,HIGH,HIGH,FALSE,HIGH,HIGH,HIGH,FALSE,NORMAL
FALSE,FALSE,HIGH,FALSE,HIGH,FALSE,HIGH,HIGH,NORMAL,LOW,NORMAL,LOW,HIGH,LOW,ESOPHAGEAL,FALSE,NORMAL,NORMAL,NORMAL,NORMAL,ZERO,FALSE,LOW,LOW,LOW,HIGH,FALSE,TRUE,HIGH,NORMAL,LOW,TRUE,HIGH,LOW,LOW,FALSE,HIGH
FALSE,FALSE,NORMAL,FALSE,HIGH,FALSE,HIGH,HIGH,NORMAL,NORMAL,NORMAL,ZERO,HIGH,HIGH,NORMAL,FALSE,NORMAL,NORMAL,LOW,NORMAL,ZERO,FALSE,LOW,ZERO,LOW,HIGH,FALSE,FALSE,HIGH,NORMAL,LOW,FALSE,HIGH,LOW,NORMAL,FALSE,NORMAL
FALSE,FALSE,NORMAL,FALSE,HIGH,FALSE,LOW,LOW,NORMAL,NORMAL,NORMAL,LOW,HIGH,NORMAL,NORMAL,FALSE,NORMAL,NORMAL,NORMAL,NORMAL,ZERO,FALSE,LOW,ZERO,LOW,LOW,FALSE,FALSE,LOW,NORMAL,LOW,FALSE,NORMAL,ZERO,NORMAL,FALSE,NORMAL
FALSE,FALSE,NORMAL,FALSE,HIGH,FALSE,HIGH,HIGH,NORMAL,HIGH,NORMAL,LOW,HIGH,HIGH,NORMAL,FALSE,NORMAL,NORMAL,HIGH,LOW,ZERO,FALSE,LOW,ZERO,LOW,HIGH,FALSE,FALSE,HIGH,NORMAL,LOW,FALSE,HIGH,ZERO,NORMAL,FALSE,NORMAL
FALSE,FALSE,NORMAL,FALSE,LOW,FALSE,LOW,LOW,NORMAL,LOW,HIGH,HIGH,NORMAL,LOW,NORMAL,FALSE,NORMAL,HIGH,HIGH,NORMAL,LOW,FALSE,LOW,HIGH,LOW,LOW,FALSE,FALSE,LOW,NORMAL,LOW,FALSE,NORMAL,HIGH,LOW,FALSE,NORMAL
FALSE,FALSE,NORMAL,FALSE,HIGH,FALSE,HIGH,HIGH,NORMAL,LOW,NORMAL,LOW,HIGH,HIGH,NORMAL,FALSE,NORMAL,NORMAL,NORMAL,NORMAL,ZERO,FALSE,LOW,ZERO,LOW,HIGH,FALSE,FALSE,HIGH,NORMAL,LOW,FALSE,HIGH,ZERO,HIGH,TRUE,NORMAL
FALSE,FALSE,NORMAL,FALSE,HIGH,FALSE,LOW,NORMAL,NORMAL,NORMAL,NORMAL,LOW,HIGH,NORMAL,NORMAL,FALSE,NORMAL,NORMAL,NORMAL,NORMAL,ZERO,FALSE,LOW,ZERO,LOW,LOW,FALSE,FALSE,LOW,NORMAL,LOW,FALSE,NORMAL,ZERO,NORMAL,FALSE,NORMAL
FALSE,FALSE,NORMAL,FALSE,HIGH,FALSE,HIGH,HIGH,NORMAL,HIGH,NORMAL,LOW,HIGH,HIGH,NORMAL,FALSE,NORMAL,NORMAL,HIGH,NORMAL,ZERO,FALSE,LOW,ZERO,LOW,HIGH,FALSE,FALSE,HIGH,NORMAL,LOW,FALSE,HIGH,ZERO,NORMAL,FALSE,NORMAL
FALSE,FALSE,NORMAL,FALSE,HIGH,FALSE,HIGH,NORMAL,NORMAL,HIGH,NORMAL,LOW,HIGH,HIGH,NORMAL,FALSE,NORMAL,NORMAL,NORMAL,NORMAL,ZERO,FALSE,LOW,ZERO,LOW,HIGH,FALSE,FALSE,HIGH,NORMAL,LOW,FALSE,HIGH,ZERO,NORMAL,FALSE,HIGH
FALSE,FALSE,NORMAL,FALSE,HIGH,FALSE,HIGH,LOW,NORMAL,LOW,NORMAL,LOW,HIGH,HIGH,NORMAL,FALSE,NORMAL,NORMAL,LOW,NORMAL,ZERO,FALSE,LOW,ZERO,LOW,HIGH,FALSE,FALSE,HIGH,NORMAL,LOW,FALSE,HIGH,ZERO,NORMAL,FALSE,NORMAL
FALSE,FALSE,NORMAL,FALSE,HIGH,FALSE,HIGH,NORMAL,NORMAL,NORMAL,NORMAL,LOW,HIGH,NORMAL,NORMAL,FALSE,HIGH,NORMAL,HIGH,HIGH,ZERO,FALSE,LOW,ZERO,LOW,HIGH,FALSE,TRUE,HIGH,HIGH,LOW,FALSE,HIGH,ZERO,LOW,FALSE,NORMAL
FALSE,TRUE,HIGH,FALSE,HIGH,FALSE,LOW,LOW,NORMAL,NORMAL,NORMAL,LOW,HIGH,HIGH,NORMAL,TRUE,NORMAL,NORMAL,NORMAL,NORMAL,ZERO,FALSE,LOW,ZERO,LOW,HIGH,FALSE,FALSE,HIGH,NORMAL,LOW,FALSE,HIGH,ZERO,NORMAL,FALSE,NORMAL
FALSE,FALSE,NORMAL,FALSE,HIGH,FALSE,HIGH,HIGH,NORMAL,HIGH,NORMAL,LOW,HIGH,HIGH,NORMAL,FALSE,NORMAL,NORMAL,NORMAL,NORMAL,ZERO,FALSE,LOW,ZERO,HIGH,HIGH,FALSE,FALSE,HIGH,NORMAL,LOW,FALSE,HIGH,ZERO,NORMAL,FALSE,NORMAL
FALSE,TRUE,HIGH,TRUE,HIGH,FALSE,HIGH,NORMAL,NORMAL,LOW,NORMAL,LOW,HIGH,LOW,NORMAL,FALSE,LOW,NORMAL,NORMAL,LOW,ZERO,FALSE,LOW,ZERO,LOW,HIGH,TRUE,TRUE,HIGH,LOW,LOW,FALSE,HIGH,ZERO,LOW,FALSE,NORMAL
FALSE,TRUE,NORMAL,FALSE,HIGH,FALSE,HIGH,HIGH,NORMAL,HIGH,NORMAL,LOW,HIGH,HIGH,NORMAL,FALSE,HIGH,NORMAL,NORMAL,HIGH,ZERO,FALSE,LOW,ZERO,LOW,HIGH,FALSE,TRUE,HIGH,HIGH,LOW,FALSE,HIGH,ZERO,NORMAL,FALSE,NORMAL
FALSE,FALSE,NORMAL,FALSE,HIGH,FALSE,HIGH,HIGH,NORMAL,LOW,NORMAL,LOW,HIGH,HIGH,NORMAL,FALSE,HIGH,NORMAL,LOW,HIGH,ZERO,FALSE,LOW,ZERO,LOW,HIGH,FALSE,FALSE,HIGH,HIGH,LOW,FALSE,HIGH,ZERO,NORMAL,FALSE,NORMAL
FALSE,FALSE,NORMAL,FALSE,HIGH,FALSE,HIGH,HIGH,NORMAL,HIGH,LOW,ZERO,HIGH,HIGH,NORMAL,FALSE,NORMAL,LOW,NORMAL,NORMAL,ZERO,FALSE,LOW,ZERO,LOW,HIGH,FALSE,FALSE,HIGH,NORMAL,LOW,FALSE,HIGH,ZERO,NORMAL,FALSE,NORMAL
FALSE,FALSE,NORMAL,FALSE,HIGH,FALSE,HIGH,NORMAL,NORMAL,NORMAL,NORMAL,LOW,HIGH,LOW,NORMAL,FALSE,HIGH,NORMAL,HIGH,HIGH,ZERO,FALSE,LOW,ZERO,LOW,HIGH,FALSE,TRUE,HIGH,HIGH,LOW,FALSE,HIGH,ZERO,LOW,FALSE,NORMAL
FALSE,FALSE,LOW,FALSE,HIGH,FALSE,HIGH,LOW,NORMAL,LOW,NORMAL,LOW,HIGH,HIGH,NORMAL,FALSE,NORMAL,NORMAL,LOW,NORMAL,ZERO,FALSE,LOW,LOW,LOW,HIGH,FALSE,FALSE,HIGH,NORMAL,LOW,FALSE,HIGH,ZERO,NORMAL,FALSE,NORMAL
TRUE,FALSE,NORMAL,FALSE,HIGH,FALSE,HIGH,HIGH,LOW,LOW,NORMAL,ZERO,HIGH,LOW,NORMAL,FALSE,NORMAL,NORMAL,LOW,NORMAL,ZERO,FALSE,LOW,ZERO,LOW,HIGH,FALSE,FALSE,HIGH,NORMAL,LOW,FALSE,HIGH,ZERO,LOW,FALSE,NORMAL
FALSE,FALSE,NORMAL,FALSE,HIGH,FALSE,HIGH,HIGH,LOW,NORMAL,NORMAL,LOW,HIGH,HIGH,NORMAL,FALSE,NORMAL,NORMAL,LOW,NORMAL,ZERO,FALSE,LOW,ZERO,LOW,HIGH,FALSE,FALSE,HIGH,NORMAL,LOW,FALSE,HIGH,ZERO,NORMAL,FALSE,NORMAL
FALSE,FALSE,NORMAL,FALSE,HIGH,FALSE,HIGH,LOW,NORMAL,LOW,NORMAL,LOW,HIGH,LOW,NORMAL,FALSE,HIGH,NORMAL,NORMAL,HIGH,ZERO,FALSE,LOW,ZERO,LOW,HIGH,FALSE,TRUE,HIGH,HIGH,LOW,FALSE,HIGH,ZERO,LOW,FALSE,NORMAL
FALSE,FALSE,NORMAL,FALSE,HIGH,FALSE,HIGH,NORMAL,NORMAL,NORMAL,NORMAL,LOW,HIGH,HIGH,NORMAL,FALSE,NORMAL,NORMAL,HIGH,NORMAL,ZERO,FALSE,LOW,ZERO,LOW,HIGH,FALSE,FALSE,HIGH,NORMAL,LOW,FALSE,HIGH,ZERO,NORMAL,FALSE,NORMAL
FALSE,FALSE,NORMAL,FALSE,HIGH,FALSE,NORMAL,NORMAL,NORMAL,HIGH,NORMAL,LOW,HIGH,HIGH,NORMAL,TRUE,NORMAL,NORMAL,HIGH,NORMAL,HIGH,FALSE,LOW,LOW,HIGH,HIGH,FALSE,FALSE,HIGH,NORMAL,LOW,FALSE,HIGH,LOW,NORMAL,FALSE,NORMAL
FALSE,FALSE,NORMAL,FALSE,HIGH,FALSE,LOW,NORMAL,NORMAL,NORMAL,NORMAL,LOW,NORMAL,NORMAL,NORMAL,FALSE,NORMAL,NORMAL,HIGH,NORMAL,ZERO,FALSE,LOW,ZERO,LOW,LOW,FALSE,FALSE,LOW,NORMAL,LOW,FALSE,NORMAL,ZERO,NORMAL,FALSE,NORMAL
FALSE,FALSE,NORMAL,FALSE,HIGH,FALSE,HIGH,HIGH,NORMAL,LOW,NORMAL,LOW,HIGH,NORMAL,NORMAL,FALSE,NORMAL,NORMAL,LOW,NORMAL,ZERO,FALSE,LOW,ZERO,LOW,HIGH,FALSE,FALSE,HIGH,NORMAL,LOW,FALSE,HIGH,ZERO,LOW,FALSE,NORMAL
FALSE,FALSE,NORMAL,FALSE,LOW,FALSE,HIGH,HIGH,NORMAL,NORMAL,LOW,ZERO,HIGH,NORMAL,NORMAL,FALSE,NORMAL,LOW,NORMAL,NORMAL,LOW,FALSE,HIGH,HIGH,LOW,HIGH,FALSE,FALSE,HIGH,NORMAL,HIGH,FALSE,HIGH,HIGH,NORMAL,FALSE,NORMAL
FALSE,FALSE,NORMAL,FALSE,HIGH,FALSE,HIGH,HIGH,NORMAL,LOW,NORMAL,LOW,HIGH,HIGH,NORMAL,FALSE,NORMAL,NORMAL,LOW,NORMAL,ZERO,FALSE,LOW,NORMAL,LOW,HIGH,FALSE,FALSE,HIGH,NORMAL,NORMAL,FALSE,HIGH,ZERO,NORMAL,FALSE,NORMAL
FALSE,FALSE,NORMAL,FALSE,HIGH,FALSE,HIGH,LOW,NORMAL,HIGH,NORMAL,LOW,HIGH,HIGH,NORMAL,FALSE,NORMAL,NORMAL,NORMAL,NORMAL,ZERO,FALSE,LOW,ZERO,ZERO,HIGH,FALSE,FALSE,HIGH,NORMAL,LOW,FALSE,HIGH,ZERO,NORMAL,FALSE,NORMAL
FALSE,FALSE,NORMAL,FALSE,LOW,TRUE,NORMAL,HIGH,NORMAL,LOW,NORMAL,LOW,HIGH,HIGH,ONESIDED,FALSE,NORMAL,NORMAL,LOW,NORMAL,LOW,FALSE,HIGH,ZERO,LOW,NORMAL,FALSE,FALSE,NORMAL,NORMAL,NORMAL,FALSE,HIGH,HIGH,NORMAL,FALSE,HIGH
FALSE,FALSE,NORMAL,FALSE,HIGH,FALSE,HIGH,NORMAL,NORMAL,HIGH,NORMAL,LOW,HIGH,HIGH,NORMAL,FALSE,NORMAL,NORMAL,NORMAL,NORMAL,HIGH,FALSE,LOW,LOW,HIGH,HIGH,FALSE,FALSE,HIGH,NORMAL,LOW,FALSE,HIGH,LOW,NORMAL,FALSE,NORMAL
FALSE,FALSE,NORMAL,FALSE,LOW,FALSE,LOW,LOW,NORMAL,HIGH,HIGH,HIGH,NORMAL,NORMAL,NORMAL,FALSE,NORMAL,HIGH,HIGH,NORMAL,LOW,FALSE,HIGH,HIGH,LOW,LOW,FALSE,FALSE,LOW,NORMAL,HIGH,FALSE,NORMAL,HIGH,NORMAL,FALSE,NORMAL
FALSE,FALSE,NORMAL,FALSE,HIGH,FALSE,HIGH,HIGH,NORMAL,HIGH,NORMAL,LOW,HIGH,HIGH,NORMAL,FALSE,NORMAL,NORMAL,NORMAL,NORMAL,ZERO,FALSE,LOW,ZERO,LOW,HIGH,FALSE,FALSE,HIGH,NORMAL,LOW,FALSE,HIGH,ZERO,NORMAL,FALSE,NORMAL
FALSE,FALSE,NORMAL,FALSE,HIGH,FALSE,HIGH,HIGH,NORMAL,HIGH,NORMAL,LOW,HIGH,HIGH,NORMAL,FALSE,LOW,NORMAL,NORMAL,LOW,ZERO,FALSE,LOW,ZERO,LOW,HIGH,FALSE,FALSE,HIGH,LOW,LOW,FALSE,HIGH,ZERO,NORMAL,FALSE,NORMAL
FALSE,FALSE,NORMAL,FALSE,HIGH,FALSE,HIGH,LOW,NORMAL,HIGH,NORMAL,LOW,HIGH,HIGH,NORMAL,FALSE,LOW,NORMAL,NORMAL,LOW,ZERO,FALSE,LOW,ZERO,LOW,HIGH,FALSE,FALSE,HIGH,LOW,LOW,FALSE,HIGH,ZERO,NORMAL,FALSE,NORMAL
TRUE,FALSE,HIGH,FALSE,LOW,FALSE,NORMAL,NORMAL,NORMAL,LOW,NORMAL,ZERO,HIGH,LOW,NORMAL,TRUE,NORMAL,NORMAL,NORMAL,NORMAL,LOW,FALSE,HIGH,HIGH,LOW,HIGH,FALSE,FALSE,HIGH,NORMAL,LOW,TRUE,HIGH,HIGH,LOW,FALSE,HIGH
FALSE,FALSE,LOW,FALSE,LOW,FALSE,HIGH,LOW,NORMAL,HIGH,HIGH,HIGH,HIGH,HIGH,NORMAL,FALSE,NORMAL,HIGH,NORMAL,NORMAL,LOW,FALSE,HIGH,HIGH,LOW,HIGH,FALSE,FALSE,HIGH,NORMAL,LOW,FALSE,HIGH,HIGH,NORMAL,FALSE,NORMAL
FALSE,FALSE,HIGH,FALSE,HIGH,TRUE,HIGH,HIGH,NORMAL,NORMAL,NORMAL,LOW,HIGH,HIGH,NORMAL,FALSE,NORMAL,NORMAL,LOW,NORMAL,ZERO,FALSE,LOW,ZERO,LOW,NORMAL,FALSE,FALSE,NORMAL,NORMAL,LOW,FALSE,HIGH,ZERO,HIGH,FALSE,NORMAL
FALSE,FALSE,NORMAL,FALSE,HIGH,FALSE,HIGH,NORMAL,NORMAL,LOW,NORMAL,LOW,HIGH,HIGH,NORMAL,FALSE,NORMAL,NORMAL,LOW,NORMAL,ZERO,TRUE,LOW,ZERO,LOW,HIGH,FALSE,FALSE,HIGH,NORMAL,LOW,FALSE,HIGH,ZERO,NORMAL,FALSE,NORMAL
FALSE,FALSE,NORMAL,FALSE,HIGH,FALSE,HIGH,NORMAL,NORMAL,HIGH,NORMAL,LOW,HIGH,HIGH,NORMAL,FALSE,HIGH,NORMAL,HIGH,HIGH,ZERO,FALSE,LOW,ZERO,HIGH,HIGH,FALSE,TRUE,HIGH,HIGH,LOW,FALSE,HIGH,ZERO,NORMAL,FALSE,NORMAL
FALSE,FALSE,NORMAL,FALSE,HIGH,FALSE,HIGH,NORMAL,NORMAL,NORMAL,NORMAL,LOW,HIGH,HIGH,NORMAL,FALSE,NORMAL,NORMAL,NORMAL,NORMAL,ZERO,FALSE,LOW,ZERO,LOW,HIGH,FALSE,FALSE,HIGH,NORMAL,LOW,FALSE,HIGH,ZERO,NORMAL,FALSE,NORMAL
FALSE,FALSE,NORMAL,FALSE,HIGH,FALSE,HIGH,NORMAL,NORMAL,LOW,NORMAL,LOW,HIGH,HIGH,NORMAL,FALSE,HIGH,NORMAL,LOW,NORMAL,ZERO,FALSE,LOW,ZERO,LOW,HIGH,FALSE,FALSE,HIGH,HIGH,LOW,FALSE,HIGH,ZERO,NORMAL,FALSE,NORMAL
TRUE,FALSE,NORMAL,FALSE,LOW,FALSE,LOW,HIGH,NORMAL,NORMAL,LOW,ZERO,NORMAL,NORMAL,NORMAL,FALSE,HIGH,NORMAL,NORMAL,HIGH,LOW,FALSE,HIGH,HIGH,LOW,LOW,FALSE,TRUE,LOW,HIGH,HIGH,FALSE,NORMAL,HIGH,NORMAL,FALSE,NORMAL
FALSE,FALSE,NORMAL,FALSE,HIGH,FALSE,HIGH,NORMAL,NORMAL,HIGH,NORMAL,LOW,HIGH,HIGH,NORMAL,FALSE,NORMAL,NORMAL,NORMAL,NORMAL,ZERO,FALSE,LOW,ZERO,LOW,HIGH,FALSE,FALSE,LOW,NORMAL,LOW,FALSE,HIGH,ZERO,NORMAL,FALSE,HIGH
FALSE,FALSE,NORMAL,FALSE,HIGH,FALSE,HIGH,HIGH,NORMAL,LOW,NORMAL,LOW,HIGH,LOW,NORMAL,FALSE,NORMAL,NORMAL,NORMAL,NORMAL,ZERO,FALSE,LOW,ZERO,LOW,HIGH,FALSE,FALSE,HIGH,NORMAL,LOW,FALSE,HIGH,ZERO,LOW,FALSE,NORMAL
FALSE,TRUE,NORMAL,FALSE,HIGH,FALSE,HIGH,NORMAL,NORMAL,HIGH,NORMAL,LOW,HIGH,HIGH,NORMAL,FALSE,HIGH,NORMAL,HIGH,HIGH,ZERO,FALSE,LOW,ZERO,LOW,HIGH,FALSE,TRUE,HIGH,HIGH,LOW,FALSE,HIGH,ZERO,NORMAL,FALSE,NORMAL
FALSE,FALSE,HIGH,FALSE,HIGH,FALSE,HIGH,HIGH,NORMAL,HIGH,NORMAL,LOW,HIGH,HIGH,ESOPHAGEAL,FALSE,NORMAL,NORMAL,HIGH,NORMAL,ZERO,FALSE,LOW,LOW,LOW,HIGH,FALSE,FALSE,HIGH,NORMAL,LOW,FALSE,HIGH,LOW,NORMAL,FALSE,HIGH
FALSE,FALSE,NORMAL,FALSE,LOW,FALSE,HIGH,NORMAL,NORMAL,HIGH,HIGH,HIGH,HIGH,HIGH,NORMAL,FALSE,NORMAL,HIGH,NORMAL,NORMAL,LOW,FALSE,HIGH,HIGH,LOW,HIGH,FALSE,FALSE,HIGH,NORMAL,HIGH,FALSE,HIGH,HIGH,NORMAL,FALSE,NORMAL
FALSE,FALSE,NORMAL,FALSE,HIGH,FALSE,HIGH,LOW,NORMAL,HIGH,NORMAL,LOW,HIGH,HIGH,NORMAL,FALSE,NORMAL,NORMAL,NORMAL,NORMAL,ZERO,FALSE,LOW,ZERO,LOW,HIGH,FALSE,FALSE,HIGH,NORMAL,LOW,FALSE,HIGH,ZERO,NORMAL,FALSE,NORMAL
FALSE,FALSE,NORMAL,FALSE,HIGH,FALSE,LOW,NORMAL,NORMAL,NORMAL,NORMAL,LOW,HIGH,NORMAL,NORMAL,FALSE,NORMAL,NORMAL,HIGH,NORMAL,ZERO,FALSE,LOW,ZERO,LOW,LOW,FALSE,FALSE,NORMAL,NORMAL,LOW,FALSE,NORMAL,ZERO,NORMAL,TRUE,NORMAL
FALSE,FALSE,NORMAL,FALSE,HIGH,FALSE,HIGH,NORMAL,NORMAL,HIGH,NORMAL,LOW,HIGH,HIGH,NORMAL,FALSE,NORMAL,NORMAL,NORMAL,NORMAL,ZERO,FALSE,LOW,ZERO,LOW,HIGH,FALSE,FALSE,HIGH,NORMAL,LOW,FALSE,HIGH,ZERO,NORMAL,FALSE,NORMAL
FALSE,FALSE,LOW,FALSE,LOW,FALSE,LOW,LOW,NORMAL,LOW,HIGH,HIGH,NORMAL,NORMAL,NORMAL,FALSE,NORMAL,HIGH,HIGH,NORMAL,LOW,FALSE,HIGH,HIGH,LOW,LOW,FALSE,FALSE,LOW,NORMAL,HIGH,FALSE,NORMAL,HIGH,NORMAL,FALSE,NORMAL
FALSE,FALSE,NORMAL,FALSE,HIGH,FALSE,HIGH,HIGH,NORMAL,LOW,NORMAL,LOW,HIGH,HIGH,NORMAL,FALSE,NORMAL,NORMAL,LOW,NORMAL,ZERO,FALSE,LOW,HIGH,LOW,HIGH,FALSE,FALSE,HIGH,NORMAL,LOW,FALSE,HIGH,ZERO,NORMAL,FALSE,NORMAL
FALSE,TRUE,NORMAL,FALSE,HIGH,FALSE,HIGH,NORMAL,NORMAL,LOW,NORMAL,LOW,HIGH,HIGH,NORMAL,FALSE,NORMAL,NORMAL,LOW,NORMAL,ZERO,FALSE,LOW,ZERO,LOW,HIGH,FALSE,FALSE,HIGH,NORMAL,LOW,FALSE,HIGH,ZERO,NORMAL,FALSE,NORMAL
FALSE,FALSE,NORMAL,FALSE,HIGH,FALSE,HIGH,NORMAL,NORMAL,HIGH,NORMAL,LOW,HIGH,HIGH,NORMAL,FALSE,NORMAL,NORMAL,NORMAL,NORMAL,ZERO,FALSE,LOW,ZERO,LOW,HIGH,FALSE,FALSE,HIGH,NORMAL,LOW,FALSE,HIGH,ZERO,NORMAL,FALSE,NORMAL
TRUE,FALSE,NORMAL,FALSE,LOW,FALSE,HIGH,HIGH,NORMAL,LOW,NORMAL,ZERO,HIGH,HIGH,NORMAL,FALSE,NORMAL,NORMAL,LOW,NORMAL,LOW,FALSE,HIGH,HIGH,LOW,HIGH,FALSE,FALSE,HIGH,NORMAL,HIGH,FALSE,HIGH,HIGH,NORMAL,FALSE,NORMAL
FALSE,FALSE,NORMAL,FALSE,HIGH,FALSE,HIGH,HIGH,NORMAL,HIGH,NORMAL,LOW,HIGH,HIGH,NORMAL,FALSE,NORMAL,NORMAL,HIGH,NORMAL,ZERO,FALSE,LOW,ZERO,LOW,HIGH,FALSE,FALSE,HIGH,NORMAL,LOW,FALSE,HIGH,ZERO,HIGH,FALSE,NORMAL
FALSE,FALSE,NORMAL,FALSE,HIGH,FALSE,HIGH,HIGH,NORMAL,HIGH,NORMAL,LOW,HIGH,HIGH,NORMAL,FALSE,NORMAL,NORMAL,NORMAL,NORMAL,HIGH,FALSE,LOW,LOW,HIGH,HIGH,FALSE,FALSE,HIGH,NORMAL,LOW,FALSE,HIGH,LOW,NORMAL,FALSE,NORMAL
FALSE,TRUE,NORMAL,FALSE,HIGH,FALSE,HIGH,HIGH,NORMAL,LOW,NORMAL,LOW,HIGH,LOW,NORMAL,FALSE,HIGH,NORMAL,NORMAL,NORMAL,ZERO,FALSE,LOW,ZERO,LOW,HIGH,FALSE,TRUE,HIGH,HIGH,LOW,FALSE,HIGH,ZERO,LOW,FALSE,NORMAL
FALSE,TRUE,HIGH,FALSE,HIGH,FALSE,HIGH,HIGH,NORMAL,NORMAL,NORMAL,LOW,HIGH,HIGH,ONESIDED,FALSE,NORMAL,NORMAL,HIGH,NORMAL,LOW,FALSE,LOW,ZERO,NORMAL,HIGH,FALSE,FALSE,HIGH,NORMAL,LOW,TRUE,HIGH,LOW,NORMAL,FALSE,HIGH
FALSE,FALSE,NORMAL,FALSE,LOW,FALSE,LOW,NORMAL,NORMAL,NORMAL,NORMAL,LOW,HIGH,NORMAL,NORMAL,FALSE,HIGH,NORMAL,NORMAL,HIGH,LOW,FALSE,HIGH,HIGH,LOW,LOW,FALSE,TRUE,LOW,HIGH,HIGH,FALSE,NORMAL,HIGH,NORMAL,FALSE,NORMAL
FALSE,FALSE,NORMAL,FALSE,LOW,FALSE,HIGH,LOW,NORMAL,HIGH,HIGH,HIGH,HIGH,HIGH,NORMAL,FALSE,HIGH,HIGH,NORMAL,NORMAL,LOW,FALSE,HIGH,HIGH,LOW,HIGH,FALSE,FALSE,HIGH,NORMAL,HIGH,FALSE,HIGH,HIGH,NORMAL,FALSE,NORMAL
FALSE,FALSE,NORMAL,FALSE,NORMAL,FALSE,HIGH,HIGH,LOW,HIGH,NORMAL,LOW,HIGH,HIGH,NORMAL,FALSE,NORMAL,NORMAL,HIGH,NORMAL,ZERO,FALSE,NORMAL,ZERO,LOW,HIGH,FALSE,FALSE,HIGH,NORMAL,LOW,FALSE,HIGH,HIGH,NORMAL,FALSE,HIGH
FALSE,FALSE,LOW,FALSE,HIGH,FALSE,HIGH,HIGH,NORMAL,HIGH,NORMAL,LOW,HIGH,HIGH,NORMAL,FALSE,HIGH,NORMAL,NORMAL,NORMAL,ZERO,FALSE,LOW,ZERO,LOW,HIGH,FALSE,TRUE,HIGH,HIGH,LOW,FALSE,HIGH,ZERO,NORMAL,FALSE,NORMAL
FALSE,FALSE,NORMAL,FALSE,HIGH,FALSE,LOW,NORMAL,NORMAL,LOW,NORMAL,LOW,NORMAL,LOW,NORMAL,FALSE,HIGH,NORMAL,HIGH,HIGH,ZERO,FALSE,LOW,ZERO,LOW,LOW,FALSE,TRUE,LOW,HIGH,LOW,FALSE,NORMAL,ZERO,LOW,FALSE,NORMAL
FALSE,FALSE,NORMAL,FALSE,HIGH,FALSE,HIGH,HIGH,NORMAL,HIGH,ZERO,ZERO,HIGH,HIGH,NORMAL,FALSE,NORMAL,NORMAL,NORMAL,NORMAL,ZERO,FALSE,LOW,ZERO,LOW,HIGH,FALSE,FALSE,HIGH,NORMAL,LOW,FALSE,HIGH,ZERO,NORMAL,FALSE,NORMAL
FALSE,FALSE,NORMAL,FALSE,HIGH,FALSE,HIGH,NORMAL,NORMAL,LOW,NORMAL,LOW,HIGH,LOW,NORMAL,FALSE,HIGH,NORMAL,NORMAL,NORMAL,ZERO,FALSE,LOW,ZERO,LOW,HIGH,FALSE,TRUE,HIGH,HIGH,LOW,FALSE,HIGH,ZERO,LOW,FALSE,NORMAL
FALSE,FALSE,NORMAL,FALSE,HIGH,FALSE,HIGH,LOW,NORMAL,HIGH,NORMAL,LOW,HIGH,HIGH,NORMAL,FALSE,NORMAL,NORMAL,NORMAL,NORMAL,ZERO,FALSE,LOW,ZERO,LOW,HIGH,FALSE,FALSE,HIGH,NORMAL,LOW,FALSE,HIGH,ZERO,NORMAL,FALSE,NORMAL
FALSE,FALSE,NORMAL,FALSE,HIGH,FALSE,NORMAL,LOW,NORMAL,LOW,ZERO,ZERO,HIGH,LOW,NORMAL,TRUE,NORMAL,HIGH,LOW,NORMAL,LOW,TRUE,HIGH,HIGH,NORMAL,HIGH,FALSE,FALSE,HIGH,NORMAL,HIGH,FALSE,HIGH,HIGH,LOW,FALSE,NORMAL
FALSE,FALSE,NORMAL,TRUE,LOW,FALSE,LOW,HIGH,NORMAL,NORMAL,HIGH,HIGH,NORMAL,LOW,NORMAL,FALSE,LOW,HIGH,HIGH,LOW,LOW,FALSE,HIGH,HIGH,LOW,LOW,TRUE,FALSE,LOW,LOW,HIGH,FALSE,NORMAL,HIGH,LOW,FALSE,NORMAL
FALSE,FALSE,NORMAL,FALSE,HIGH,FALSE,HIGH,LOW,LOW,LOW,NORMAL,LOW,HIGH,HIGH,NORMAL,FALSE,NORMAL,NORMAL,LOW,NORMAL,ZERO,TRUE,LOW,ZERO,LOW,HIGH,FALSE,FALSE,HIGH,NORMAL,LOW,FALSE,HIGH,ZERO,NORMAL,FALSE,NORMAL
FALSE,TRUE,NORMAL,FALSE,HIGH,FALSE,HIGH,HIGH,NORMAL,HIGH,NORMAL,LOW,HIGH,HIGH,ONESIDED,FALSE,NORMAL,NORMAL,HIGH,NORMAL,LOW,FALSE,LOW,ZERO,NORMAL,HIGH,FALSE,FALSE,HIGH,NORMAL,LOW,FALSE,HIGH,LOW,NORMAL,FALSE,HIGH
FALSE,FALSE,NORMAL,FALSE,HIGH,FALSE,HIGH,HIGH,NORMAL,NORMAL,NORMAL,LOW,HIGH,HIGH,NORMAL,FALSE,NORMAL,NORMAL,NORMAL,NORMAL,ZERO,FALSE,LOW,ZERO,NORMAL,HIGH,FALSE,FALSE,HIGH,NORMAL,LOW,FALSE,HIGH,ZERO,NORMAL,FALSE,NORMAL
FALSE,FALSE,NORMAL,FALSE,HIGH,FALSE,HIGH,HIGH,NORMAL,NORMAL,NORMAL,LOW,HIGH,HIGH,NORMAL,FALSE,NORMAL,NORMAL,HIGH,NORMAL,ZERO,FALSE,LOW,ZERO,LOW,HIGH,FALSE,FALSE,HIGH,NORMAL,LOW,FALSE,HIGH,ZERO,NORMAL,FALSE,NORMAL
FALSE,FALSE,NORMAL,FALSE,HIGH,FALSE,HIGH,HIGH,NORMAL,LOW,NORMAL,LOW,HIGH,HIGH,NORMAL,FALSE,NORMAL,NORMAL,LOW,NORMAL,ZERO,FALSE,LOW,ZERO,LOW,HIGH,FALSE,FALSE,HIGH,NORMAL,LOW,FALSE,HIGH,ZERO,NORMAL,FALSE,NORMAL
FALSE,FALSE,NORMAL,FALSE,HIGH,FALSE,LOW,HIGH,NORMAL,HIGH,NORMAL,NORMAL,HIGH,HIGH,NORMAL,FALSE,HIGH,NORMAL,NORMAL,HIGH,HIGH,FALSE,LOW,LOW,HIGH,HIGH,FALSE,TRUE,HIGH,HIGH,LOW,FALSE,HIGH,LOW,NORMAL,FALSE,NORMAL
FALSE,FALSE,NORMAL,FALSE,HIGH,FALSE,HIGH,NORMAL,NORMAL,HIGH,NORMAL,LOW,HIGH,HIGH,NORMAL,FALSE,NORMAL,NORMAL,HIGH,NORMAL,ZERO,FALSE,LOW,ZERO,LOW,HIGH,FALSE,FALSE,HIGH,NORMAL,LOW,FALSE,HIGH,ZERO,NORMAL,FALSE,NORMAL
FALSE,FALSE,NORMAL,FALSE,HIGH,FALSE,HIGH,HIGH,NORMAL,HIGH,NORMAL,LOW,HIGH,HIGH,NORMAL,FALSE,NORMAL,NORMAL,NORMAL,NORMAL,ZERO,FALSE,LOW,ZERO,LOW,HIGH,FALSE,FALSE,HIGH,NORMAL,LOW,FALSE,HIGH,ZERO,NORMAL,FALSE,NORMAL
FALSE,FALSE,NORMAL,FALSE,HIGH,FALSE,HIGH,LOW,NORMAL,NORMAL,NORMAL,LOW,HIGH,NORMAL,NORMAL,FALSE,NORMAL,NORMAL,NORMAL,NORMAL,ZERO,FALSE,LOW,ZERO,LOW,HIGH,FALSE,FALSE,HIGH,NORMAL,LOW,FALSE,HIGH,ZERO,LOW,FALSE,NORMAL
FALSE,FALSE,NORMAL,TRUE,HIGH,TRUE,HIGH,LOW,NORMAL,LOW,NORMAL,LOW,HIGH,LOW,NORMAL,FALSE,LOW,NORMAL,NORMAL,LOW,ZERO,FALSE,LOW,ZERO,LOW,NORMAL,TRUE,FALSE,NORMAL,LOW,LOW,FALSE,HIGH,ZERO,LOW,TRUE,NORMAL
FALSE,FALSE,NORMAL,FALSE,HIGH,FALSE,HIGH,HIGH,NORMAL,NORMAL,NORMAL,LOW,HIGH,HIGH,NORMAL,FALSE,NORMAL,NORMAL,LOW,NORMAL,ZERO,FALSE,LOW,ZERO,LOW,HIGH,FALSE,FALSE,HIGH,NORMAL,LOW,FALSE,HIGH,ZERO,NORMAL,FALSE,NORMAL
FALSE,FALSE,NORMAL,FALSE,HIGH,FALSE,HIGH,LOW,NORMAL,HIGH,NORMAL,LOW,HIGH,HIGH,NORMAL,FALSE,NORMAL,NORMAL,NORMAL,NORMAL,ZERO,FALSE,LOW,ZERO,LOW,HIGH,FALSE,FALSE,HIGH,NORMAL,LOW,FALSE,HIGH,ZERO,NORMAL,FALSE,NORMAL
FALSE,FALSE,NORMAL,FALSE,HIGH,FALSE,HIGH,HIGH,NORMAL,NORMAL,NORMAL,LOW,HIGH,HIGH,NORMAL,FALSE,NORMAL,NORMAL,HIGH,NORMAL,ZERO,FALSE,LOW,ZERO,NORMAL,HIGH,FALSE,FALSE,HIGH,NORMAL,LOW,FALSE,HIGH,ZERO,NORMAL,FALSE,NORMAL
FALSE,TRUE,NORMAL,FALSE,HIGH,FALSE,HIGH,HIGH,NORMAL,HIGH,NORMAL,LOW,HIGH,HIGH,NORMAL,FALSE,NORMAL,NORMAL,NORMAL,NORMAL,ZERO,FALSE,LOW,ZERO,LOW,HIGH,FALSE,FALSE,HIGH,NORMAL,LOW,FALSE,HIGH,ZERO,NORMAL,FALSE,NORMAL
FALSE,FALSE,NORMAL,FALSE,HIGH,FALSE,HIGH,HIGH,NORMAL,HIGH,NORMAL,LOW,HIGH,HIGH,NORMAL,FALSE,HIGH,NORMAL,NORMAL,NORMAL,ZERO,FALSE,LOW,ZERO,LOW,HIGH,FALSE,FALSE,HIGH,NORMAL,LOW,FALSE,HIGH,ZERO,NORMAL,FALSE,NORMAL
FALSE,FALSE,NORMAL,FALSE,HIGH,FALSE,HIGH,NORMAL,NORMAL,LOW,NORMAL,LOW,HIGH,LOW,NORMAL,FALSE,HIGH,NORMAL,NORMAL,HIGH,ZERO,FALSE,LOW,ZERO,LOW,HIGH,FALSE,TRUE,HIGH,HIGH,LOW,FALSE,HIGH,ZERO,LOW,FALSE,NORMAL
TRUE,FALSE,NORMAL,FALSE,LOW,FALSE,HIGH,HIGH,NORMAL,HIGH,NORMAL,ZERO,HIGH,HIGH,NORMAL,FALSE,NORMAL,NORMAL,NORMAL,LOW,LOW,FALSE,HIGH,HIGH,LOW,HIGH,FALSE,FALSE,HIGH,NORMAL,HIGH,FALSE,HIGH,HIGH,NORMAL,FALSE,NORMAL
FALSE,FALSE,NORMAL,FALSE,HIGH,FALSE,HIGH,NORMAL,NORMAL,HIGH,NORMAL,LOW,HIGH,HIGH,NORMAL,FALSE,NORMAL,NORMAL,NORMAL,NORMAL,ZERO,FALSE,LOW,ZERO,LOW,HIGH,FALSE,FALSE,HIGH,NORMAL,LOW,FALSE,HIGH,ZERO,NORMAL,FALSE,NORMAL
FALSE,FALSE,NORMAL,FALSE,HIGH,FALSE,HIGH,HIGH,NORMAL,HIGH,NORMAL,LOW,HIGH,HIGH,NORMAL,FALSE,HIGH,NORMAL,NORMAL,NORMAL,ZERO,FALSE,LOW,ZERO,LOW,HIGH,FALSE,TRUE,HIGH,HIGH,LOW,FALSE,HIGH,ZERO,NORMAL,FALSE,NORMAL
FALSE,FALSE,NORMAL,FALSE,HIGH,FALSE,NORMAL,HIGH,NORMAL,LOW,NORMAL,LOW,HIGH,HIGH,NORMAL,TRUE,NORMAL,NORMAL,LOW,NORMAL,ZERO,TRUE,LOW,ZERO,LOW,HIGH,FALSE,FALSE,HIGH,NORMAL,LOW,FALSE,HIGH,ZERO,NORMAL,FALSE,NORMAL
FALSE,FALSE,NORMAL,FALSE,NORMAL,FALSE,NORMAL,LOW,NORMAL,HIGH,NORMAL,LOW,HIGH,HIGH,NORMAL,TRUE,NORMAL,NORMAL,NORMAL,NORMAL,NORMAL,FALSE,LOW,LOW,NORMAL,HIGH,FALSE,FALSE,HIGH,NORMAL,LOW,FALSE,HIGH,NORMAL,NORMAL,FALSE,NORMAL
FALSE,FALSE,NORMAL,FALSE,HIGH,FALSE,HIGH,LOW,NORMAL,HIGH,NORMAL,LOW,HIGH,HIGH,NORMAL,FALSE,NORMAL,NORMAL,HIGH,NORMAL,ZERO,FALSE,LOW,HIGH,LOW,HIGH,FALSE,FALSE,HIGH,NORMAL,LOW,FALSE,HIGH,ZERO,NORMAL,FALSE,NORMAL
FALSE,TRUE,HIGH,FALSE,HIGH,FALSE,LOW,HIGH,NORMAL,NORMAL,NORMAL,LOW,HIGH,NORMAL,NORMAL,TRUE,LOW,NORMAL,NORMAL,LOW,ZERO,FALSE,LOW,ZERO,LOW,LOW,FALSE,FALSE,LOW,LOW,LOW,FALSE,NORMAL,ZERO,NORMAL,FALSE,NORMAL
FALSE,FALSE,NORMAL,FALSE,HIGH,FALSE,HIGH,HIGH,NORMAL,HIGH,NORMAL,LOW,HIGH,HIGH,NORMAL,FALSE,NORMAL,NORMAL,NORMAL,NORMAL,ZERO,FALSE,LOW,ZERO,LOW,HIGH,FALSE,FALSE,HIGH,NORMAL,LOW,FALSE,HIGH,ZERO,NORMAL,TRUE,NORMAL
FALSE,FALSE,NORMAL,FALSE,HIGH,FALSE,HIGH,LOW,NORMAL,LOW,NORMAL,LOW,HIGH,HIGH,NORMAL,FALSE,NORMAL,NORMAL,LOW,NORMAL,ZERO,FALSE,LOW,ZERO,LOW,HIGH,FALSE,FALSE,LOW,NORMAL,LOW,FALSE,HIGH,ZERO,NORMAL,FALSE,NORMAL
FALSE,FALSE,NORMAL,FALSE,HIGH,FALSE,HIGH,HIGH,NORMAL,HIGH,NORMAL,LOW,HIGH,HIGH,NORMAL,FALSE,HIGH,NORMAL,NORMAL,HIGH,ZERO,FALSE,LOW,ZERO,LOW,HIGH,FALSE,TRUE,HIGH,HIGH,LOW,FALSE,HIGH,ZERO,NORMAL,FALSE,NORMAL
FALSE,FALSE,NORMAL,FALSE,HIGH,FALSE,HIGH,NORMAL,NORMAL,HIGH,NORMAL,LOW,HIGH,NORMAL,NORMAL,FALSE,HIGH,NORMAL,NORMAL,NORMAL,ZERO,FALSE,LOW,ZERO,LOW,HIGH,FALSE,TRUE,HIGH,HIGH,LOW,FALSE,HIGH,ZERO,LOW,FALSE,NORMAL
FALSE,FALSE,NORMAL,FALSE,HIGH,FALSE,HIGH,LOW,NORMAL,HIGH,NORMAL,LOW,HIGH,HIGH,NORMAL,FALSE,LOW,NORMAL,NORMAL,LOW,ZERO,FALSE,LOW,NORMAL,LOW,HIGH,FALSE,FALSE,HIGH,LOW,LOW,FALSE,HIGH,ZERO,NORMAL,FALSE,NORMAL
FALSE,TRUE,NORMAL,FALSE,HIGH,FALSE,HIGH,NORMAL,NORMAL,LOW,NORMAL,LOW,HIGH,HIGH,NORMAL,FALSE,NORMAL,NORMAL,LOW,NORMAL,ZERO,FALSE,LOW,ZERO,LOW,HIGH,FALSE,FALSE,HIGH,NORMAL,LOW,FALSE,HIGH,ZERO,NORMAL,FALSE,NORMAL
FALSE,FALSE,NORMAL,FALSE,NORMAL,FALSE,HIGH,NORMAL,NORMAL,HIGH,NORMAL,LOW,HIGH,HIGH,NORMAL,FALSE,NORMAL,NORMAL,NORMAL,NORMAL,ZERO,FALSE,LOW,ZERO,LOW,HIGH,FALSE,FALSE,HIGH,NORMAL,LOW,FALSE,HIGH,ZERO,NORMAL,FALSE,NORMAL
TRUE,FALSE,NORMAL,FALSE,HIGH,FALSE,NORMAL,HIGH,NORMAL,HIGH,ZERO,ZERO,HIGH,HIGH,NORMAL,TRUE,NORMAL,NORMAL,NORMAL,NORMAL,ZERO,FALSE,LOW,ZERO,LOW,HIGH,FALSE,FALSE,HIGH,NORMAL,LOW,FALSE,HIGH,ZERO,NORMAL,FALSE,NORMAL
FALSE,FALSE,NORMAL,FALSE,LOW,FALSE,HIGH,LOW,NORMAL,LOW,HIGH,HIGH,HIGH,HIGH,NORMAL,FALSE,NORMAL,HIGH,LOW,NORMAL,LOW,FALSE,HIGH,HIGH,LOW,HIGH,FALSE,FALSE,HIGH,NORMAL,HIGH,FALSE,HIGH,HIGH,NORMAL,FALSE,NORMAL
FALSE,FALSE,NORMAL,FALSE,HIGH,TRUE,HIGH,LOW,NORMAL,HIGH,NORMAL,LOW,HIGH,HIGH,NORMAL,FALSE,NORMAL,NORMAL,HIGH,NORMAL,ZERO,FALSE,LOW,ZERO,LOW,NORMAL,FALSE,FALSE,NORMAL,NORMAL,LOW,FALSE,HIGH,ZERO,HIGH,FALSE,NORMAL
FALSE,FALSE,NORMAL,FALSE,HIGH,FALSE,HIGH,NORMAL,NORMAL,LOW,NORMAL,LOW,HIGH,HIGH,NORMAL,FALSE,NORMAL,NORMAL,LOW,NORMAL,ZERO,FALSE,LOW,ZERO,LOW,HIGH,FALSE,FALSE,HIGH,NORMAL,LOW,FALSE,HIGH,ZERO,NORMAL,FALSE,NORMAL
TRUE,FALSE,NORMAL,FALSE,LOW,FALSE,HIGH,HIGH,NORMAL,HIGH,NORMAL,ZERO,NORMAL,NORMAL,NORMAL,FALSE,HIGH,NORMAL,HIGH,HIGH,LOW,FALSE,HIGH,HIGH,LOW,HIGH,FALSE,TRUE,HIGH,HIGH,HIGH,FALSE,HIGH,HIGH,NORMAL,FALSE,NORMAL
FALSE,FALSE,NORMAL,FALSE,HIGH,TRUE,HIGH,LOW,NORMAL,HIGH,NORMAL,LOW,HIGH,HIGH,NORMAL,FALSE,NORMAL,NORMAL,HIGH,NORMAL,ZERO,FALSE,LOW,ZERO,LOW,NORMAL,FALSE,FALSE,NORMAL,NORMAL,LOW,FALSE,HIGH,ZERO,NORMAL,FALSE,NORMAL
FALSE,FALSE,NORMAL,FALSE,HIGH,FALSE,HIGH,NORMAL,NORMAL,LOW,NORMAL,LOW,HIGH,LOW,NORMAL,FALSE,HIGH,NORMAL,NORMAL,HIGH,ZERO,FALSE,LOW,ZERO,LOW,HIGH,FALSE,TRUE,HIGH,HIGH,LOW,FALSE,HIGH,ZERO,LOW,FALSE,NORMAL
TRUE,FALSE,NORMAL,FALSE,HIGH,FALSE,HIGH,HIGH,NORMAL,HIGH,NORMAL,ZERO,HIGH,HIGH,NORMAL,FALSE,HIGH,NORMAL,NORMAL,HIGH,ZERO,FALSE,LOW,ZERO,LOW,HIGH,FALSE,TRUE,HIGH,HIGH,LOW,FALSE,HIGH,ZERO,NORMAL,FALSE,NORMAL
FALSE,FALSE,NORMAL,FALSE,HIGH,FALSE,HIGH,NORMAL,NORMAL,LOW,NORMAL,LOW,HIGH,LOW,NORMAL,FALSE,HIGH,NORMAL,LOW,HIGH,ZERO,FALSE,LOW,ZERO,LOW,HIGH,FALSE,TRUE,HIGH,HIGH,LOW,FALSE,HIGH,ZERO,LOW,FALSE,NORMAL
FALSE,FALSE,HIGH,FALSE,LOW,FALSE,HIGH,HIGH,NORMAL,LOW,NORMAL,ZERO,HIGH,HIGH,NORMAL,FALSE,NORMAL,NORMAL,LOW,NORMAL,LOW,FALSE,HIGH,HIGH,LOW,HIGH,FALSE,FALSE,HIGH,NORMAL,HIGH,FALSE,HIGH,HIGH,NORMAL,FALSE,NORMAL
FALSE,FALSE,NORMAL,FALSE,HIGH,FALSE,NORMAL,HIGH,NORMAL,HIGH,NORMAL,LOW,HIGH,HIGH,NORMAL,TRUE,NORMAL,NORMAL,HIGH,NORMAL,ZERO,FALSE,LOW,ZERO,LOW,HIGH,FALSE,FALSE,HIGH,NORMAL,LOW,FALSE,HIGH,ZERO,NORMAL,FALSE,NORMAL
FALSE,FALSE,NORMAL,FALSE,HIGH,FALSE,LOW,NORMAL,NORMAL,LOW,NORMAL,LOW,HIGH,LOW,NORMAL,FALSE,NORMAL,NORMAL,NORMAL,NORMAL,ZERO,FALSE,LOW,ZERO,LOW,LOW,FALSE,FALSE,HIGH,NORMAL,LOW,FALSE,LOW,ZERO,NORMAL,FALSE,NORMAL
FALSE,FALSE,HIGH,FALSE,LOW,FALSE,HIGH,HIGH,NORMAL,LOW,LOW,ZERO,HIGH,HIGH,NORMAL,FALSE,NORMAL,LOW,LOW,NORMAL,LOW,FALSE,HIGH,HIGH,LOW,HIGH,FALSE,FALSE,HIGH,NORMAL,HIGH,FALSE,HIGH,HIGH,NORMAL,FALSE,NORMAL
FALSE,FALSE,NORMAL,FALSE,HIGH,FALSE,HIGH,HIGH,NORMAL,LOW,NORMAL,LOW,HIGH,LOW,ESOPHAGEAL,FALSE,NORMAL,NORMAL,NORMAL,NORMAL,ZERO,FALSE,LOW,LOW,ZERO,HIGH,FALSE,FALSE,HIGH,NORMAL,LOW,FALSE,HIGH,LOW,LOW,FALSE,NORMAL
FALSE,FALSE,NORMAL,FALSE,HIGH,TRUE,NORMAL,NORMAL,LOW,HIGH,NORMAL,LOW,HIGH,HIGH,NORMAL,FALSE,NORMAL,NORMAL,NORMAL,NORMAL,ZERO,FALSE,LOW,ZERO,LOW,NORMAL,FALSE,FALSE,NORMAL,NORMAL,LOW,FALSE,HIGH,ZERO,NORMAL,FALSE,NORMAL
TRUE,FALSE,NORMAL,FALSE,HIGH,FALSE,HIGH,HIGH,NORMAL,LOW,NORMAL,ZERO,HIGH,HIGH,NORMAL,FALSE,NORMAL,NORMAL,LOW,NORMAL,ZERO,FALSE,LOW,ZERO,LOW,HIGH,FALSE,FALSE,HIGH,NORMAL,LOW,FALSE,HIGH,ZERO,NORMAL,FALSE,NORMAL
FALSE,FALSE,NORMAL,FALSE,HIGH,FALSE,HIGH,LOW,NORMAL,LOW,NORMAL,LOW,HIGH,HIGH,NORMAL,FALSE,LOW,NORMAL,LOW,NORMAL,ZERO,FALSE,LOW,ZERO,LOW,HIGH,FALSE,FALSE,HIGH,NORMAL,LOW,FALSE,HIGH,ZERO,NORMAL,FALSE,HIGH
FALSE,FALSE,NORMAL,FALSE,HIGH,FALSE,NORMAL,NORMAL,NORMAL,HIGH,NORMAL,LOW,HIGH,HIGH,NORMAL,FALSE,NORMAL,NORMAL,HIGH,NORMAL,ZERO,FALSE,LOW,ZERO,LOW,HIGH,FALSE,FALSE,HIGH,NORMAL,LOW,FALSE,HIGH,ZERO,NORMAL,FALSE,NORMAL
FALSE,FALSE,NORMAL,FALSE,LOW,FALSE,NORMAL,HIGH,NORMAL,LOW,LOW,ZERO,HIGH,NORMAL,NORMAL,TRUE,NORMAL,LOW,LOW,NORMAL,LOW,FALSE,HIGH,HIGH,LOW,LOW,FALSE,FALSE,LOW,NORMAL,HIGH,FALSE,NORMAL,HIGH,NORMAL,FALSE,NORMAL
FALSE,FALSE,NORMAL,FALSE,NORMAL,FALSE,HIGH,HIGH,NORMAL,HIGH,NORMAL,LOW,HIGH,HIGH,ONESIDED,FALSE,HIGH,NORMAL,NORMAL,NORMAL,ZERO,FALSE,LOW,NORMAL,LOW,HIGH,FALSE,FALSE,HIGH,HIGH,LOW,FALSE,HIGH,NORMAL,NORMAL,FALSE,HIGH
FALSE,FALSE,NORMAL,FALSE,LOW,FALSE,HIGH,LOW,NORMAL,HIGH,LOW,HIGH,HIGH,HIGH,NORMAL,FALSE,NORMAL,LOW,NORMAL,NORMAL,LOW,FALSE,HIGH,HIGH,LOW,HIGH,FALSE,TRUE,HIGH,NORMAL,HIGH,FALSE,HIGH,HIGH,NORMAL,FALSE,NORMAL
FALSE,FALSE,NORMAL,FALSE,HIGH,FALSE,NORMAL,HIGH,NORMAL,HIGH,NORMAL,LOW,HIGH,HIGH,NORMAL,TRUE,NORMAL,NORMAL,HIGH,NORMAL,ZERO,FALSE,LOW,HIGH,LOW,HIGH,FALSE,FALSE,HIGH,NORMAL,LOW,FALSE,HIGH,ZERO,NORMAL,FALSE,NORMAL
FALSE,FALSE,NORMAL,FALSE,HIGH,FALSE,NORMAL,NORMAL,NORMAL,LOW,NORMAL,LOW,HIGH,NORMAL,NORMAL,TRUE,NORMAL,NORMAL,LOW,NORMAL,ZERO,FALSE,LOW,ZERO,LOW,LOW,FALSE,FALSE,LOW,NORMAL,LOW,FALSE,NORMAL,ZERO,NORMAL,FALSE,HIGH
FALSE,FALSE,NORMAL,FALSE,LOW,FALSE,HIGH,HIGH,NORMAL,LOW,ZERO,ZERO,HIGH,HIGH,NORMAL,FALSE,NORMAL,NORMAL,LOW,NORMAL,LOW,FALSE,HIGH,HIGH,HIGH,HIGH,FALSE,FALSE,HIGH,NORMAL,HIGH,FALSE,HIGH,HIGH,NORMAL,FALSE,NORMAL
FALSE,FALSE,HIGH,FALSE,HIGH,FALSE,HIGH,HIGH,NORMAL,LOW,NORMAL,LOW,HIGH,LOW,NORMAL,FALSE,HIGH,NORMAL,NORMAL,NORMAL,ZERO,FALSE,LOW,ZERO,LOW,HIGH,FALSE,TRUE,HIGH,HIGH,LOW,FALSE,HIGH,ZERO,LOW,FALSE,NORMAL
FALSE,FALSE,LOW,FALSE,HIGH,FALSE,HIGH,HIGH,NORMAL,HIGH,NORMAL,LOW,HIGH,HIGH,ONESIDED,FALSE,NORMAL,NORMAL,NORMAL,NORMAL,LOW,FALSE,LOW,ZERO,NORMAL,HIGH,FALSE,FALSE,HIGH,NORMAL,LOW,FALSE,HIGH,LOW,NORMAL,FALSE,HIGH
FALSE,FALSE,NORMAL,FALSE,HIGH,FALSE,HIGH,NORMAL,NORMAL,NORMAL,NORMAL,LOW,HIGH,HIGH,NORMAL,FALSE,NORMAL,NORMAL,HIGH,NORMAL,ZERO,FALSE,LOW,ZERO,LOW,HIGH,FALSE,FALSE,HIGH,NORMAL,LOW,FALSE,HIGH,ZERO,NORMAL,FALSE,NORMAL
FALSE,FALSE,LOW,FALSE,HIGH,FALSE,LOW,NORMAL,NORMAL,NORMAL,NORMAL,LOW,HIGH,NORMAL,NORMAL,FALSE,NORMAL,NORMAL,NORMAL,NORMAL,ZERO,FALSE,LOW,ZERO,LOW,LOW,FALSE,FALSE,LOW,NORMAL,LOW,FALSE,NORMAL,ZERO,NORMAL,FALSE,NORMAL
FALSE,FALSE,NORMAL,FALSE,HIGH,FALSE,HIGH,LOW,NORMAL,HIGH,NORMAL,LOW,HIGH,HIGH,NORMAL,FALSE,NORMAL,NORMAL,HIGH,NORMAL,ZERO,FALSE,LOW,ZERO,LOW,HIGH,FALSE,FALSE,HIGH,NORMAL,LOW,FALSE,HIGH,ZERO,NORMAL,TRUE,NORMAL
FALSE,FALSE,NORMAL,FALSE,HIGH,FALSE,HIGH,NORMAL,NORMAL,HIGH,NORMAL,LOW,HIGH,HIGH,NORMAL,FALSE,NORMAL,NORMAL,NORMAL,NORMAL,ZERO,FALSE,LOW,ZERO,LOW,HIGH,FALSE,FALSE,HIGH,NORMAL,LOW,FALSE,HIGH,ZERO,NORMAL,FALSE,NORMAL
FALSE,FALSE,NORMAL,FALSE,HIGH,FALSE,HIGH,HIGH,NORMAL,LOW,NORMAL,LOW,HIGH,HIGH,NORMAL,FALSE,NORMAL,NORMAL,LOW,NORMAL,ZERO,FALSE,LOW,ZERO,HIGH,HIGH,FALSE,FALSE,HIGH,NORMAL,LOW,FALSE,HIGH,ZERO,NORMAL,FALSE,HIGH
FALSE,FALSE,NORMAL,FALSE,HIGH,FALSE,HIGH,LOW,NORMAL,HIGH,NORMAL,LOW,HIGH,HIGH,NORMAL,FALSE,HIGH,NORMAL,NORMAL,HIGH,ZERO,FALSE,LOW,ZERO,LOW,HIGH,FALSE,TRUE,HIGH,HIGH,LOW,FALSE,HIGH,ZERO,NORMAL,FALSE,NORMAL
TRUE,FALSE,NORMAL,FALSE,LOW,FALSE,HIGH,HIGH,NORMAL,NORMAL,NORMAL,ZERO,HIGH,HIGH,NORMAL,FALSE,NORMAL,NORMAL,LOW,NORMAL,LOW,FALSE,HIGH,HIGH,LOW,HIGH,FALSE,FALSE,HIGH,NORMAL,HIGH,FALSE,HIGH,HIGH,NORMAL,FALSE,NORMAL
FALSE,FALSE,NORMAL,FALSE,HIGH,FALSE,HIGH,LOW,NORMAL,HIGH,NORMAL,LOW,HIGH,HIGH,NORMAL,FALSE,NORMAL,NORMAL,LOW,NORMAL,ZERO,FALSE,LOW,ZERO,LOW,HIGH,FALSE,FALSE,HIGH,NORMAL,LOW,FALSE,HIGH,ZERO,NORMAL,FALSE,NORMAL
FALSE,FALSE,NORMAL,FALSE,HIGH,FALSE,HIGH,HIGH,NORMAL,HIGH,NORMAL,LOW,HIGH,HIGH,NORMAL,FALSE,LOW,NORMAL,HIGH,LOW,ZERO,FALSE,LOW,ZERO,LOW,HIGH,FALSE,FALSE,HIGH,LOW,LOW,FALSE,HIGH,ZERO,NORMAL,FALSE,NORMAL
FALSE,FALSE,NORMAL,FALSE,HIGH,FALSE,LOW,HIGH,NORMAL,HIGH,NORMAL,LOW,NORMAL,NORMAL,NORMAL,FALSE,HIGH,NORMAL,HIGH,NORMAL,ZERO,FALSE,LOW,ZERO,LOW,LOW,FALSE,TRUE,LOW,HIGH,LOW,FALSE,NORMAL,ZERO,NORMAL,FALSE,NORMAL
FALSE,FALSE,NORMAL,FALSE,HIGH,FALSE,HIGH,HIGH,NORMAL,LOW,NORMAL,LOW,HIGH,LOW,NORMAL,FALSE,HIGH,NORMAL,LOW,HIGH,ZERO,FALSE,LOW,ZERO,LOW,HIGH,FALSE,TRUE,HIGH,HIGH,LOW,FALSE,HIGH,ZERO,LOW,FALSE,NORMAL
FALSE,FALSE,NORMAL,TRUE,HIGH,FALSE,HIGH,LOW,NORMAL,NORMAL,NORMAL,LOW,HIGH,LOW,NORMAL,FALSE,LOW,NORMAL,HIGH,LOW,ZERO,FALSE,LOW,ZERO,LOW,HIGH,TRUE,FALSE,HIGH,LOW,LOW,FALSE,HIGH,ZERO,LOW,FALSE,NORMAL
FALSE,FALSE,NORMAL,FALSE,HIGH,FALSE,HIGH,HIGH,NORMAL,LOW,NORMAL,LOW,HIGH,HIGH,NORMAL,FALSE,HIGH,NORMAL,LOW,NORMAL,ZERO,FALSE,LOW,ZERO,LOW,HIGH,FALSE,FALSE,HIGH,HIGH,LOW,FALSE,HIGH,ZERO,NORMAL,FALSE,NORMAL
FALSE,FALSE,NORMAL,FALSE,HIGH,FALSE,HIGH,HIGH,NORMAL,NORMAL,NORMAL,LOW,HIGH,HIGH,NORMAL,FALSE,HIGH,NORMAL,NORMAL,HIGH,ZERO,FALSE,LOW,ZERO,LOW,HIGH,FALSE,FALSE,HIGH,HIGH,LOW,FALSE,HIGH,ZERO,NORMAL,FALSE,NORMAL
FALSE,FALSE,NORMAL,FALSE,HIGH,FALSE,LOW,HIGH,NORMAL,HIGH,NORMAL,LOW,NORMAL,NORMAL,ESOPHAGEAL,FALSE,NORMAL,NORMAL,HIGH,NORMAL,LOW,FALSE,LOW,ZERO,NORMAL,LOW,FALSE,FALSE,LOW,NORMAL,LOW,FALSE,NORMAL,ZERO,NORMAL,FALSE,NORMAL
FALSE,TRUE,NORMAL,FALSE,HIGH,FALSE,LOW,LOW,NORMAL,LOW,NORMAL,LOW,HIGH,LOW,NORMAL,FALSE,NORMAL,NORMAL,LOW,LOW,ZERO,FALSE,LOW,ZERO,LOW,LOW,FALSE,FALSE,HIGH,NORMAL,LOW,FALSE,LOW,ZERO,NORMAL,FALSE,NORMAL
FALSE,FALSE,HIGH,FALSE,LOW,TRUE,LOW,LOW,NORMAL,HIGH,HIGH,HIGH,NORMAL,NORMAL,NORMAL,FALSE,HIGH,HIGH,HIGH,HIGH,LOW,FALSE,HIGH,HIGH,LOW,NORMAL,FALSE,TRUE,LOW,HIGH,HIGH,FALSE,NORMAL,HIGH,NORMAL,FALSE,NORMAL
FALSE,FALSE,NORMAL,FALSE,HIGH,TRUE,HIGH,HIGH,NORMAL,LOW,NORMAL,LOW,HIGH,LOW,NORMAL,FALSE,NORMAL,NORMAL,HIGH,NORMAL,ZERO,FALSE,LOW,ZERO,LOW,NORMAL,FALSE,FALSE,NORMAL,NORMAL,LOW,FALSE,HIGH,ZERO,LOW,FALSE,HIGH
FALSE,FALSE,NORMAL,FALSE,HIGH,TRUE,HIGH,LOW,NORMAL,HIGH,NORMAL,LOW,HIGH,HIGH,NORMAL,FALSE,NORMAL,NORMAL,HIGH,NORMAL,ZERO,FALSE,LOW,ZERO,LOW,NORMAL,FALSE,FALSE,NORMAL,NORMAL,LOW,FALSE,HIGH,ZERO,NORMAL,FALSE,NORMAL
FALSE,FALSE,NORMAL,FALSE,HIGH,FALSE,HIGH,HIGH,NORMAL,NORMAL,NORMAL,LOW,HIGH,HIGH,NORMAL,FALSE,LOW,NORMAL,NORMAL,LOW,ZERO,FALSE,LOW,ZERO,LOW,HIGH,FALSE,FALSE,HIGH,LOW,LOW,FALSE,HIGH,ZERO,NORMAL,FALSE,NORMAL
FALSE,FALSE,HIGH,FALSE,HIGH,FALSE,HIGH,NORMAL,NORMAL,LOW,NORMAL,LOW,HIGH,HIGH,NORMAL,FALSE,NORMAL,NORMAL,LOW,NORMAL,ZERO,FALSE,LOW,ZERO,LOW,HIGH,FALSE,FALSE,HIGH,NORMAL,LOW,FALSE,HIGH,ZERO,NORMAL,FALSE,NORMAL
FALSE,FALSE,NORMAL,FALSE,HIGH,FALSE,HIGH,HIGH,NORMAL,NORMAL,ZERO,ZERO,HIGH,HIGH,NORMAL,FALSE,HIGH,NORMAL,LOW,NORMAL,ZERO,FALSE,LOW,ZERO,LOW,HIGH,FALSE,TRUE,HIGH,HIGH,LOW,FALSE,HIGH,ZERO,NORMAL,FALSE,NORMAL
FALSE,FALSE,NORMAL,FALSE,LOW,FALSE,HIGH,LOW,NORMAL,HIGH,HIGH,HIGH,HIGH,HIGH,NORMAL,FALSE,NORMAL,HIGH,NORMAL,NORMAL,LOW,FALSE,HIGH,HIGH,LOW,HIGH,FALSE,FALSE,HIGH,NORMAL,HIGH,FALSE,HIGH,HIGH,NORMAL,FALSE,NORMAL
FALSE,FALSE,NORMAL,FALSE,HIGH,FALSE,HIGH,HIGH,NORMAL,LOW,NORMAL,LOW,HIGH,LOW,NORMAL,FALSE,HIGH,NORMAL,LOW,HIGH,ZERO,FALSE,LOW,ZERO,LOW,HIGH,FALSE,TRUE,HIGH,HIGH,LOW,FALSE,HIGH,ZERO,LOW,FALSE,NORMAL
FALSE,FALSE,NORMAL,FALSE,LOW,TRUE,LOW,LOW,NORMAL,HIGH,HIGH,HIGH,NORMAL,NORMAL,NORMAL,FALSE,NORMAL,HIGH,HIGH,NORMAL,LOW,FALSE,HIGH,HIGH,LOW,NORMAL,FALSE,FALSE,HIGH,NORMAL,HIGH,FALSE,NORMAL,HIGH,NORMAL,FALSE,NORMAL
FALSE,FALSE,NORMAL,FALSE,HIGH,FALSE,HIGH,HIGH,NORMAL,HIGH,NORMAL,LOW,HIGH,HIGH,NORMAL,FALSE,NORMAL,NORMAL,NORMAL,NORMAL,ZERO,FALSE,LOW,ZERO,LOW,HIGH,FALSE,FALSE,HIGH,NORMAL,LOW,FALSE,HIGH,ZERO,NORMAL,FALSE,NORMAL
FALSE,FALSE,NORMAL,FALSE,NORMAL,FALSE,HIGH,HIGH,NORMAL,HIGH,NORMAL,LOW,HIGH,HIGH,NORMAL,FALSE,NORMAL,NORMAL,NORMAL,NORMAL,ZERO,FALSE,NORMAL,ZERO,LOW,HIGH,FALSE,FALSE,HIGH,NORMAL,NORMAL,FALSE,HIGH,ZERO,NORMAL,FALSE,NORMAL
TRUE,FALSE,NORMAL,FALSE,HIGH,FALSE,HIGH,HIGH,NORMAL,LOW,NORMAL,ZERO,HIGH,NORMAL,NORMAL,FALSE,LOW,NORMAL,LOW,NORMAL,ZERO,FALSE,LOW,ZERO,LOW,HIGH,FALSE,FALSE,HIGH,NORMAL,LOW,FALSE,HIGH,ZERO,NORMAL,FALSE,NORMAL
FALSE,FALSE,NORMAL,FALSE,HIGH,FALSE,HIGH,HIGH,NORMAL,HIGH,NORMAL,NORMAL,HIGH,HIGH,NORMAL,FALSE,NORMAL,NORMAL,NORMAL,NORMAL,HIGH,FALSE,LOW,LOW,HIGH,HIGH,FALSE,FALSE,HIGH,NORMAL,HIGH,FALSE,HIGH,LOW,NORMAL,FALSE,NORMAL
FALSE,FALSE,NORMAL,FALSE,HIGH,FALSE,HIGH,LOW,NORMAL,LOW,NORMAL,LOW,HIGH,HIGH,NORMAL,FALSE,NORMAL,NORMAL,LOW,NORMAL,ZERO,FALSE,LOW,ZERO,LOW,HIGH,FALSE,FALSE,HIGH,NORMAL,LOW,FALSE,HIGH,ZERO,NORMAL,FALSE,NORMAL
FALSE,TRUE,NORMAL,FALSE,HIGH,FALSE,HIGH,LOW,NORMAL,HIGH,NORMAL,LOW,HIGH,HIGH,NORMAL,FALSE,NORMAL,NORMAL,NORMAL,NORMAL,ZERO,FALSE,LOW,ZERO,LOW,HIGH,FALSE,FALSE,HIGH,NORMAL,LOW,FALSE,HIGH,ZERO,NORMAL,FALSE,NORMAL
FALSE,FALSE,NORMAL,FALSE,LOW,TRUE,HIGH,LOW,NORMAL,LOW,HIGH,HIGH,HIGH,HIGH,NORMAL,FALSE,NORMAL,HIGH,LOW,NORMAL,LOW,FALSE,HIGH,HIGH,LOW,NORMAL,FALSE,FALSE,NORMAL,NORMAL,HIGH,FALSE,HIGH,HIGH,NORMAL,FALSE,NORMAL
FALSE,FALSE,HIGH,FALSE,HIGH,FALSE,HIGH,LOW,NORMAL,HIGH,NORMAL,LOW,HIGH,HIGH,NORMAL,FALSE,HIGH,NORMAL,HIGH,NORMAL,ZERO,FALSE,LOW,ZERO,LOW,HIGH,FALSE,TRUE,HIGH,HIGH,LOW,FALSE,HIGH,ZERO,NORMAL,FALSE,NORMAL
FALSE,FALSE,NORMAL,FALSE,HIGH,FALSE,HIGH,NORMAL,NORMAL,HIGH,NORMAL,LOW,HIGH,HIGH,NORMAL,FALSE,NORMAL,NORMAL,NORMAL,NORMAL,ZERO,FALSE,LOW,ZERO,LOW,HIGH,FALSE,FALSE,HIGH,NORMAL,LOW,FALSE,HIGH,ZERO,NORMAL,FALSE,NORMAL
FALSE,FALSE,NORMAL,FALSE,HIGH,FALSE,HIGH,ZERO,NORMAL,NORMAL,NORMAL,LOW,HIGH,HIGH,NORMAL,FALSE,NORMAL,NORMAL,LOW,NORMAL,ZERO,FALSE,LOW,ZERO,LOW,HIGH,FALSE,FALSE,HIGH,NORMAL,LOW,FALSE,HIGH,ZERO,NORMAL,FALSE,NORMAL
FALSE,FALSE,NORMAL,FALSE,LOW,TRUE,HIGH,HIGH,NORMAL,NORMAL,ZERO,ZERO,HIGH,HIGH,NORMAL,FALSE,HIGH,NORMAL,NORMAL,HIGH,LOW,FALSE,HIGH,HIGH,LOW,NORMAL,FALSE,TRUE,NORMAL,HIGH,NORMAL,FALSE,HIGH,HIGH,NORMAL,FALSE,NORMAL
FALSE,FALSE,NORMAL,FALSE,HIGH,TRUE,HIGH,HIGH,NORMAL,NORMAL,NORMAL,LOW,HIGH,NORMAL,NORMAL,FALSE,NORMAL,NORMAL,NORMAL,NORMAL,ZERO,FALSE,LOW,ZERO,LOW,NORMAL,FALSE,FALSE,NORMAL,NORMAL,LOW,FALSE,HIGH,ZERO,NORMAL,FALSE,NORMAL
FALSE,FALSE,NORMAL,FALSE,HIGH,TRUE,LOW,HIGH,NORMAL,HIGH,NORMAL,LOW,NORMAL,NORMAL,NORMAL,FALSE,NORMAL,NORMAL,HIGH,NORMAL,ZERO,FALSE,LOW,ZERO,LOW,LOW,FALSE,FALSE,HIGH,NORMAL,LOW,FALSE,NORMAL,ZERO,NORMAL,FALSE,NORMAL
FALSE,FALSE,NORMAL,FALSE,LOW,FALSE,HIGH,LOW,NORMAL,NORMAL,HIGH,HIGH,HIGH,HIGH,NORMAL,FALSE,NORMAL,HIGH,NORMAL,NORMAL,LOW,FALSE,HIGH,HIGH,LOW,HIGH,FALSE,FALSE,HIGH,NORMAL,NORMAL,FALSE,HIGH,HIGH,NORMAL,FALSE,HIGH
FALSE,FALSE,NORMAL,FALSE,HIGH,FALSE,NORMAL,ZERO,NORMAL,NORMAL,NORMAL,LOW,HIGH,HIGH,NORMAL,TRUE,NORMAL,NORMAL,NORMAL,NORMAL,ZERO,FALSE,LOW,ZERO,LOW,HIGH,FALSE,FALSE,HIGH,NORMAL,LOW,FALSE,HIGH,ZERO,NORMAL,FALSE,NORMAL
FALSE,FALSE,NORMAL,FALSE,HIGH,FALSE,HIGH,HIGH,NORMAL,HIGH,NORMAL,LOW,HIGH,HIGH,NORMAL,FALSE,HIGH,NORMAL,HIGH,HIGH,ZERO,FALSE,LOW,ZERO,LOW,HIGH,FALSE,FALSE,HIGH,HIGH,LOW,FALSE,HIGH,ZERO,NORMAL,FALSE,NORMAL
FALSE,FALSE,HIGH,FALSE,HIGH,FALSE,HIGH,NORMAL,NORMAL,HIGH,NORMAL,LOW,HIGH,HIGH,NORMAL,FALSE,NORMAL,NORMAL,NORMAL,NORMAL,ZERO,FALSE,LOW,ZERO,LOW,HIGH,FALSE,FALSE,HIGH,NORMAL,LOW,FALSE,HIGH,ZERO,NORMAL,FALSE,NORMAL
FALSE,FALSE,NORMAL,FALSE,HIGH,TRUE,HIGH,HIGH,NORMAL,NORMAL,NORMAL,LOW,HIGH,HIGH,NORMAL,FALSE,NORMAL,NORMAL,LOW,NORMAL,ZERO,FALSE,LOW,ZERO,LOW,NORMAL,FALSE,FALSE,NORMAL,NORMAL,LOW,FALSE,HIGH,ZERO,NORMAL,FALSE,NORMAL
FALSE,FALSE,NORMAL,FALSE,HIGH,FALSE,HIGH,NORMAL,NORMAL,HIGH,NORMAL,LOW,HIGH,HIGH,NORMAL,FALSE,NORMAL,NORMAL,HIGH,NORMAL,ZERO,FALSE,LOW,ZERO,LOW,HIGH,FALSE,FALSE,HIGH,NORMAL,LOW,FALSE,HIGH,ZERO,NORMAL,FALSE,NORMAL
FALSE,TRUE,NORMAL,FALSE,HIGH,FALSE,HIGH,NORMAL,NORMAL,HIGH,NORMAL,LOW,HIGH,HIGH,NORMAL,FALSE,NORMAL,NORMAL,NORMAL,NORMAL,ZERO,FALSE,LOW,ZERO,LOW,HIGH,FALSE,FALSE,HIGH,NORMAL,LOW,FALSE,HIGH,ZERO,NORMAL,FALSE,NORMAL
FALSE,FALSE,NORMAL,FALSE,LOW,FALSE,HIGH,HIGH,NORMAL,LOW,ZERO,ZERO,HIGH,LOW,NORMAL,FALSE,NORMAL,NORMAL,NORMAL,NORMAL,LOW,FALSE,HIGH,ZERO,LOW,HIGH,FALSE,FALSE,HIGH,NORMAL,HIGH,FALSE,HIGH,HIGH,LOW,FALSE,NORMAL
FALSE,FALSE,NORMAL,FALSE,LOW,TRUE,HIGH,LOW,NORMAL,LOW,NORMAL,HIGH,HIGH,HIGH,NORMAL,FALSE,NORMAL,NORMAL,LOW,NORMAL,LOW,FALSE,HIGH,HIGH,LOW,NORMAL,FALSE,FALSE,NORMAL,NORMAL,HIGH,FALSE,HIGH,HIGH,NORMAL,FALSE,NORMAL
TRUE,FALSE,LOW,FALSE,NORMAL,FALSE,LOW,HIGH,NORMAL,NORMAL,NORMAL,ZERO,NORMAL,LOW,NORMAL,FALSE,NORMAL,NORMAL,HIGH,HIGH,LOW,FALSE,HIGH,HIGH,ZERO,NORMAL,FALSE,FALSE,LOW,HIGH,HIGH,FALSE,LOW,HIGH,LOW,FALSE,NORMAL
FALSE,FALSE,NORMAL,FALSE,HIGH,FALSE,NORMAL,HIGH,NORMAL,LOW,NORMAL,LOW,HIGH,LOW,NORMAL,FALSE,NORMAL,NORMAL,NORMAL,LOW,ZERO,FALSE,LOW,ZERO,LOW,LOW,FALSE,FALSE,NORMAL,NORMAL,HIGH,FALSE,LOW,ZERO,NORMAL,FALSE,NORMAL
FALSE,FALSE,NORMAL,FALSE,NORMAL,FALSE,HIGH,HIGH,NORMAL,LOW,NORMAL,LOW,HIGH,LOW,ONESIDED,FALSE,HIGH,NORMAL,NORMAL,HIGH,ZERO,FALSE,LOW,NORMAL,LOW,HIGH,FALSE,TRUE,HIGH,HIGH,LOW,FALSE,HIGH,NORMAL,LOW,FALSE,HIGH
FALSE,FALSE,NORMAL,FALSE,HIGH,FALSE,HIGH,ZERO,NORMAL,HIGH,LOW,ZERO,HIGH,HIGH,NORMAL,FALSE,HIGH,LOW,HIGH,HIGH,ZERO,FALSE,LOW,ZERO,LOW,HIGH,FALSE,TRUE,HIGH,HIGH,LOW,FALSE,HIGH,ZERO,HIGH,FALSE,NORMAL
FALSE,FALSE,NORMAL,FALSE,HIGH,TRUE,HIGH,NORMAL,NORMAL,HIGH,NORMAL,LOW,HIGH,HIGH,NORMAL,FALSE,HIGH,NORMAL,NORMAL,NORMAL,ZERO,FALSE,LOW,ZERO,LOW,NORMAL,FALSE,FALSE,NORMAL,HIGH,LOW,FALSE,HIGH,ZERO,HIGH,FALSE,NORMAL
FALSE,FALSE,HIGH,FALSE,HIGH,FALSE,HIGH,LOW,NORMAL,HIGH,NORMAL,LOW,HIGH,HIGH,NORMAL,FALSE,NORMAL,NORMAL,NORMAL,NORMAL,ZERO,FALSE,LOW,ZERO,LOW,HIGH,FALSE,FALSE,HIGH,NORMAL,LOW,FALSE,HIGH,ZERO,NORMAL,FALSE,NORMAL
FALSE,FALSE,NORMAL,FALSE,LOW,FALSE,LOW,LOW,LOW,LOW,HIGH,HIGH,HIGH,LOW,NORMAL,FALSE,HIGH,HIGH,NORMAL,NORMAL,LOW,FALSE,NORMAL,HIGH,ZERO,LOW,FALSE,TRUE,LOW,HIGH,NORMAL,FALSE,NORMAL,HIGH,LOW,FALSE,NORMAL
FALSE,TRUE,NORMAL,TRUE,HIGH,FALSE,HIGH,HIGH,NORMAL,LOW,NORMAL,LOW,HIGH,HIGH,NORMAL,FALSE,LOW,NORMAL,LOW,LOW,ZERO,FALSE,LOW,ZERO,LOW,HIGH,TRUE,FALSE,HIGH,LOW,LOW,FALSE,HIGH,ZERO,NORMAL,FALSE,NORMAL
FALSE,FALSE,NORMAL,FALSE,NORMAL,FALSE,HIGH,HIGH,NORMAL,NORMAL,LOW,ZERO,NORMAL,NORMAL,NORMAL,TRUE,NORMAL,NORMAL,HIGH,NORMAL,LOW,FALSE,HIGH,HIGH,ZERO,LOW,FALSE,FALSE,LOW,NORMAL,HIGH,FALSE,NORMAL,HIGH,NORMAL,FALSE,NORMAL
FALSE,FALSE,NORMAL,FALSE,LOW,FALSE,LOW,LOW,NORMAL,NORMAL,HIGH,HIGH,NORMAL,NORMAL,NORMAL,FALSE,LOW,HIGH,HIGH,LOW,LOW,FALSE,HIGH,HIGH,LOW,LOW,FALSE,FALSE,LOW,LOW,HIGH,FALSE,NORMAL,HIGH,NORMAL,FALSE,NORMAL
FALSE,FALSE,NORMAL,FALSE,HIGH,FALSE,HIGH,LOW,NORMAL,LOW,NORMAL,LOW,HIGH,LOW,NORMAL,FALSE,LOW,NORMAL,LOW,LOW,ZERO,TRUE,LOW,ZERO,LOW,HIGH,FALSE,FALSE,HIGH,LOW,LOW,FALSE,HIGH,ZERO,LOW,FALSE,NORMAL
TRUE,FALSE,NORMAL,FALSE,HIGH,FALSE,HIGH,HIGH,NORMAL,LOW,NORMAL,ZERO,HIGH,LOW,NORMAL,FALSE,HIGH,NORMAL,NORMAL,HIGH,ZERO,FALSE,LOW,ZERO,LOW,HIGH,FALSE,FALSE,HIGH,HIGH,LOW,FALSE,HIGH,ZERO,LOW,FALSE,NORMAL
FALSE,FALSE,NORMAL,FALSE,NORMAL,FALSE,HIGH,HIGH,NORMAL,HIGH,NORMAL,LOW,HIGH,HIGH,NORMAL,FALSE,HIGH,NORMAL,NORMAL,HIGH,NORMAL,FALSE,LOW,LOW,NORMAL,HIGH,FALSE,FALSE,HIGH,HIGH,LOW,FALSE,HIGH,NORMAL,NORMAL,FALSE,HIGH
FALSE,FALSE,NORMAL,FALSE,HIGH,FALSE,LOW,NORMAL,NORMAL,NORMAL,NORMAL,LOW,HIGH,NORMAL,NORMAL,FALSE,NORMAL,NORMAL,NORMAL,NORMAL,HIGH,FALSE,LOW,LOW,HIGH,LOW,FALSE,FALSE,LOW,NORMAL,LOW,FALSE,NORMAL,LOW,NORMAL,FALSE,NORMAL
FALSE,FALSE,NORMAL,FALSE,HIGH,FALSE,HIGH,HIGH,NORMAL,LOW,NORMAL,LOW,HIGH,HIGH,ONESIDED,FALSE,NORMAL,NORMAL,LOW,NORMAL,LOW,FALSE,LOW,ZERO,NORMAL,HIGH,FALSE,FALSE,HIGH,NORMAL,LOW,FALSE,HIGH,LOW,NORMAL,FALSE,HIGH
FALSE,FALSE,NORMAL,FALSE,HIGH,FALSE,HIGH,HIGH,NORMAL,HIGH,NORMAL,LOW,HIGH,HIGH,NORMAL,FALSE,NORMAL,NORMAL,NORMAL,LOW,ZERO,FALSE,LOW,ZERO,LOW,HIGH,FALSE,TRUE,HIGH,HIGH,LOW,FALSE,HIGH,ZERO,NORMAL,FALSE,NORMAL
FALSE,TRUE,NORMAL,FALSE,HIGH,FALSE,HIGH,HIGH,NORMAL,HIGH,NORMAL,LOW,HIGH,HIGH,NORMAL,FALSE,NORMAL,NORMAL,NORMAL,NORMAL,ZERO,FALSE,LOW,ZERO,LOW,HIGH,FALSE,FALSE,HIGH,NORMAL,LOW,FALSE,HIGH,ZERO,NORMAL,FALSE,NORMAL
TRUE,FALSE,NORMAL,FALSE,LOW,TRUE,HIGH,HIGH,NORMAL,LOW,NORMAL,ZERO,HIGH,LOW,NORMAL,FALSE,HIGH,NORMAL,NORMAL,NORMAL,LOW,FALSE,HIGH,HIGH,LOW,NORMAL,FALSE,TRUE,NORMAL,HIGH,HIGH,FALSE,HIGH,HIGH,LOW,FALSE,NORMAL
FALSE,FALSE,NORMAL,FALSE,HIGH,FALSE,HIGH,ZERO,NORMAL,LOW,ZERO,ZERO,HIGH,LOW,ESOPHAGEAL,FALSE,NORMAL,NORMAL,NORMAL,NORMAL,ZERO,FALSE,LOW,LOW,LOW,HIGH,FALSE,TRUE,HIGH,NORMAL,LOW,FALSE,HIGH,LOW,LOW,FALSE,NORMAL
FALSE,FALSE,NORMAL,FALSE,HIGH,FALSE,HIGH,NORMAL,NORMAL,LOW,NORMAL,LOW,HIGH,HIGH,NORMAL,FALSE,HIGH,NORMAL,LOW,HIGH,ZERO,FALSE,LOW,ZERO,LOW,HIGH,FALSE,TRUE,HIGH,HIGH,LOW,FALSE,HIGH,ZERO,NORMAL,FALSE,NORMAL
FALSE,FALSE,NORMAL,FALSE,HIGH,TRUE,HIGH,HIGH,NORMAL,HIGH,NORMAL,LOW,HIGH,HIGH,NORMAL,FALSE,NORMAL,NORMAL,NORMAL,NORMAL,ZERO,FALSE,LOW,ZERO,LOW,NORMAL,FALSE,FALSE,HIGH,NORMAL,LOW,FALSE,HIGH,ZERO,NORMAL,FALSE,NORMAL
FALSE,FALSE,NORMAL,FALSE,HIGH,FALSE,LOW,NORMAL,NORMAL,NORMAL,NORMAL,LOW,HIGH,NORMAL,NORMAL,FALSE,HIGH,NORMAL,NORMAL,NORMAL,ZERO,FALSE,LOW,ZERO,LOW,LOW,FALSE,TRUE,LOW,HIGH,LOW,FALSE,NORMAL,ZERO,NORMAL,FALSE,NORMAL
FALSE,FALSE,NORMAL,FALSE,HIGH,TRUE,LOW,HIGH,NORMAL,HIGH,NORMAL,LOW,HIGH,HIGH,NORMAL,FALSE,NORMAL,NORMAL,NORMAL,NORMAL,ZERO,FALSE,LOW,ZERO,LOW,NORMAL,FALSE,FALSE,NORMAL,NORMAL,LOW,FALSE,HIGH,ZERO,NORMAL,FALSE,NORMAL
TRUE,FALSE,NORMAL,FALSE,LOW,FALSE,LOW,HIGH,NORMAL,HIGH,NORMAL,ZERO,NORMAL,NORMAL,NORMAL,FALSE,NORMAL,NORMAL,HIGH,NORMAL,LOW,FALSE,HIGH,HIGH,LOW,LOW,FALSE,FALSE,LOW,NORMAL,HIGH,FALSE,NORMAL,HIGH,NORMAL,FALSE,NORMAL
FALSE,FALSE,NORMAL,FALSE,HIGH,FALSE,HIGH,HIGH,NORMAL,HIGH,NORMAL,LOW,HIGH,HIGH,NORMAL,FALSE,NORMAL,NORMAL,NORMAL,NORMAL,ZERO,FALSE,LOW,ZERO,LOW,HIGH,FALSE,FALSE,HIGH,NORMAL,LOW,FALSE,HIGH,ZERO,NORMAL,FALSE,NORMAL
FALSE,FALSE,NORMAL,FALSE,HIGH,FALSE,HIGH,HIGH,NORMAL,NORMAL,NORMAL,LOW,HIGH,HIGH,NORMAL,FALSE,NORMAL,NORMAL,LOW,NORMAL,ZERO,FALSE,LOW,ZERO,LOW,HIGH,FALSE,FALSE,HIGH,NORMAL,LOW,FALSE,HIGH,ZERO,NORMAL,FALSE,NORMAL
FALSE,FALSE,NORMAL,FALSE,HIGH,FALSE,LOW,LOW,NORMAL,LOW,NORMAL,LOW,HIGH,LOW,NORMAL,FALSE,HIGH,NORMAL,NORMAL,HIGH,ZERO,FALSE,LOW,ZERO,LOW,LOW,FALSE,TRUE,LOW,HIGH,LOW,FALSE,NORMAL,ZERO,LOW,FALSE,NORMAL
TRUE,FALSE,NORMAL,FALSE,LOW,FALSE,HIGH,HIGH,NORMAL,HIGH,ZERO,ZERO,HIGH,HIGH,NORMAL,FALSE,NORMAL,HIGH,NORMAL,LOW,LOW,FALSE,HIGH,HIGH,LOW,HIGH,FALSE,FALSE,HIGH,NORMAL,HIGH,FALSE,HIGH,HIGH,NORMAL,FALSE,NORMAL
TRUE,FALSE,NORMAL,FALSE,NORMAL,TRUE,HIGH,HIGH,NORMAL,HIGH,NORMAL,ZERO,HIGH,HIGH,NORMAL,FALSE,HIGH,NORMAL,NORMAL,HIGH,LOW,FALSE,HIGH,HIGH,ZERO,NORMAL,FALSE,FALSE,NORMAL,HIGH,HIGH,FALSE,HIGH,HIGH,NORMAL,FALSE,NORMAL
FALSE,FALSE,NORMAL,FALSE,HIGH,FALSE,HIGH,ZERO,NORMAL,NORMAL,NORMAL,ZERO,HIGH,HIGH,ESOPHAGEAL,FALSE,NORMAL,NORMAL,NORMAL,NORMAL,ZERO,FALSE,LOW,LOW,LOW,HIGH,FALSE,FALSE,HIGH,NORMAL,LOW,FALSE,HIGH,LOW,NORMAL,FALSE,HIGH
FALSE,FALSE,NORMAL,FALSE,HIGH,FALSE,HIGH,NORMAL,NORMAL,LOW,NORMAL,LOW,HIGH,HIGH,NORMAL,FALSE,NORMAL,NORMAL,LOW,NORMAL,ZERO,FALSE,LOW,ZERO,LOW,HIGH,FALSE,FALSE,HIGH,NORMAL,LOW,FALSE,HIGH,ZERO,NORMAL,FALSE,NORMAL
FALSE,FALSE,NORMAL,FALSE,HIGH,FALSE,LOW,HIGH,NORMAL,NORMAL,NORMAL,LOW,HIGH,NORMAL,NORMAL,FALSE,NORMAL,NORMAL,NORMAL,NORMAL,ZERO,FALSE,LOW,ZERO,LOW,LOW,FALSE,FALSE,LOW,NORMAL,LOW,FALSE,NORMAL,ZERO,NORMAL,FALSE,HIGH
FALSE,FALSE,NORMAL,FALSE,HIGH,FALSE,HIGH,NORMAL,LOW,HIGH,NORMAL,LOW,HIGH,HIGH,NORMAL,FALSE,LOW,NORMAL,NORMAL,LOW,ZERO,FALSE,LOW,ZERO,LOW,HIGH,FALSE,FALSE,HIGH,LOW,LOW,FALSE,HIGH,ZERO,NORMAL,FALSE,NORMAL
FALSE,FALSE,NORMAL,FALSE,HIGH,TRUE,HIGH,HIGH,NORMAL,HIGH,NORMAL,LOW,HIGH,HIGH,NORMAL,FALSE,NORMAL,NORMAL,NORMAL,NORMAL,ZERO,FALSE,LOW,ZERO,LOW,NORMAL,FALSE,FALSE,NORMAL,NORMAL,LOW,FALSE,HIGH,ZERO,NORMAL,FALSE,NORMAL
FALSE,TRUE,NORMAL,FALSE,HIGH,FALSE,HIGH,NORMAL,NORMAL,LOW,NORMAL,LOW,HIGH,HIGH,NORMAL,FALSE,NORMAL,NORMAL,LOW,NORMAL,ZERO,FALSE,LOW,ZERO,LOW,HIGH,FALSE,FALSE,HIGH,NORMAL,LOW,FALSE,HIGH,ZERO,NORMAL,FALSE,NORMAL
FALSE,FALSE,NORMAL,FALSE,HIGH,FALSE,LOW,HIGH,NORMAL,NORMAL,LOW,ZERO,HIGH,NORMAL,NORMAL,FALSE,NORMAL,LOW,NORMAL,NORMAL,ZERO,FALSE,LOW,ZERO,LOW,LOW,FALSE,FALSE,LOW,NORMAL,LOW,FALSE,NORMAL,ZERO,NORMAL,FALSE,NORMAL
FALSE,FALSE,NORMAL,FALSE,HIGH,FALSE,HIGH,LOW,NORMAL,LOW,NORMAL,LOW,HIGH,HIGH,NORMAL,FALSE,NORMAL,NORMAL,LOW,NORMAL,ZERO,FALSE,LOW,ZERO,LOW,HIGH,FALSE,FALSE,HIGH,NORMAL,LOW,FALSE,HIGH,ZERO,HIGH,FALSE,NORMAL
FALSE,FALSE,NORMAL,FALSE,HIGH,FALSE,HIGH,LOW,NORMAL,HIGH,NORMAL,LOW,HIGH,HIGH,NORMAL,FALSE,NORMAL,NORMAL,NORMAL,NORMAL,ZERO,FALSE,LOW,ZERO,LOW,HIGH,FALSE,FALSE,HIGH,NORMAL,LOW,FALSE,HIGH,ZERO,NORMAL,FALSE,NORMAL
FALSE,FALSE,NORMAL,TRUE,HIGH,FALSE,HIGH,NORMAL,NORMAL,NORMAL,NORMAL,LOW,HIGH,LOW,NORMAL,FALSE,LOW,NORMAL,HIGH,NORMAL,ZERO,FALSE,LOW,ZERO,LOW,HIGH,TRUE,TRUE,HIGH,LOW,LOW,FALSE,HIGH,ZERO,LOW,FALSE,NORMAL
FALSE,FALSE,NORMAL,FALSE,HIGH,FALSE,HIGH,HIGH,NORMAL,HIGH,NORMAL,LOW,HIGH,HIGH,NORMAL,FALSE,NORMAL,NORMAL,NORMAL,NORMAL,ZERO,FALSE,LOW,ZERO,LOW,HIGH,FALSE,FALSE,HIGH,NORMAL,LOW,FALSE,HIGH,ZERO,NORMAL,FALSE,HIGH
FALSE,FALSE,NORMAL,FALSE,HIGH,FALSE,HIGH,HIGH,NORMAL,HIGH,NORMAL,LOW,HIGH,HIGH,ONESIDED,FALSE,HIGH,NORMAL,NORMAL,NORMAL,LOW,FALSE,LOW,ZERO,NORMAL,LOW,FALSE,TRUE,HIGH,HIGH,LOW,FALSE,HIGH,LOW,NORMAL,FALSE,HIGH
FALSE,FALSE,NORMAL,FALSE,HIGH,TRUE,LOW,HIGH,NORMAL,LOW,NORMAL,LOW,HIGH,NORMAL,NORMAL,FALSE,NORMAL,NORMAL,LOW,NORMAL,ZERO,FALSE,LOW,ZERO,LOW,NORMAL,FALSE,FALSE,NORMAL,NORMAL,LOW,FALSE,NORMAL,ZERO,NORMAL,FALSE,NORMAL
FALSE,FALSE,HIGH,FALSE,LOW,FALSE,HIGH,LOW,LOW,LOW,HIGH,HIGH,HIGH,HIGH,NORMAL,FALSE,NORMAL,HIGH,LOW,LOW,LOW,FALSE,NORMAL,HIGH,LOW,HIGH,FALSE,FALSE,HIGH,NORMAL,NORMAL,FALSE,HIGH,HIGH,NORMAL,FALSE,NORMAL
FALSE,FALSE,NORMAL,FALSE,HIGH,FALSE,LOW,HIGH,NORMAL,NORMAL,LOW,ZERO,HIGH,NORMAL,NORMAL,FALSE,NORMAL,LOW,NORMAL,NORMAL,ZERO,FALSE,LOW,ZERO,LOW,LOW,FALSE,FALSE,LOW,NORMAL,LOW,FALSE,NORMAL,ZERO,NORMAL,TRUE,NORMAL
FALSE,TRUE,NORMAL,TRUE,NORMAL,TRUE,HIGH,HIGH,NORMAL,LOW,NORMAL,LOW,HIGH,LOW,ONESIDED,FALSE,LOW,NORMAL,LOW,LOW,LOW,FALSE,LOW,LOW,ZERO,HIGH,TRUE,FALSE,NORMAL,LOW,LOW,FALSE,HIGH,LOW,LOW,FALSE,HIGH
FALSE,FALSE,NORMAL,FALSE,HIGH,FALSE,HIGH,ZERO,NORMAL,LOW,LOW,ZERO,HIGH,HIGH,NORMAL,FALSE,NORMAL,LOW,LOW,NORMAL,ZERO,FALSE,LOW,ZERO,LOW,HIGH,FALSE,FALSE,HIGH,NORMAL,LOW,FALSE,HIGH,ZERO,NORMAL,FALSE,NORMAL
FALSE,FALSE,NORMAL,FALSE,HIGH,FALSE,HIGH,NORMAL,NORMAL,LOW,NORMAL,LOW,HIGH,NORMAL,NORMAL,FALSE,NORMAL,NORMAL,LOW,NORMAL,ZERO,FALSE,LOW,ZERO,LOW,HIGH,FALSE,FALSE,HIGH,NORMAL,LOW,FALSE,HIGH,ZERO,NORMAL,FALSE,NORMAL
FALSE,FALSE,LOW,FALSE,HIGH,TRUE,HIGH,NORMAL,NORMAL,HIGH,NORMAL,LOW,HIGH,HIGH,NORMAL,FALSE,NORMAL,NORMAL,NORMAL,NORMAL,ZERO,FALSE,LOW,ZERO,LOW,NORMAL,FALSE,FALSE,NORMAL,NORMAL,LOW,FALSE,HIGH,ZERO,NORMAL,FALSE,HIGH
TRUE,FALSE,NORMAL,FALSE,LOW,FALSE,HIGH,HIGH,NORMAL,LOW,NORMAL,HIGH,HIGH,HIGH,ESOPHAGEAL,FALSE,HIGH,NORMAL,NORMAL,HIGH,NORMAL,FALSE,HIGH,LOW,NORMAL,HIGH,FALSE,TRUE,HIGH,HIGH,HIGH,FALSE,HIGH,HIGH,NORMAL,FALSE,NORMAL
FALSE,FALSE,NORMAL,FALSE,HIGH,FALSE,HIGH,NORMAL,LOW,HIGH,NORMAL,LOW,HIGH,HIGH,NORMAL,FALSE,NORMAL,NORMAL,NORMAL,NORMAL,ZERO,FALSE,LOW,ZERO,LOW,HIGH,FALSE,FALSE,HIGH,NORMAL,LOW,FALSE,HIGH,ZERO,NORMAL,FALSE,NORMAL
FALSE,FALSE,NORMAL,FALSE,HIGH,TRUE,HIGH,LOW,NORMAL,NORMAL,NORMAL,LOW,HIGH,HIGH,NORMAL,FALSE,NORMAL,NORMAL,NORMAL,LOW,ZERO,FALSE,LOW,ZERO,LOW,NORMAL,FALSE,FALSE,NORMAL,NORMAL,LOW,FALSE,HIGH,ZERO,NORMAL,FALSE,NORMAL
FALSE,FALSE,NORMAL,FALSE,HIGH,FALSE,HIGH,NORMAL,LOW,HIGH,NORMAL,LOW,HIGH,HIGH,NORMAL,FALSE,HIGH,NORMAL,HIGH,HIGH,ZERO,FALSE,LOW,ZERO,LOW,HIGH,FALSE,FALSE,HIGH,HIGH,LOW,FALSE,HIGH,ZERO,NORMAL,FALSE,NORMAL
FALSE,TRUE,NORMAL,TRUE,HIGH,FALSE,HIGH,HIGH,NORMAL,LOW,NORMAL,LOW,HIGH,LOW,ONESIDED,FALSE,LOW,NORMAL,LOW,LOW,LOW,FALSE,LOW,LOW,NORMAL,HIGH,TRUE,FALSE,HIGH,LOW,LOW,FALSE,HIGH,LOW,LOW,FALSE,HIGH
FALSE,FALSE,LOW,TRUE,HIGH,FALSE,HIGH,LOW,NORMAL,LOW,NORMAL,LOW,HIGH,LOW,NORMAL,FALSE,LOW,NORMAL,LOW,LOW,ZERO,FALSE,LOW,ZERO,LOW,HIGH,TRUE,FALSE,HIGH,LOW,LOW,FALSE,HIGH,ZERO,LOW,FALSE,NORMAL
FALSE,TRUE,NORMAL,FALSE,HIGH,FALSE,NORMAL,HIGH,NORMAL,NORMAL,NORMAL,LOW,HIGH,HIGH,NORMAL,TRUE,NORMAL,NORMAL,NORMAL,NORMAL,ZERO,FALSE,LOW,ZERO,LOW,HIGH,FALSE,FALSE,HIGH,NORMAL,LOW,FALSE,HIGH,ZERO,NORMAL,FALSE,NORMAL
FALSE,TRUE,NORMAL,FALSE,HIGH,FALSE,LOW,NORMAL,NORMAL,NORMAL,NORMAL,LOW,HIGH,NORMAL,NORMAL,FALSE,NORMAL,NORMAL,NORMAL,NORMAL,ZERO,FALSE,LOW,ZERO,LOW,LOW,FALSE,FALSE,LOW,NORMAL,LOW,FALSE,NORMAL,ZERO,NORMAL,FALSE,NORMAL
FALSE,FALSE,NORMAL,FALSE,HIGH,FALSE,HIGH,NORMAL,NORMAL,LOW,NORMAL,LOW,HIGH,HIGH,NORMAL,FALSE,NORMAL,NORMAL,LOW,NORMAL,ZERO,FALSE,LOW,ZERO,LOW,HIGH,FALSE,FALSE,HIGH,NORMAL,LOW,FALSE,HIGH,ZERO,NORMAL,FALSE,NORMAL
TRUE,FALSE,NORMAL,FALSE,HIGH,FALSE,HIGH,ZERO,NORMAL,HIGH,NORMAL,ZERO,HIGH,HIGH,NORMAL,FALSE,NORMAL,NORMAL,NORMAL,NORMAL,ZERO,FALSE,LOW,ZERO,LOW,HIGH,FALSE,FALSE,HIGH,NORMAL,LOW,FALSE,HIGH,ZERO,NORMAL,TRUE,NORMAL
FALSE,TRUE,NORMAL,FALSE,HIGH,FALSE,HIGH,NORMAL,NORMAL,LOW,NORMAL,LOW,HIGH,LOW,NORMAL,FALSE,NORMAL,NORMAL,NORMAL,NORMAL,ZERO,FALSE,LOW,ZERO,LOW,HIGH,FALSE,FALSE,HIGH,NORMAL,LOW,FALSE,HIGH,ZERO,LOW,TRUE,NORMAL
FALSE,FALSE,NORMAL,FALSE,LOW,FALSE,HIGH,LOW,NORMAL,HIGH,HIGH,HIGH,HIGH,HIGH,NORMAL,FALSE,NORMAL,HIGH,NORMAL,HIGH,LOW,FALSE,HIGH,ZERO,LOW,HIGH,FALSE,FALSE,HIGH,NORMAL,HIGH,FALSE,HIGH,HIGH,NORMAL,FALSE,NORMAL
FALSE,FALSE,NORMAL,FALSE,HIGH,FALSE,HIGH,NORMAL,NORMAL,NORMAL,NORMAL,LOW,HIGH,HIGH,NORMAL,FALSE,NORMAL,NORMAL,NORMAL,NORMAL,ZERO,FALSE,LOW,ZERO,LOW,HIGH,FALSE,FALSE,HIGH,NORMAL,LOW,FALSE,HIGH,ZERO,NORMAL,FALSE,NORMAL
FALSE,TRUE,NORMAL,FALSE,HIGH,FALSE,HIGH,LOW,NORMAL,LOW,NORMAL,LOW,HIGH,HIGH,NORMAL,FALSE,NORMAL,NORMAL,LOW,NORMAL,ZERO,FALSE,LOW,ZERO,LOW,HIGH,FALSE,FALSE,HIGH,NORMAL,LOW,FALSE,HIGH,ZERO,NORMAL,FALSE,NORMAL
FALSE,FALSE,NORMAL,FALSE,HIGH,FALSE,HIGH,LOW,NORMAL,LOW,NORMAL,LOW,HIGH,LOW,NORMAL,FALSE,LOW,NORMAL,HIGH,LOW,ZERO,FALSE,LOW,ZERO,LOW,HIGH,TRUE,FALSE,HIGH,LOW,LOW,FALSE,HIGH,ZERO,LOW,FALSE,NORMAL
FALSE,FALSE,NORMAL,FALSE,HIGH,FALSE,HIGH,HIGH,NORMAL,NORMAL,NORMAL,LOW,HIGH,HIGH,NORMAL,FALSE,NORMAL,NORMAL,HIGH,NORMAL,ZERO,FALSE,LOW,ZERO,LOW,HIGH,FALSE,FALSE,HIGH,NORMAL,LOW,FALSE,HIGH,ZERO,NORMAL,FALSE,NORMAL
FALSE,FALSE,NORMAL,TRUE,HIGH,FALSE,HIGH,LOW,NORMAL,LOW,NORMAL,LOW,HIGH,LOW,NORMAL,FALSE,LOW,NORMAL,NORMAL,LOW,ZERO,FALSE,LOW,ZERO,LOW,HIGH,TRUE,FALSE,HIGH,LOW,LOW,FALSE,HIGH,ZERO,LOW,FALSE,HIGH
FALSE,FALSE,NORMAL,FALSE,LOW,FALSE,HIGH,HIGH,LOW,HIGH,LOW,ZERO,HIGH,HIGH,NORMAL,FALSE,NORMAL,NORMAL,NORMAL,LOW,LOW,FALSE,NORMAL,HIGH,LOW,HIGH,FALSE,FALSE,HIGH,NORMAL,NORMAL,FALSE,HIGH,HIGH,NORMAL,FALSE,NORMAL
FALSE,FALSE,NORMAL,FALSE,HIGH,TRUE,HIGH,NORMAL,NORMAL,HIGH,NORMAL,LOW,HIGH,HIGH,NORMAL,FALSE,NORMAL,NORMAL,NORMAL,NORMAL,ZERO,FALSE,LOW,ZERO,LOW,NORMAL,FALSE,FALSE,NORMAL,NORMAL,LOW,FALSE,HIGH,ZERO,NORMAL,FALSE,NORMAL
FALSE,FALSE,NORMAL,FALSE,HIGH,FALSE,HIGH,LOW,NORMAL,LOW,NORMAL,LOW,HIGH,NORMAL,NORMAL,FALSE,NORMAL,NORMAL,LOW,NORMAL,ZERO,FALSE,LOW,ZERO,LOW,HIGH,FALSE,FALSE,HIGH,NORMAL,LOW,FALSE,HIGH,ZERO,LOW,FALSE,NORMAL
FALSE,FALSE,NORMAL,FALSE,HIGH,FALSE,HIGH,HIGH,NORMAL,HIGH,NORMAL,LOW,HIGH,HIGH,NORMAL,FALSE,HIGH,NORMAL,NORMAL,NORMAL,ZERO,FALSE,LOW,ZERO,LOW,HIGH,FALSE,FALSE,HIGH,HIGH,LOW,FALSE,HIGH,ZERO,NORMAL,FALSE,NORMAL
FALSE,FALSE,NORMAL,FALSE,HIGH,FALSE,HIGH,HIGH,NORMAL,HIGH,NORMAL,LOW,HIGH,HIGH,NORMAL,FALSE,HIGH,NORMAL,NORMAL,HIGH,ZERO,FALSE,LOW,ZERO,LOW,HIGH,FALSE,TRUE,HIGH,HIGH,LOW,FALSE,HIGH,ZERO,NORMAL,FALSE,NORMAL
FALSE,FALSE,NORMAL,FALSE,LOW,FALSE,HIGH,HIGH,NORMAL,LOW,ZERO,ZERO,HIGH,LOW,NORMAL,FALSE,HIGH,NORMAL,LOW,HIGH,LOW,FALSE,HIGH,HIGH,LOW,HIGH,FALSE,TRUE,HIGH,HIGH,HIGH,FALSE,HIGH,HIGH,LOW,FALSE,NORMAL
FALSE,FALSE,HIGH,FALSE,HIGH,TRUE,LOW,LOW,NORMAL,HIGH,HIGH,HIGH,NORMAL,NORMAL,NORMAL,FALSE,NORMAL,HIGH,HIGH,NORMAL,LOW,FALSE,LOW,HIGH,NORMAL,HIGH,FALSE,FALSE,LOW,NORMAL,LOW,FALSE,NORMAL,LOW,NORMAL,FALSE,NORMAL
FALSE,FALSE,NORMAL,FALSE,LOW,TRUE,HIGH,HIGH,NORMAL,LOW,ZERO,ZERO,HIGH,HIGH,NORMAL,FALSE,NORMAL,NORMAL,LOW,NORMAL,LOW,FALSE,HIGH,HIGH,LOW,NORMAL,FALSE,FALSE,NORMAL,NORMAL,NORMAL,FALSE,HIGH,HIGH,NORMAL,FALSE,HIGH
FALSE,FALSE,HIGH,FALSE,HIGH,FALSE,HIGH,HIGH,NORMAL,HIGH,NORMAL,LOW,HIGH,HIGH,NORMAL,FALSE,NORMAL,NORMAL,NORMAL,NORMAL,ZERO,FALSE,LOW,ZERO,LOW,HIGH,FALSE,FALSE,HIGH,NORMAL,LOW,FALSE,HIGH,ZERO,NORMAL,FALSE,NORMAL
FALSE,TRUE,HIGH,FALSE,LOW,FALSE,HIGH,HIGH,NORMAL,NORMAL,ZERO,ZERO,HIGH,HIGH,NORMAL,FALSE,NORMAL,NORMAL,LOW,NORMAL,LOW,FALSE,HIGH,HIGH,LOW,HIGH,FALSE,FALSE,HIGH,NORMAL,HIGH,FALSE,HIGH,HIGH,NORMAL,FALSE,NORMAL
FALSE,FALSE,NORMAL,FALSE,NORMAL,FALSE,LOW,LOW,NORMAL,HIGH,HIGH,HIGH,NORMAL,NORMAL,NORMAL,FALSE,NORMAL,NORMAL,HIGH,NORMAL,LOW,FALSE,HIGH,HIGH,ZERO,LOW,FALSE,FALSE,LOW,NORMAL,HIGH,FALSE,NORMAL,HIGH,NORMAL,FALSE,NORMAL
FALSE,FALSE,NORMAL,FALSE,HIGH,TRUE,HIGH,HIGH,NORMAL,LOW,ZERO,ZERO,HIGH,LOW,NORMAL,FALSE,HIGH,NORMAL,NORMAL,HIGH,ZERO,FALSE,LOW,ZERO,LOW,NORMAL,FALSE,TRUE,NORMAL,HIGH,LOW,FALSE,HIGH,ZERO,LOW,FALSE,HIGH
FALSE,TRUE,NORMAL,TRUE,LOW,FALSE,LOW,NORMAL,NORMAL,LOW,NORMAL,LOW,NORMAL,LOW,NORMAL,FALSE,LOW,NORMAL,NORMAL,LOW,LOW,FALSE,HIGH,HIGH,LOW,LOW,TRUE,TRUE,LOW,LOW,HIGH,FALSE,NORMAL,HIGH,LOW,FALSE,NORMAL
FALSE,FALSE,NORMAL,FALSE,HIGH,FALSE,HIGH,NORMAL,NORMAL,HIGH,NORMAL,LOW,HIGH,HIGH,NORMAL,FALSE,NORMAL,NORMAL,HIGH,NORMAL,ZERO,FALSE,LOW,ZERO,LOW,HIGH,FALSE,FALSE,HIGH,NORMAL,LOW,FALSE,HIGH,ZERO,NORMAL,FALSE,NORMAL
FALSE,FALSE,NORMAL,FALSE,HIGH,FALSE,HIGH,LOW,NORMAL,LOW,NORMAL,LOW,HIGH,LOW,NORMAL,FALSE,NORMAL,NORMAL,LOW,NORMAL,ZERO,FALSE,LOW,ZERO,LOW,HIGH,FALSE,FALSE,HIGH,NORMAL,LOW,FALSE,HIGH,ZERO,LOW,FALSE,NORMAL
TRUE,FALSE,NORMAL,FALSE,HIGH,FALSE,HIGH,HIGH,NORMAL,HIGH,NORMAL,ZERO,HIGH,HIGH,NORMAL,FALSE,NORMAL,NORMAL,HIGH,LOW,ZERO,FALSE,LOW,ZERO,LOW,HIGH,FALSE,FALSE,HIGH,NORMAL,LOW,FALSE,HIGH,ZERO,NORMAL,FALSE,NORMAL
FALSE,FALSE,NORMAL,FALSE,HIGH,FALSE,LOW,HIGH,NORMAL,LOW,NORMAL,LOW,HIGH,NORMAL,NORMAL,FALSE,HIGH,NORMAL,LOW,LOW,ZERO,FALSE,LOW,ZERO,LOW,LOW,FALSE,TRUE,LOW,HIGH,LOW,FALSE,NORMAL,ZERO,NORMAL,FALSE,NORMAL
FALSE,TRUE,NORMAL,TRUE,HIGH,FALSE,HIGH,NORMAL,NORMAL,LOW,NORMAL,LOW,HIGH,LOW,NORMAL,FALSE,NORMAL,NORMAL,NORMAL,LOW,ZERO,FALSE,LOW,ZERO,LOW,HIGH,TRUE,FALSE,HIGH,LOW,LOW,FALSE,HIGH,ZERO,LOW,FALSE,NORMAL
FALSE,FALSE,NORMAL,FALSE,HIGH,FALSE,HIGH,HIGH,NORMAL,LOW,NORMAL,LOW,HIGH,NORMAL,NORMAL,FALSE,NORMAL,NORMAL,LOW,NORMAL,ZERO,FALSE,LOW,ZERO,LOW,HIGH,FALSE,FALSE,HIGH,NORMAL,LOW,FALSE,HIGH,ZERO,NORMAL,FALSE,NORMAL
FALSE,TRUE,NORMAL,FALSE,HIGH,FALSE,HIGH,HIGH,NORMAL,NORMAL,NORMAL,LOW,HIGH,NORMAL,NORMAL,FALSE,NORMAL,NORMAL,NORMAL,NORMAL,ZERO,FALSE,LOW,ZERO,LOW,LOW,FALSE,FALSE,HIGH,NORMAL,LOW,FALSE,HIGH,ZERO,NORMAL,FALSE,NORMAL
FALSE,TRUE,NORMAL,FALSE,HIGH,FALSE,HIGH,HIGH,NORMAL,HIGH,NORMAL,LOW,HIGH,HIGH,NORMAL,FALSE,NORMAL,NORMAL,NORMAL,NORMAL,ZERO,FALSE,LOW,ZERO,LOW,HIGH,FALSE,FALSE,HIGH,NORMAL,LOW,FALSE,HIGH,ZERO,HIGH,FALSE,NORMAL
FALSE,FALSE,NORMAL,FALSE,HIGH,FALSE,HIGH,HIGH,NORMAL,NORMAL,NORMAL,LOW,HIGH,HIGH,NORMAL,FALSE,LOW,NORMAL,NORMAL,LOW,ZERO,FALSE,LOW,ZERO,LOW,HIGH,FALSE,FALSE,HIGH,LOW,LOW,FALSE,HIGH,ZERO,HIGH,FALSE,NORMAL
FALSE,FALSE,NORMAL,FALSE,HIGH,FALSE,HIGH,NORMAL,NORMAL,LOW,NORMAL,LOW,HIGH,HIGH,NORMAL,FALSE,NORMAL,NORMAL,LOW,NORMAL,ZERO,FALSE,LOW,ZERO,LOW,HIGH,FALSE,FALSE,HIGH,NORMAL,LOW,FALSE,HIGH,ZERO,NORMAL,FALSE,NORMAL
FALSE,FALSE,NORMAL,FALSE,NORMAL,FALSE,NORMAL,LOW,NORMAL,NORMAL,NORMAL,LOW,NORMAL,LOW,NORMAL,TRUE,NORMAL,NORMAL,HIGH,NORMAL,HIGH,FALSE,LOW,LOW,HIGH,LOW,FALSE,TRUE,HIGH,NORMAL,LOW,FALSE,NORMAL,LOW,LOW,FALSE,HIGH
FALSE,FALSE,NORMAL,FALSE,LOW,TRUE,HIGH,LOW,NORMAL,LOW,NORMAL,LOW,HIGH,HIGH,NORMAL,FALSE,NORMAL,NORMAL,LOW,NORMAL,ZERO,FALSE,LOW,ZERO,ZERO,NORMAL,FALSE,TRUE,NORMAL,NORMAL,LOW,FALSE,HIGH,ZERO,NORMAL,FALSE,NORMAL
FALSE,FALSE,NORMAL,TRUE,HIGH,FALSE,HIGH,NORMAL,NORMAL,HIGH,NORMAL,LOW,HIGH,HIGH,NORMAL,FALSE,NORMAL,NORMAL,NORMAL,LOW,ZERO,FALSE,LOW,ZERO,LOW,HIGH,TRUE,FALSE,HIGH,LOW,LOW,FALSE,HIGH,ZERO,NORMAL,FALSE,NORMAL
FALSE,FALSE,LOW,FALSE,HIGH,FALSE,HIGH,LOW,NORMAL,NORMAL,NORMAL,LOW,HIGH,LOW,NORMAL,FALSE,NORMAL,NORMAL,HIGH,NORMAL,ZERO,FALSE,LOW,ZERO,LOW,HIGH,FALSE,FALSE,HIGH,NORMAL,LOW,FALSE,HIGH,ZERO,NORMAL,FALSE,NORMAL
FALSE,FALSE,NORMAL,FALSE,HIGH,FALSE,HIGH,HIGH,NORMAL,LOW,NORMAL,LOW,HIGH,LOW,ONESIDED,FALSE,NORMAL,NORMAL,LOW,NORMAL,ZERO,FALSE,LOW,NORMAL,LOW,HIGH,FALSE,FALSE,HIGH,NORMAL,LOW,FALSE,HIGH,NORMAL,NORMAL,FALSE,HIGH
FALSE,FALSE,NORMAL,TRUE,HIGH,FALSE,HIGH,NORMAL,NORMAL,LOW,NORMAL,LOW,HIGH,HIGH,NORMAL,FALSE,NORMAL,NORMAL,LOW,NORMAL,ZERO,FALSE,LOW,ZERO,LOW,HIGH,FALSE,FALSE,HIGH,NORMAL,LOW,FALSE,HIGH,ZERO,NORMAL,FALSE,NORMAL
FALSE,TRUE,NORMAL,TRUE,NORMAL,FALSE,HIGH,LOW,NORMAL,NORMAL,ZERO,ZERO,HIGH,NORMAL,ONESIDED,FALSE,LOW,NORMAL,NORMAL,LOW,ZERO,FALSE,LOW,NORMAL,LOW,HIGH,TRUE,FALSE,HIGH,LOW,LOW,FALSE,HIGH,NORMAL,LOW,FALSE,HIGH
FALSE,FALSE,NORMAL,FALSE,HIGH,FALSE,HIGH,NORMAL,LOW,HIGH,NORMAL,LOW,HIGH,HIGH,NORMAL,FALSE,NORMAL,NORMAL,NORMAL,NORMAL,ZERO,FALSE,LOW,ZERO,LOW,HIGH,FALSE,FALSE,HIGH,NORMAL,LOW,FALSE,HIGH,ZERO,NORMAL,FALSE,NORMAL
FALSE,FALSE,NORMAL,FALSE,LOW,FALSE,LOW,LOW,NORMAL,NORMAL,HIGH,HIGH,HIGH,NORMAL,NORMAL,FALSE,NORMAL,HIGH,NORMAL,NORMAL,LOW,FALSE,HIGH,HIGH,LOW,LOW,FALSE,FALSE,LOW,NORMAL,NORMAL,FALSE,NORMAL,HIGH,NORMAL,FALSE,NORMAL
FALSE,FALSE,NORMAL,FALSE,HIGH,FALSE,HIGH,HIGH,NORMAL,NORMAL,NORMAL,LOW,HIGH,NORMAL,ONESIDED,FALSE,NORMAL,NORMAL,NORMAL,NORMAL,LOW,FALSE,LOW,ZERO,NORMAL,HIGH,FALSE,FALSE,HIGH,NORMAL,LOW,FALSE,HIGH,LOW,LOW,FALSE,HIGH
FALSE,TRUE,NORMAL,FALSE,HIGH,FALSE,HIGH,NORMAL,NORMAL,NORMAL,NORMAL,LOW,HIGH,HIGH,NORMAL,FALSE,NORMAL,NORMAL,NORMAL,NORMAL,ZERO,FALSE,LOW,ZERO,LOW,HIGH,FALSE,FALSE,HIGH,NORMAL,LOW,FALSE,HIGH,ZERO,NORMAL,FALSE,HIGH
FALSE,FALSE,NORMAL,FALSE,LOW,FALSE,HIGH,HIGH,NORMAL,LOW,NORMAL,LOW,HIGH,HIGH,NORMAL,FALSE,NORMAL,NORMAL,NORMAL,NORMAL,LOW,FALSE,HIGH,HIGH,LOW,HIGH,FALSE,FALSE,HIGH,NORMAL,LOW,FALSE,HIGH,HIGH,NORMAL,FALSE,HIGH
FALSE,FALSE,NORMAL,FALSE,HIGH,FALSE,HIGH,NORMAL,NORMAL,NORMAL,NORMAL,LOW,HIGH,HIGH,NORMAL,FALSE,NORMAL,NORMAL,HIGH,NORMAL,ZERO,FALSE,LOW,ZERO,LOW,HIGH,FALSE,FALSE,HIGH,NORMAL,LOW,FALSE,HIGH,ZERO,NORMAL,FALSE,NORMAL
FALSE,FALSE,NORMAL,FALSE,HIGH,FALSE,HIGH,HIGH,NORMAL,LOW,NORMAL,LOW,HIGH,NORMAL,NORMAL,FALSE,NORMAL,NORMAL,LOW,NORMAL,ZERO,FALSE,LOW,ZERO,LOW,HIGH,FALSE,FALSE,HIGH,NORMAL,LOW,FALSE,HIGH,ZERO,LOW,FALSE,NORMAL
FALSE,FALSE,NORMAL,FALSE,HIGH,FALSE,HIGH,HIGH,LOW,LOW,NORMAL,LOW,HIGH,HIGH,NORMAL,FALSE,HIGH,NORMAL,LOW,HIGH,ZERO,FALSE,LOW,ZERO,LOW,HIGH,FALSE,FALSE,HIGH,HIGH,LOW,FALSE,HIGH,ZERO,NORMAL,FALSE,NORMAL
TRUE,FALSE,NORMAL,FALSE,HIGH,FALSE,HIGH,HIGH,NORMAL,HIGH,HIGH,NORMAL,HIGH,HIGH,NORMAL,FALSE,NORMAL,HIGH,HIGH,NORMAL,HIGH,FALSE,LOW,LOW,HIGH,HIGH,FALSE,FALSE,HIGH,NORMAL,LOW,FALSE,HIGH,LOW,NORMAL,FALSE,NORMAL
FALSE,FALSE,NORMAL,FALSE,HIGH,FALSE,HIGH,NORMAL,NORMAL,HIGH,NORMAL,LOW,HIGH,HIGH,NORMAL,FALSE,NORMAL,NORMAL,HIGH,NORMAL,ZERO,FALSE,LOW,ZERO,LOW,HIGH,FALSE,FALSE,HIGH,NORMAL,LOW,FALSE,HIGH,ZERO,NORMAL,FALSE,NORMAL
FALSE,TRUE,HIGH,TRUE,HIGH,FALSE,HIGH,LOW,NORMAL,LOW,NORMAL,LOW,HIGH,LOW,NORMAL,FALSE,LOW,NORMAL,LOW,LOW,ZERO,FALSE,LOW,ZERO,LOW,HIGH,TRUE,FALSE,HIGH,LOW,LOW,FALSE,HIGH,ZERO,LOW,FALSE,NORMAL
FALSE,FALSE,NORMAL,FALSE,HIGH,FALSE,HIGH,HIGH,NORMAL,LOW,NORMAL,LOW,HIGH,LOW,NORMAL,FALSE,HIGH,NORMAL,LOW,HIGH,ZERO,FALSE,LOW,ZERO,LOW,HIGH,FALSE,TRUE,HIGH,HIGH,LOW,FALSE,HIGH,ZERO,LOW,FALSE,HIGH
TRUE,FALSE,NORMAL,FALSE,LOW,FALSE,HIGH,HIGH,NORMAL,HIGH,NORMAL,ZERO,HIGH,HIGH,NORMAL,FALSE,NORMAL,NORMAL,NORMAL,NORMAL,LOW,FALSE,HIGH,HIGH,LOW,HIGH,FALSE,FALSE,HIGH,NORMAL,HIGH,FALSE,HIGH,HIGH,NORMAL,FALSE,NORMAL
FALSE,FALSE,NORMAL,FALSE,HIGH,FALSE,HIGH,HIGH,NORMAL,LOW,NORMAL,LOW,HIGH,LOW,ONESIDED,FALSE,HIGH,NORMAL,NORMAL,HIGH,LOW,FALSE,LOW,LOW,NORMAL,HIGH,FALSE,FALSE,HIGH,HIGH,LOW,FALSE,HIGH,LOW,LOW,FALSE,HIGH
FALSE,FALSE,NORMAL,FALSE,HIGH,FALSE,LOW,NORMAL,NORMAL,HIGH,NORMAL,LOW,NORMAL,NORMAL,NORMAL,FALSE,NORMAL,NORMAL,HIGH,NORMAL,ZERO,FALSE,LOW,ZERO,LOW,LOW,FALSE,FALSE,LOW,NORMAL,LOW,FALSE,NORMAL,ZERO,NORMAL,FALSE,NORMAL
FALSE,FALSE,NORMAL,FALSE,HIGH,FALSE,HIGH,NORMAL,NORMAL,HIGH,NORMAL,LOW,HIGH,HIGH,NORMAL,FALSE,HIGH,NORMAL,NORMAL,NORMAL,ZERO,FALSE,LOW,ZERO,LOW,HIGH,FALSE,TRUE,HIGH,HIGH,LOW,FALSE,HIGH,ZERO,NORMAL,FALSE,NORMAL
FALSE,FALSE,NORMAL,FALSE,LOW,FALSE,LOW,HIGH,NORMAL,HIGH,LOW,ZERO,NORMAL,NORMAL,NORMAL,FALSE,NORMAL,LOW,HIGH,NORMAL,LOW,FALSE,HIGH,HIGH,LOW,LOW,FALSE,FALSE,LOW,NORMAL,HIGH,FALSE,NORMAL,HIGH,NORMAL,FALSE,NORMAL
FALSE,FALSE,NORMAL,FALSE,LOW,TRUE,HIGH,HIGH,NORMAL,LOW,LOW,ZERO,HIGH,LOW,NORMAL,FALSE,NORMAL,LOW,LOW,NORMAL,LOW,FALSE,HIGH,HIGH,LOW,NORMAL,FALSE,FALSE,NORMAL,NORMAL,HIGH,FALSE,HIGH,HIGH,LOW,FALSE,NORMAL
FALSE,FALSE,NORMAL,FALSE,HIGH,FALSE,LOW,HIGH,NORMAL,NORMAL,NORMAL,LOW,HIGH,HIGH,NORMAL,FALSE,NORMAL,NORMAL,LOW,NORMAL,ZERO,FALSE,LOW,ZERO,LOW,LOW,FALSE,FALSE,LOW,NORMAL,LOW,FALSE,NORMAL,ZERO,HIGH,FALSE,NORMAL
TRUE,FALSE,NORMAL,FALSE,HIGH,FALSE,HIGH,HIGH,NORMAL,HIGH,HIGH,NORMAL,HIGH,HIGH,NORMAL,FALSE,LOW,NORMAL,NORMAL,LOW,HIGH,FALSE,LOW,LOW,ZERO,HIGH,FALSE,FALSE,HIGH,LOW,LOW,FALSE,HIGH,LOW,NORMAL,FALSE,NORMAL
FALSE,FALSE,NORMAL,FALSE,HIGH,FALSE,HIGH,NORMAL,NORMAL,HIGH,NORMAL,LOW,HIGH,HIGH,NORMAL,FALSE,NORMAL,NORMAL,NORMAL,NORMAL,ZERO,FALSE,LOW,ZERO,LOW,HIGH,FALSE,FALSE,HIGH,NORMAL,LOW,FALSE,HIGH,ZERO,NORMAL,FALSE,NORMAL
FALSE,FALSE,NORMAL,FALSE,HIGH,FALSE,HIGH,HIGH,NORMAL,NORMAL,NORMAL,LOW,HIGH,NORMAL,NORMAL,FALSE,NORMAL,NORMAL,HIGH,NORMAL,ZERO,FALSE,LOW,ZERO,LOW,HIGH,FALSE,FALSE,HIGH,NORMAL,LOW,FALSE,HIGH,ZERO,NORMAL,FALSE,NORMAL
FALSE,FALSE,NORMAL,FALSE,HIGH,FALSE,HIGH,HIGH,NORMAL,LOW,NORMAL,LOW,HIGH,HIGH,NORMAL,FALSE,NORMAL,NORMAL,LOW,NORMAL,ZERO,FALSE,LOW,ZERO,LOW,HIGH,FALSE,FALSE,HIGH,NORMAL,LOW,FALSE,HIGH,ZERO,NORMAL,FALSE,HIGH
FALSE,FALSE,NORMAL,FALSE,HIGH,FALSE,HIGH,NORMAL,NORMAL,HIGH,NORMAL,LOW,HIGH,HIGH,NORMAL,FALSE,HIGH,NORMAL,NORMAL,HIGH,ZERO,FALSE,LOW,ZERO,LOW,HIGH,FALSE,FALSE,HIGH,HIGH,LOW,FALSE,HIGH,ZERO,NORMAL,FALSE,NORMAL
FALSE,FALSE,NORMAL,FALSE,HIGH,FALSE,HIGH,HIGH,NORMAL,HIGH,NORMAL,LOW,HIGH,HIGH,NORMAL,FALSE,NORMAL,NORMAL,NORMAL,NORMAL,ZERO,FALSE,LOW,ZERO,LOW,HIGH,FALSE,FALSE,HIGH,NORMAL,LOW,FALSE,HIGH,ZERO,NORMAL,FALSE,NORMAL
FALSE,FALSE,NORMAL,TRUE,HIGH,FALSE,HIGH,HIGH,NORMAL,LOW,NORMAL,LOW,HIGH,LOW,NORMAL,FALSE,LOW,NORMAL,NORMAL,LOW,ZERO,FALSE,LOW,ZERO,LOW,HIGH,TRUE,FALSE,HIGH,LOW,LOW,FALSE,HIGH,ZERO,LOW,FALSE,NORMAL
FALSE,FALSE,NORMAL,FALSE,HIGH,FALSE,HIGH,HIGH,NORMAL,LOW,NORMAL,LOW,HIGH,HIGH,NORMAL,FALSE,NORMAL,NORMAL,LOW,NORMAL,ZERO,FALSE,LOW,ZERO,NORMAL,HIGH,FALSE,FALSE,HIGH,NORMAL,LOW,FALSE,HIGH,ZERO,NORMAL,FALSE,NORMAL
FALSE,FALSE,NORMAL,FALSE,HIGH,FALSE,HIGH,HIGH,NORMAL,LOW,NORMAL,LOW,HIGH,LOW,NORMAL,FALSE,NORMAL,NORMAL,NORMAL,NORMAL,ZERO,FALSE,LOW,ZERO,LOW,HIGH,FALSE,FALSE,HIGH,NORMAL,LOW,FALSE,HIGH,ZERO,LOW,TRUE,NORMAL
FALSE,FALSE,NORMAL,FALSE,HIGH,FALSE,NORMAL,HIGH,NORMAL,LOW,ZERO,ZERO,HIGH,NORMAL,NORMAL,TRUE,NORMAL,NORMAL,LOW,NORMAL,ZERO,FALSE,LOW,ZERO,LOW,HIGH,FALSE,FALSE,HIGH,NORMAL,LOW,FALSE,HIGH,ZERO,NORMAL,FALSE,NORMAL
FALSE,FALSE,NORMAL,FALSE,HIGH,FALSE,HIGH,NORMAL,NORMAL,LOW,NORMAL,LOW,HIGH,HIGH,ONESIDED,FALSE,HIGH,NORMAL,LOW,NORMAL,LOW,FALSE,LOW,ZERO,NORMAL,HIGH,FALSE,TRUE,HIGH,HIGH,LOW,FALSE,HIGH,LOW,NORMAL,FALSE,HIGH
FALSE,FALSE,NORMAL,FALSE,HIGH,FALSE,HIGH,HIGH,NORMAL,HIGH,NORMAL,LOW,HIGH,HIGH,ESOPHAGEAL,FALSE,NORMAL,NORMAL,NORMAL,NORMAL,ZERO,FALSE,LOW,LOW,LOW,HIGH,FALSE,FALSE,HIGH,NORMAL,LOW,FALSE,HIGH,LOW,NORMAL,FALSE,NORMAL
FALSE,FALSE,NORMAL,FALSE,HIGH,FALSE,HIGH,HIGH,NORMAL,HIGH,NORMAL,LOW,HIGH,HIGH,NORMAL,FALSE,HIGH,NORMAL,NORMAL,HIGH,ZERO,FALSE,LOW,ZERO,LOW,HIGH,FALSE,TRUE,HIGH,HIGH,LOW,FALSE,HIGH,ZERO,LOW,FALSE,NORMAL
FALSE,FALSE,NORMAL,TRUE,LOW,FALSE,LOW,LOW,NORMAL,LOW,NORMAL,HIGH,HIGH,LOW,NORMAL,FALSE,LOW,NORMAL,LOW,LOW,LOW,FALSE,HIGH,HIGH,LOW,LOW,TRUE,FALSE,LOW,LOW,HIGH,FALSE,NORMAL,HIGH,LOW,FALSE,NORMAL
FALSE,FALSE,HIGH,FALSE,HIGH,FALSE,HIGH,NORMAL,NORMAL,LOW,NORMAL,LOW,HIGH,HIGH,NORMAL,FALSE,NORMAL,NORMAL,LOW,NORMAL,ZERO,FALSE,LOW,ZERO,LOW,HIGH,FALSE,FALSE,HIGH,NORMAL,LOW,FALSE,HIGH,ZERO,NORMAL,FALSE,NORMAL
FALSE,FALSE,NORMAL,FALSE,HIGH,TRUE,HIGH,LOW,NORMAL,HIGH,NORMAL,LOW,HIGH,HIGH,NORMAL,FALSE,NORMAL,NORMAL,NORMAL,NORMAL,ZERO,FALSE,LOW,ZERO,LOW,NORMAL,FALSE,FALSE,NORMAL,NORMAL,LOW,FALSE,HIGH,ZERO,NORMAL,FALSE,NORMAL
FALSE,FALSE,NORMAL,FALSE,HIGH,FALSE,HIGH,HIGH,NORMAL,LOW,NORMAL,LOW,HIGH,LOW,NORMAL,FALSE,NORMAL,NORMAL,LOW,NORMAL,ZERO,FALSE,LOW,ZERO,LOW,HIGH,FALSE,FALSE,HIGH,NORMAL,LOW,FALSE,HIGH,ZERO,NORMAL,FALSE,NORMAL
FALSE,FALSE,NORMAL,FALSE,LOW,FALSE,HIGH,NORMAL,NORMAL,LOW,HIGH,HIGH,HIGH,HIGH,NORMAL,FALSE,NORMAL,HIGH,LOW,NORMAL,LOW,FALSE,HIGH,HIGH,LOW,HIGH,FALSE,FALSE,HIGH,NORMAL,HIGH,FALSE,HIGH,HIGH,NORMAL,FALSE,NORMAL
FALSE,FALSE,NORMAL,FALSE,HIGH,FALSE,NORMAL,NORMAL,NORMAL,LOW,NORMAL,LOW,HIGH,LOW,NORMAL,FALSE,HIGH,NORMAL,LOW,HIGH,ZERO,FALSE,LOW,ZERO,LOW,LOW,FALSE,TRUE,LOW,HIGH,LOW,FALSE,NORMAL,ZERO,LOW,FALSE,NORMAL
FALSE,FALSE,NORMAL,FALSE,HIGH,TRUE,HIGH,HIGH,NORMAL,LOW,HIGH,NORMAL,HIGH,LOW,NORMAL,FALSE,HIGH,HIGH,LOW,HIGH,HIGH,FALSE,LOW,LOW,HIGH,NORMAL,FALSE,TRUE,NORMAL,HIGH,LOW,FALSE,HIGH,LOW,LOW,FALSE,NORMAL
FALSE,FALSE,NORMAL,FALSE,HIGH,FALSE,HIGH,LOW,NORMAL,LOW,NORMAL,LOW,HIGH,LOW,NORMAL,FALSE,HIGH,NORMAL,NORMAL,HIGH,ZERO,FALSE,LOW,ZERO,LOW,HIGH,FALSE,TRUE,HIGH,HIGH,LOW,FALSE,HIGH,ZERO,LOW,FALSE,NORMAL
FALSE,FALSE,NORMAL,FALSE,HIGH,FALSE,HIGH,HIGH,NORMAL,LOW,NORMAL,LOW,HIGH,HIGH,ONESIDED,FALSE,NORMAL,NORMAL,LOW,NORMAL,LOW,FALSE,LOW,ZERO,NORMAL,HIGH,FALSE,FALSE,HIGH,NORMAL,LOW,FALSE,HIGH,LOW,NORMAL,FALSE,HIGH
FALSE,FALSE,NORMAL,FALSE,HIGH,FALSE,HIGH,HIGH,NORMAL,NORMAL,NORMAL,LOW,HIGH,HIGH,ESOPHAGEAL,FALSE,NORMAL,NORMAL,NORMAL,NORMAL,ZERO,FALSE,LOW,LOW,LOW,HIGH,FALSE,FALSE,LOW,NORMAL,HIGH,FALSE,HIGH,LOW,NORMAL,FALSE,NORMAL
FALSE,FALSE,NORMAL,FALSE,HIGH,FALSE,HIGH,NORMAL,NORMAL,NORMAL,NORMAL,LOW,HIGH,HIGH,NORMAL,FALSE,NORMAL,NORMAL,HIGH,NORMAL,ZERO,FALSE,LOW,NORMAL,LOW,HIGH,FALSE,FALSE,HIGH,NORMAL,LOW,FALSE,HIGH,ZERO,NORMAL,FALSE,NORMAL
FALSE,FALSE,NORMAL,FALSE,HIGH,FALSE,LOW,HIGH,NORMAL,NORMAL,NORMAL,LOW,NORMAL,NORMAL,ONESIDED,FALSE,NORMAL,NORMAL,HIGH,NORMAL,ZERO,FALSE,LOW,NORMAL,LOW,LOW,FALSE,FALSE,LOW,NORMAL,LOW,FALSE,NORMAL,NORMAL,NORMAL,FALSE,HIGH
FALSE,FALSE,NORMAL,FALSE,HIGH,FALSE,HIGH,NORMAL,NORMAL,HIGH,NORMAL,LOW,HIGH,HIGH,NORMAL,FALSE,NORMAL,NORMAL,NORMAL,NORMAL,ZERO,FALSE,LOW,ZERO,LOW,HIGH,FALSE,FALSE,HIGH,NORMAL,LOW,FALSE,HIGH,ZERO,NORMAL,FALSE,NORMAL
FALSE,FALSE,LOW,FALSE,HIGH,FALSE,LOW,LOW,NORMAL,NORMAL,NORMAL,LOW,NORMAL,NORMAL,NORMAL,FALSE,NORMAL,NORMAL,HIGH,NORMAL,ZERO,FALSE,LOW,ZERO,LOW,LOW,FALSE,FALSE,LOW,NORMAL,LOW,FALSE,NORMAL,ZERO,NORMAL,FALSE,NORMAL
FALSE,FALSE,NORMAL,FALSE,HIGH,FALSE,HIGH,HIGH,NORMAL,NORMAL,NORMAL,LOW,HIGH,LOW,NORMAL,FALSE,HIGH,NORMAL,HIGH,HIGH,ZERO,FALSE,LOW,ZERO,LOW,HIGH,FALSE,TRUE,HIGH,HIGH,HIGH,FALSE,HIGH,ZERO,LOW,FALSE,NORMAL
FALSE,FALSE,NORMAL,FALSE,HIGH,FALSE,HIGH,NORMAL,NORMAL,LOW,NORMAL,LOW,HIGH,HIGH,NORMAL,FALSE,NORMAL,NORMAL,LOW,NORMAL,ZERO,FALSE,LOW,ZERO,LOW,HIGH,FALSE,FALSE,HIGH,NORMAL,LOW,FALSE,HIGH,ZERO,NORMAL,FALSE,NORMAL
TRUE,FALSE,NORMAL,FALSE,LOW,FALSE,HIGH,HIGH,LOW,HIGH,NORMAL,ZERO,HIGH,HIGH,NORMAL,FALSE,NORMAL,NORMAL,NORMAL,NORMAL,LOW,FALSE,NORMAL,HIGH,LOW,HIGH,FALSE,FALSE,HIGH,NORMAL,NORMAL,FALSE,HIGH,HIGH,HIGH,FALSE,NORMAL
FALSE,FALSE,NORMAL,FALSE,HIGH,FALSE,HIGH,HIGH,NORMAL,LOW,NORMAL,LOW,HIGH,HIGH,ONESIDED,FALSE,NORMAL,NORMAL,LOW,LOW,LOW,FALSE,LOW,ZERO,NORMAL,HIGH,FALSE,FALSE,HIGH,NORMAL,LOW,FALSE,HIGH,LOW,NORMAL,FALSE,HIGH
FALSE,FALSE,NORMAL,FALSE,HIGH,FALSE,HIGH,NORMAL,NORMAL,LOW,NORMAL,LOW,HIGH,LOW,NORMAL,FALSE,NORMAL,NORMAL,LOW,NORMAL,ZERO,FALSE,LOW,ZERO,LOW,HIGH,FALSE,TRUE,HIGH,NORMAL,LOW,FALSE,HIGH,ZERO,LOW,FALSE,NORMAL
FALSE,FALSE,HIGH,FALSE,HIGH,TRUE,LOW,HIGH,NORMAL,HIGH,NORMAL,LOW,NORMAL,NORMAL,NORMAL,FALSE,NORMAL,NORMAL,HIGH,NORMAL,ZERO,FALSE,LOW,ZERO,LOW,HIGH,FALSE,FALSE,HIGH,NORMAL,LOW,FALSE,NORMAL,ZERO,NORMAL,FALSE,NORMAL
FALSE,FALSE,NORMAL,FALSE,HIGH,FALSE,HIGH,LOW,NORMAL,LOW,NORMAL,LOW,HIGH,LOW,NORMAL,FALSE,HIGH,NORMAL,HIGH,NORMAL,ZERO,FALSE,LOW,ZERO,LOW,HIGH,FALSE,TRUE,HIGH,HIGH,LOW,FALSE,HIGH,ZERO,LOW,FALSE,NORMAL
FALSE,FALSE,LOW,FALSE,HIGH,FALSE,HIGH,HIGH,NORMAL,HIGH,ZERO,ZERO,HIGH,HIGH,NORMAL,FALSE,NORMAL,NORMAL,NORMAL,NORMAL,ZERO,FALSE,LOW,ZERO,LOW,HIGH,FALSE,FALSE,HIGH,NORMAL,LOW,FALSE,HIGH,ZERO,NORMAL,FALSE,NORMAL
FALSE,FALSE,NORMAL,FALSE,HIGH,TRUE,HIGH,LOW,NORMAL,LOW,NORMAL,LOW,HIGH,HIGH,NORMAL,FALSE,NORMAL,NORMAL,LOW,NORMAL,ZERO,FALSE,LOW,ZERO,LOW,NORMAL,FALSE,FALSE,NORMAL,NORMAL,LOW,FALSE,HIGH,ZERO,NORMAL,FALSE,NORMAL
FALSE,FALSE,NORMAL,FALSE,HIGH,FALSE,HIGH,HIGH,NORMAL,HIGH,HIGH,HIGH,HIGH,HIGH,ONESIDED,FALSE,NORMAL,NORMAL,NORMAL,NORMAL,HIGH,FALSE,LOW,HIGH,HIGH,HIGH,FALSE,FALSE,HIGH,NORMAL,LOW,FALSE,HIGH,LOW,NORMAL,FALSE,HIGH
FALSE,FALSE,NORMAL,FALSE,HIGH,TRUE,HIGH,HIGH,NORMAL,HIGH,NORMAL,LOW,HIGH,HIGH,NORMAL,FALSE,LOW,NORMAL,HIGH,NORMAL,ZERO,FALSE,LOW,ZERO,LOW,NORMAL,FALSE,FALSE,NORMAL,NORMAL,LOW,FALSE,HIGH,ZERO,NORMAL,FALSE,NORMAL
FALSE,FALSE,NORMAL,FALSE,HIGH,FALSE,HIGH,NORMAL,NORMAL,LOW,NORMAL,LOW,HIGH,HIGH,NORMAL,FALSE,NORMAL,NORMAL,LOW,NORMAL,ZERO,FALSE,LOW,ZERO,LOW,HIGH,FALSE,FALSE,HIGH,NORMAL,LOW,FALSE,HIGH,ZERO,NORMAL,FALSE,NORMAL
FALSE,FALSE,NORMAL,FALSE,HIGH,FALSE,HIGH,HIGH,NORMAL,HIGH,NORMAL,LOW,HIGH,HIGH,NORMAL,FALSE,HIGH,NORMAL,NORMAL,HIGH,ZERO,FALSE,LOW,ZERO,LOW,HIGH,FALSE,TRUE,HIGH,HIGH,LOW,FALSE,HIGH,ZERO,NORMAL,FALSE,NORMAL
TRUE,FALSE,NORMAL,FALSE,LOW,FALSE,HIGH,HIGH,NORMAL,HIGH,NORMAL,ZERO,HIGH,HIGH,NORMAL,FALSE,HIGH,NORMAL,NORMAL,HIGH,LOW,FALSE,HIGH,HIGH,LOW,HIGH,FALSE,TRUE,HIGH,HIGH,HIGH,FALSE,HIGH,HIGH,NORMAL,FALSE,NORMAL
FALSE,FALSE,NORMAL,FALSE,LOW,FALSE,HIGH,HIGH,NORMAL,LOW,ZERO,ZERO,HIGH,HIGH,NORMAL,FALSE,NORMAL,NORMAL,NORMAL,NORMAL,LOW,FALSE,HIGH,HIGH,LOW,HIGH,FALSE,FALSE,HIGH,NORMAL,HIGH,FALSE,HIGH,HIGH,NORMAL,FALSE,NORMAL
FALSE,FALSE,NORMAL,FALSE,HIGH,FALSE,HIGH,LOW,NORMAL,HIGH,NORMAL,LOW,HIGH,HIGH,NORMAL,FALSE,LOW,NORMAL,HIGH,LOW,ZERO,FALSE,LOW,ZERO,LOW,HIGH,FALSE,FALSE,HIGH,LOW,LOW,FALSE,HIGH,ZERO,NORMAL,FALSE,NORMAL
FALSE,FALSE,NORMAL,FALSE,HIGH,FALSE,NORMAL,LOW,NORMAL,LOW,NORMAL,LOW,HIGH,LOW,NORMAL,FALSE,HIGH,NORMAL,NORMAL,HIGH,ZERO,FALSE,LOW,ZERO,LOW,LOW,FALSE,TRUE,LOW,HIGH,LOW,FALSE,NORMAL,ZERO,LOW,FALSE,HIGH
FALSE,FALSE,LOW,FALSE,HIGH,FALSE,HIGH,HIGH,NORMAL,HIGH,LOW,ZERO,HIGH,HIGH,NORMAL,FALSE,LOW,LOW,NORMAL,LOW,ZERO,FALSE,LOW,ZERO,LOW,HIGH,FALSE,FALSE,HIGH,LOW,LOW,FALSE,HIGH,ZERO,NORMAL,FALSE,NORMAL
FALSE,FALSE,NORMAL,FALSE,HIGH,FALSE,HIGH,NORMAL,NORMAL,HIGH,NORMAL,LOW,HIGH,HIGH,NORMAL,FALSE,NORMAL,NORMAL,HIGH,NORMAL,ZERO,FALSE,LOW,ZERO,LOW,HIGH,FALSE,FALSE,HIGH,NORMAL,LOW,FALSE,HIGH,ZERO,NORMAL,FALSE,NORMAL
FALSE,FALSE,NORMAL,FALSE,NORMAL,FALSE,LOW,HIGH,NORMAL,NORMAL,NORMAL,LOW,NORMAL,NORMAL,ONESIDED,FALSE,NORMAL,NORMAL,NORMAL,NORMAL,ZERO,FALSE,LOW,NORMAL,LOW,LOW,FALSE,FALSE,LOW,NORMAL,LOW,FALSE,NORMAL,NORMAL,NORMAL,FALSE,HIGH
FALSE,FALSE,NORMAL,FALSE,LOW,FALSE,LOW,HIGH,NORMAL,LOW,LOW,ZERO,NORMAL,LOW,NORMAL,FALSE,HIGH,LOW,HIGH,HIGH,LOW,FALSE,HIGH,HIGH,LOW,LOW,FALSE,TRUE,LOW,HIGH,HIGH,FALSE,NORMAL,HIGH,LOW,FALSE,NORMAL
FALSE,FALSE,NORMAL,FALSE,HIGH,FALSE,HIGH,HIGH,NORMAL,HIGH,NORMAL,LOW,HIGH,HIGH,NORMAL,FALSE,NORMAL,NORMAL,HIGH,NORMAL,ZERO,FALSE,LOW,ZERO,LOW,HIGH,FALSE,FALSE,HIGH,NORMAL,LOW,FALSE,HIGH,ZERO,NORMAL,FALSE,NORMAL
FALSE,FALSE,NORMAL,FALSE,HIGH,FALSE,HIGH,HIGH,NORMAL,HIGH,NORMAL,LOW,HIGH,HIGH,ONESIDED,FALSE,NORMAL,NORMAL,LOW,NORMAL,LOW,FALSE,LOW,LOW,NORMAL,HIGH,FALSE,FALSE,HIGH,NORMAL,LOW,FALSE,HIGH,LOW,NORMAL,FALSE,HIGH
TRUE,FALSE,NORMAL,FALSE,LOW,FALSE,LOW,HIGH,NORMAL,NORMAL,NORMAL,ZERO,HIGH,NORMAL,NORMAL,FALSE,NORMAL,NORMAL,NORMAL,NORMAL,LOW,FALSE,HIGH,HIGH,LOW,LOW,FALSE,FALSE,LOW,NORMAL,HIGH,FALSE,NORMAL,HIGH,NORMAL,FALSE,NORMAL
FALSE,FALSE,NORMAL,FALSE,HIGH,FALSE,NORMAL,HIGH,NORMAL,HIGH,NORMAL,LOW,HIGH,HIGH,NORMAL,TRUE,LOW,NORMAL,NORMAL,NORMAL,ZERO,FALSE,LOW,ZERO,LOW,HIGH,FALSE,FALSE,HIGH,NORMAL,LOW,FALSE,HIGH,ZERO,NORMAL,FALSE,NORMAL
FALSE,FALSE,NORMAL,FALSE,HIGH,FALSE,HIGH,LOW,NORMAL,HIGH,NORMAL,LOW,HIGH,HIGH,NORMAL,FALSE,HIGH,NORMAL,HIGH,NORMAL,ZERO,FALSE,LOW,ZERO,LOW,HIGH,FALSE,FALSE,HIGH,HIGH,LOW,FALSE,HIGH,ZERO,NORMAL,FALSE,NORMAL
FALSE,TRUE,HIGH,FALSE,LOW,FALSE,HIGH,NORMAL,NORMAL,LOW,NORMAL,LOW,HIGH,HIGH,NORMAL,FALSE,NORMAL,NORMAL,LOW,NORMAL,LOW,FALSE,HIGH,ZERO,LOW,HIGH,FALSE,FALSE,HIGH,NORMAL,NORMAL,FALSE,HIGH,HIGH,NORMAL,FALSE,NORMAL
FALSE,TRUE,NORMAL,FALSE,HIGH,FALSE,HIGH,NORMAL,NORMAL,NORMAL,NORMAL,LOW,HIGH,HIGH,NORMAL,FALSE,NORMAL,NORMAL,HIGH,NORMAL,ZERO,FALSE,LOW,ZERO,LOW,HIGH,FALSE,FALSE,HIGH,NORMAL,LOW,FALSE,HIGH,ZERO,NORMAL,FALSE,NORMAL
FALSE,FALSE,NORMAL,FALSE,LOW,FALSE,HIGH,NORMAL,NORMAL,HIGH,NORMAL,LOW,HIGH,HIGH,NORMAL,FALSE,HIGH,NORMAL,NORMAL,NORMAL,ZERO,FALSE,LOW,ZERO,ZERO,HIGH,FALSE,TRUE,HIGH,HIGH,HIGH,FALSE,HIGH,ZERO,HIGH,FALSE,NORMAL
FALSE,FALSE,LOW,FALSE,HIGH,FALSE,HIGH,LOW,NORMAL,HIGH,NORMAL,LOW,HIGH,HIGH,NORMAL,FALSE,NORMAL,NORMAL,NORMAL,NORMAL,ZERO,FALSE,LOW,ZERO,LOW,HIGH,FALSE,FALSE,HIGH,NORMAL,LOW,FALSE,HIGH,ZERO,NORMAL,FALSE,NORMAL
FALSE,FALSE,NORMAL,FALSE,HIGH,FALSE,HIGH,ZERO,NORMAL,HIGH,NORMAL,LOW,HIGH,HIGH,NORMAL,FALSE,HIGH,NORMAL,NORMAL,NORMAL,ZERO,FALSE,LOW,ZERO,LOW,HIGH,FALSE,TRUE,HIGH,HIGH,LOW,FALSE,HIGH,ZERO,NORMAL,FALSE,NORMAL
FALSE,FALSE,NORMAL,FALSE,LOW,FALSE,LOW,HIGH,NORMAL,HIGH,LOW,ZERO,NORMAL,NORMAL,NORMAL,FALSE,NORMAL,LOW,HIGH,NORMAL,LOW,FALSE,HIGH,HIGH,LOW,LOW,FALSE,FALSE,LOW,NORMAL,HIGH,FALSE,NORMAL,HIGH,HIGH,FALSE,NORMAL
FALSE,FALSE,NORMAL,FALSE,HIGH,FALSE,LOW,HIGH,NORMAL,LOW,NORMAL,LOW,HIGH,LOW,NORMAL,FALSE,HIGH,NORMAL,LOW,HIGH,ZERO,FALSE,LOW,ZERO,LOW,LOW,FALSE,TRUE,LOW,HIGH,LOW,FALSE,NORMAL,ZERO,LOW,FALSE,NORMAL
FALSE,FALSE,LOW,FALSE,HIGH,FALSE,HIGH,NORMAL,NORMAL,LOW,NORMAL,LOW,HIGH,HIGH,NORMAL,FALSE,NORMAL,NORMAL,LOW,NORMAL,ZERO,FALSE,LOW,ZERO,LOW,HIGH,FALSE,FALSE,HIGH,NORMAL,LOW,FALSE,HIGH,ZERO,NORMAL,FALSE,NORMAL
FALSE,FALSE,NORMAL,FALSE,HIGH,FALSE,LOW,HIGH,NORMAL,NORMAL,NORMAL,LOW,NORMAL,NORMAL,ESOPHAGEAL,FALSE,NORMAL,NORMAL,HIGH,NORMAL,ZERO,FALSE,LOW,LOW,LOW,LOW,FALSE,FALSE,LOW,NORMAL,NORMAL,FALSE,NORMAL,LOW,NORMAL,FALSE,NORMAL
FALSE,TRUE,HIGH,FALSE,HIGH,FALSE,HIGH,LOW,NORMAL,NORMAL,NORMAL,LOW,HIGH,HIGH,NORMAL,FALSE,NORMAL,NORMAL,NORMAL,NORMAL,ZERO,FALSE,LOW,ZERO,LOW,HIGH,FALSE,FALSE,HIGH,NORMAL,LOW,TRUE,HIGH,ZERO,NORMAL,FALSE,HIGH
FALSE,FALSE,NORMAL,FALSE,HIGH,FALSE,LOW,LOW,NORMAL,HIGH,NORMAL,LOW,HIGH,NORMAL,NORMAL,FALSE,NORMAL,NORMAL,HIGH,NORMAL,ZERO,FALSE,LOW,ZERO,LOW,LOW,FALSE,FALSE,LOW,NORMAL,LOW,FALSE,NORMAL,ZERO,NORMAL,TRUE,NORMAL
FALSE,FALSE,HIGH,FALSE,HIGH,FALSE,HIGH,LOW,NORMAL,LOW,NORMAL,LOW,HIGH,HIGH,NORMAL,FALSE,NORMAL,NORMAL,LOW,NORMAL,ZERO,FALSE,LOW,ZERO,LOW,HIGH,FALSE,FALSE,HIGH,NORMAL,LOW,TRUE,HIGH,ZERO,NORMAL,FALSE,HIGH
FALSE,FALSE,NORMAL,FALSE,HIGH,FALSE,HIGH,LOW,NORMAL,NORMAL,NORMAL,LOW,HIGH,LOW,NORMAL,FALSE,HIGH,NORMAL,HIGH,HIGH,ZERO,FALSE,LOW,ZERO,LOW,HIGH,FALSE,TRUE,HIGH,HIGH,LOW,FALSE,HIGH,ZERO,LOW,FALSE,NORMAL
FALSE,FALSE,NORMAL,FALSE,HIGH,TRUE,HIGH,LOW,NORMAL,HIGH,NORMAL,LOW,HIGH,HIGH,NORMAL,FALSE,NORMAL,NORMAL,NORMAL,NORMAL,ZERO,FALSE,LOW,ZERO,LOW,NORMAL,FALSE,FALSE,NORMAL,NORMAL,LOW,FALSE,HIGH,ZERO,NORMAL,FALSE,NORMAL
FALSE,FALSE,LOW,FALSE,LOW,FALSE,HIGH,LOW,NORMAL,HIGH,HIGH,HIGH,HIGH,HIGH,NORMAL,FALSE,NORMAL,NORMAL,NORMAL,NORMAL,LOW,FALSE,HIGH,HIGH,LOW,HIGH,FALSE,FALSE,HIGH,NORMAL,HIGH,FALSE,HIGH,HIGH,NORMAL,FALSE,NORMAL
FALSE,FALSE,NORMAL,TRUE,HIGH,FALSE,LOW,NORMAL,NORMAL,LOW,NORMAL,LOW,HIGH,LOW,ESOPHAGEAL,FALSE,HIGH,NORMAL,LOW,NORMAL,ZERO,FALSE,LOW,LOW,LOW,LOW,TRUE,FALSE,LOW,HIGH,LOW,FALSE,NORMAL,LOW,LOW,FALSE,NORMAL
FALSE,FALSE,NORMAL,FALSE,HIGH,FALSE,NORMAL,HIGH,NORMAL,HIGH,NORMAL,LOW,HIGH,HIGH,NORMAL,TRUE,NORMAL,NORMAL,HIGH,NORMAL,ZERO,FALSE,LOW,ZERO,LOW,HIGH,FALSE,FALSE,HIGH,NORMAL,LOW,FALSE,HIGH,ZERO,NORMAL,FALSE,NORMAL
FALSE,FALSE,NORMAL,FALSE,HIGH,FALSE,HIGH,NORMAL,NORMAL,LOW,NORMAL,LOW,HIGH,HIGH,NORMAL,FALSE,NORMAL,NORMAL,LOW,NORMAL,ZERO,FALSE,LOW,ZERO,LOW,HIGH,FALSE,TRUE,HIGH,NORMAL,LOW,FALSE,HIGH,ZERO,NORMAL,FALSE,NORMAL
FALSE,FALSE,LOW,FALSE,HIGH,FALSE,NORMAL,NORMAL,NORMAL,NORMAL,NORMAL,LOW,HIGH,NORMAL,NORMAL,TRUE,LOW,NORMAL,NORMAL,NORMAL,ZERO,FALSE,LOW,ZERO,LOW,HIGH,FALSE,FALSE,HIGH,NORMAL,LOW,FALSE,HIGH,ZERO,NORMAL,FALSE,NORMAL
FALSE,FALSE,NORMAL,FALSE,HIGH,FALSE,HIGH,HIGH,LOW,LOW,NORMAL,LOW,HIGH,LOW,ESOPHAGEAL,FALSE,HIGH,NORMAL,HIGH,HIGH,ZERO,FALSE,LOW,LOW,LOW,HIGH,FALSE,TRUE,HIGH,HIGH,LOW,FALSE,HIGH,LOW,LOW,FALSE,NORMAL
FALSE,FALSE,NORMAL,FALSE,HIGH,FALSE,HIGH,HIGH,NORMAL,HIGH,NORMAL,LOW,HIGH,HIGH,NORMAL,FALSE,NORMAL,NORMAL,NORMAL,NORMAL,ZERO,FALSE,LOW,ZERO,LOW,HIGH,FALSE,FALSE,HIGH,NORMAL,LOW,FALSE,HIGH,ZERO,NORMAL,FALSE,NORMAL
TRUE,FALSE,NORMAL,FALSE,LOW,FALSE,LOW,HIGH,NORMAL,HIGH,NORMAL,ZERO,NORMAL,HIGH,NORMAL,FALSE,NORMAL,NORMAL,HIGH,NORMAL,LOW,FALSE,HIGH,LOW,LOW,LOW,FALSE,FALSE,LOW,NORMAL,HIGH,FALSE,NORMAL,HIGH,HIGH,FALSE,NORMAL
FALSE,TRUE,NORMAL,FALSE,HIGH,FALSE,HIGH,LOW,NORMAL,HIGH,NORMAL,LOW,HIGH,HIGH,NORMAL,FALSE,NORMAL,NORMAL,HIGH,NORMAL,ZERO,FALSE,LOW,ZERO,LOW,HIGH,FALSE,FALSE,HIGH,NORMAL,LOW,FALSE,HIGH,ZERO,NORMAL,FALSE,NORMAL
FALSE,FALSE,NORMAL,FALSE,HIGH,FALSE,HIGH,HIGH,NORMAL,HIGH,NORMAL,LOW,HIGH,HIGH,NORMAL,FALSE,NORMAL,NORMAL,NORMAL,NORMAL,ZERO,FALSE,LOW,ZERO,LOW,HIGH,FALSE,FALSE,HIGH,NORMAL,LOW,FALSE,HIGH,ZERO,NORMAL,FALSE,NORMAL
FALSE,FALSE,NORMAL,FALSE,HIGH,FALSE,HIGH,NORMAL,NORMAL,HIGH,NORMAL,LOW,HIGH,HIGH,NORMAL,FALSE,NORMAL,NORMAL,NORMAL,NORMAL,ZERO,FALSE,LOW,ZERO,LOW,HIGH,FALSE,FALSE,HIGH,NORMAL,LOW,FALSE,HIGH,ZERO,NORMAL,FALSE,NORMAL
FALSE,FALSE,NORMAL,FALSE,LOW,FALSE,HIGH,LOW,NORMAL,HIGH,HIGH,HIGH,HIGH,HIGH,NORMAL,FALSE,HIGH,HIGH,HIGH,NORMAL,LOW,FALSE,HIGH,HIGH,LOW,HIGH,FALSE,TRUE,HIGH,HIGH,HIGH,FALSE,HIGH,HIGH,NORMAL,FALSE,NORMAL
FALSE,FALSE,NORMAL,FALSE,HIGH,TRUE,HIGH,NORMAL,LOW,HIGH,NORMAL,LOW,HIGH,HIGH,NORMAL,FALSE,NORMAL,NORMAL,HIGH,NORMAL,ZERO,FALSE,LOW,ZERO,LOW,NORMAL,FALSE,FALSE,NORMAL,NORMAL,LOW,FALSE,HIGH,ZERO,NORMAL,FALSE,NORMAL
FALSE,FALSE,NORMAL,FALSE,LOW,FALSE,HIGH,LOW,LOW,NORMAL,HIGH,HIGH,HIGH,HIGH,NORMAL,FALSE,NORMAL,HIGH,NORMAL,NORMAL,LOW,FALSE,NORMAL,HIGH,LOW,HIGH,FALSE,FALSE,HIGH,NORMAL,NORMAL,FALSE,HIGH,HIGH,NORMAL,FALSE,NORMAL
FALSE,FALSE,NORMAL,FALSE,HIGH,FALSE,HIGH,NORMAL,NORMAL,HIGH,NORMAL,LOW,HIGH,HIGH,NORMAL,FALSE,NORMAL,NORMAL,HIGH,NORMAL,ZERO,FALSE,LOW,ZERO,LOW,LOW,FALSE,FALSE,HIGH,NORMAL,LOW,FALSE,HIGH,ZERO,NORMAL,FALSE,NORMAL
FALSE,FALSE,NORMAL,FALSE,LOW,FALSE,HIGH,LOW,NORMAL,HIGH,HIGH,HIGH,HIGH,HIGH,NORMAL,FALSE,NORMAL,NORMAL,NORMAL,NORMAL,LOW,FALSE,HIGH,HIGH,LOW,HIGH,FALSE,FALSE,HIGH,NORMAL,HIGH,FALSE,HIGH,HIGH,NORMAL,FALSE,NORMAL
FALSE,FALSE,NORMAL,TRUE,LOW,FALSE,HIGH,HIGH,NORMAL,LOW,ZERO,ZERO,HIGH,LOW,NORMAL,FALSE,LOW,NORMAL,NORMAL,LOW,LOW,FALSE,HIGH,HIGH,LOW,HIGH,TRUE,FALSE,HIGH,LOW,HIGH,FALSE,HIGH,HIGH,LOW,FALSE,NORMAL
TRUE,FALSE,NORMAL,FALSE,HIGH,FALSE,HIGH,ZERO,NORMAL,LOW,HIGH,NORMAL,HIGH,HIGH,NORMAL,FALSE,NORMAL,HIGH,LOW,NORMAL,ZERO,FALSE,LOW,ZERO,LOW,HIGH,FALSE,FALSE,HIGH,NORMAL,LOW,FALSE,HIGH,ZERO,NORMAL,TRUE,NORMAL
FALSE,FALSE,NORMAL,FALSE,HIGH,FALSE,HIGH,LOW,NORMAL,LOW,NORMAL,LOW,HIGH,HIGH,NORMAL,FALSE,LOW,NORMAL,LOW,LOW,ZERO,FALSE,LOW,ZERO,LOW,HIGH,FALSE,FALSE,HIGH,LOW,LOW,FALSE,HIGH,ZERO,HIGH,FALSE,NORMAL
FALSE,FALSE,NORMAL,FALSE,HIGH,FALSE,HIGH,HIGH,NORMAL,HIGH,NORMAL,LOW,HIGH,HIGH,NORMAL,FALSE,HIGH,NORMAL,NORMAL,NORMAL,ZERO,FALSE,LOW,HIGH,LOW,HIGH,FALSE,TRUE,HIGH,NORMAL,LOW,FALSE,HIGH,ZERO,NORMAL,FALSE,NORMAL
FALSE,FALSE,NORMAL,FALSE,LOW,FALSE,HIGH,ZERO,NORMAL,LOW,NORMAL,LOW,HIGH,HIGH,NORMAL,FALSE,NORMAL,NORMAL,NORMAL,NORMAL,LOW,FALSE,HIGH,HIGH,LOW,HIGH,FALSE,FALSE,HIGH,NORMAL,HIGH,FALSE,HIGH,HIGH,NORMAL,FALSE,NORMAL
FALSE,FALSE,NORMAL,FALSE,LOW,FALSE,HIGH,HIGH,NORMAL,HIGH,ZERO,ZERO,HIGH,HIGH,NORMAL,FALSE,NORMAL,NORMAL,NORMAL,NORMAL,LOW,FALSE,HIGH,HIGH,LOW,HIGH,FALSE,FALSE,HIGH,NORMAL,HIGH,FALSE,HIGH,HIGH,NORMAL,FALSE,NORMAL
FALSE,TRUE,NORMAL,FALSE,HIGH,FALSE,HIGH,HIGH,NORMAL,HIGH,NORMAL,LOW,HIGH,HIGH,NORMAL,FALSE,NORMAL,NORMAL,NORMAL,NORMAL,ZERO,FALSE,LOW,ZERO,LOW,HIGH,FALSE,FALSE,HIGH,NORMAL,LOW,FALSE,HIGH,ZERO,NORMAL,FALSE,NORMAL
FALSE,FALSE,NORMAL,FALSE,HIGH,FALSE,HIGH,HIGH,NORMAL,LOW,NORMAL,LOW,HIGH,HIGH,NORMAL,FALSE,NORMAL,NORMAL,LOW,NORMAL,ZERO,FALSE,LOW,ZERO,LOW,HIGH,FALSE,FALSE,HIGH,NORMAL,LOW,FALSE,HIGH,ZERO,NORMAL,FALSE,NORMAL
FALSE,FALSE,NORMAL,FALSE,HIGH,FALSE,HIGH,HIGH,NORMAL,HIGH,NORMAL,LOW,HIGH,HIGH,NORMAL,FALSE,NORMAL,NORMAL,HIGH,NORMAL,ZERO,FALSE,LOW,ZERO,LOW,HIGH,FALSE,FALSE,HIGH,NORMAL,LOW,FALSE,HIGH,ZERO,NORMAL,FALSE,NORMAL
FALSE,FALSE,NORMAL,FALSE,HIGH,TRUE,HIGH,HIGH,NORMAL,HIGH,LOW,ZERO,HIGH,HIGH,NORMAL,FALSE,NORMAL,LOW,NORMAL,NORMAL,ZERO,FALSE,LOW,ZERO,LOW,NORMAL,FALSE,FALSE,NORMAL,NORMAL,LOW,FALSE,HIGH,ZERO,NORMAL,FALSE,NORMAL
FALSE,TRUE,HIGH,FALSE,HIGH,FALSE,HIGH,LOW,NORMAL,LOW,NORMAL,LOW,HIGH,HIGH,NORMAL,FALSE,NORMAL,NORMAL,LOW,NORMAL,ZERO,FALSE,LOW,ZERO,LOW,HIGH,FALSE,FALSE,HIGH,NORMAL,LOW,FALSE,HIGH,ZERO,NORMAL,FALSE,NORMAL
FALSE,FALSE,NORMAL,FALSE,HIGH,FALSE,HIGH,LOW,NORMAL,HIGH,NORMAL,LOW,HIGH,HIGH,NORMAL,FALSE,HIGH,NORMAL,HIGH,HIGH,ZERO,FALSE,LOW,ZERO,LOW,HIGH,FALSE,TRUE,HIGH,HIGH,LOW,FALSE,HIGH,ZERO,NORMAL,FALSE,NORMAL
FALSE,FALSE,NORMAL,FALSE,HIGH,FALSE,HIGH,HIGH,NORMAL,HIGH,NORMAL,LOW,HIGH,HIGH,NORMAL,FALSE,NORMAL,NORMAL,HIGH,NORMAL,ZERO,FALSE,LOW,ZERO,LOW,HIGH,FALSE,FALSE,HIGH,NORMAL,LOW,FALSE,HIGH,ZERO,NORMAL,FALSE,NORMAL
FALSE,FALSE,NORMAL,FALSE,HIGH,FALSE,HIGH,LOW,NORMAL,LOW,NORMAL,LOW,HIGH,LOW,ESOPHAGEAL,FALSE,HIGH,NORMAL,NORMAL,HIGH,ZERO,FALSE,LOW,LOW,LOW,HIGH,FALSE,TRUE,HIGH,HIGH,LOW,FALSE,HIGH,LOW,LOW,FALSE,NORMAL
TRUE,FALSE,NORMAL,FALSE,LOW,FALSE,HIGH,HIGH,NORMAL,HIGH,NORMAL,ZERO,HIGH,HIGH,NORMAL,FALSE,HIGH,NORMAL,HIGH,NORMAL,LOW,FALSE,LOW,HIGH,LOW,HIGH,FALSE,TRUE,NORMAL,HIGH,LOW,FALSE,HIGH,HIGH,NORMAL,FALSE,NORMAL
FALSE,FALSE,NORMAL,FALSE,HIGH,FALSE,HIGH,HIGH,NORMAL,LOW,NORMAL,LOW,HIGH,HIGH,NORMAL,FALSE,LOW,NORMAL,LOW,LOW,ZERO,FALSE,LOW,ZERO,LOW,HIGH,FALSE,FALSE,HIGH,LOW,LOW,FALSE,HIGH,ZERO,NORMAL,FALSE,NORMAL
FALSE,FALSE,NORMAL,FALSE,HIGH,TRUE,HIGH,HIGH,NORMAL,LOW,NORMAL,LOW,HIGH,HIGH,NORMAL,FALSE,NORMAL,NORMAL,LOW,NORMAL,ZERO,FALSE,LOW,ZERO,LOW,NORMAL,FALSE,FALSE,NORMAL,NORMAL,LOW,FALSE,HIGH,ZERO,NORMAL,FALSE,NORMAL
FALSE,FALSE,NORMAL,FALSE,NORMAL,FALSE,LOW,HIGH,NORMAL,NORMAL,NORMAL,LOW,NORMAL,NORMAL,NORMAL,FALSE,NORMAL,NORMAL,NORMAL,NORMAL,NORMAL,FALSE,LOW,LOW,NORMAL,LOW,FALSE,FALSE,LOW,NORMAL,LOW,FALSE,NORMAL,NORMAL,NORMAL,FALSE,HIGH
FALSE,FALSE,NORMAL,FALSE,HIGH,FALSE,HIGH,NORMAL,NORMAL,HIGH,NORMAL,LOW,HIGH,HIGH,NORMAL,FALSE,HIGH,NORMAL,NORMAL,HIGH,ZERO,FALSE,LOW,ZERO,LOW,HIGH,FALSE,TRUE,HIGH,HIGH,LOW,FALSE,HIGH,ZERO,NORMAL,FALSE,NORMAL
FALSE,FALSE,NORMAL,FALSE,HIGH,FALSE,HIGH,LOW,NORMAL,HIGH,NORMAL,LOW,HIGH,HIGH,NORMAL,FALSE,NORMAL,NORMAL,HIGH,NORMAL,ZERO,FALSE,LOW,ZERO,LOW,HIGH,FALSE,FALSE,HIGH,NORMAL,LOW,FALSE,HIGH,ZERO,NORMAL,FALSE,NORMAL
FALSE,FALSE,NORMAL,TRUE,HIGH,FALSE,LOW,NORMAL,LOW,LOW,NORMAL,LOW,HIGH,LOW,NORMAL,FALSE,NORMAL,NORMAL,NORMAL,HIGH,ZERO,FALSE,LOW,ZERO,LOW,LOW,TRUE,FALSE,LOW,HIGH,LOW,FALSE,NORMAL,ZERO,LOW,FALSE,NORMAL
FALSE,FALSE,NORMAL,FALSE,LOW,FALSE,HIGH,LOW,NORMAL,HIGH,NORMAL,LOW,HIGH,HIGH,NORMAL,FALSE,NORMAL,NORMAL,NORMAL,LOW,LOW,FALSE,HIGH,HIGH,LOW,HIGH,FALSE,FALSE,HIGH,NORMAL,HIGH,FALSE,HIGH,HIGH,NORMAL,FALSE,NORMAL
FALSE,FALSE,NORMAL,FALSE,HIGH,FALSE,HIGH,HIGH,NORMAL,LOW,NORMAL,LOW,HIGH,HIGH,NORMAL,FALSE,NORMAL,NORMAL,LOW,NORMAL,ZERO,FALSE,LOW,ZERO,LOW,HIGH,FALSE,FALSE,HIGH,NORMAL,LOW,FALSE,HIGH,ZERO,NORMAL,FALSE,NORMAL
FALSE,FALSE,NORMAL,FALSE,NORMAL,FALSE,HIGH,LOW,NORMAL,HIGH,NORMAL,ZERO,HIGH,HIGH,ONESIDED,FALSE,NORMAL,NORMAL,NORMAL,NORMAL,ZERO,FALSE,LOW,NORMAL,LOW,HIGH,FALSE,FALSE,HIGH,NORMAL,LOW,FALSE,HIGH,NORMAL,NORMAL,FALSE,NORMAL
FALSE,FALSE,NORMAL,FALSE,HIGH,FALSE,HIGH,HIGH,NORMAL,HIGH,NORMAL,LOW,HIGH,HIGH,NORMAL,FALSE,NORMAL,NORMAL,NORMAL,NORMAL,ZERO,FALSE,LOW,ZERO,LOW,HIGH,FALSE,FALSE,HIGH,NORMAL,LOW,FALSE,HIGH,ZERO,NORMAL,FALSE,NORMAL
FALSE,FALSE,NORMAL,FALSE,HIGH,FALSE,HIGH,LOW,NORMAL,NORMAL,NORMAL,LOW,HIGH,NORMAL,NORMAL,FALSE,NORMAL,NORMAL,NORMAL,NORMAL,ZERO,FALSE,LOW,ZERO,LOW,HIGH,FALSE,FALSE,HIGH,NORMAL,LOW,FALSE,HIGH,ZERO,LOW,FALSE,NORMAL
FALSE,FALSE,NORMAL,FALSE,HIGH,TRUE,NORMAL,HIGH,LOW,HIGH,NORMAL,LOW,HIGH,HIGH,NORMAL,TRUE,NORMAL,NORMAL,HIGH,NORMAL,ZERO,FALSE,LOW,ZERO,LOW,NORMAL,FALSE,FALSE,NORMAL,NORMAL,LOW,FALSE,HIGH,ZERO,NORMAL,FALSE,NORMAL
FALSE,FALSE,NORMAL,FALSE,LOW,FALSE,HIGH,HIGH,NORMAL,LOW,LOW,ZERO,HIGH,HIGH,NORMAL,FALSE,NORMAL,LOW,LOW,NORMAL,LOW,FALSE,HIGH,HIGH,LOW,HIGH,FALSE,FALSE,HIGH,NORMAL,HIGH,FALSE,HIGH,HIGH,NORMAL,FALSE,NORMAL
FALSE,FALSE,NORMAL,FALSE,HIGH,FALSE,HIGH,HIGH,NORMAL,NORMAL,NORMAL,LOW,HIGH,NORMAL,NORMAL,FALSE,NORMAL,NORMAL,NORMAL,NORMAL,ZERO,FALSE,LOW,ZERO,LOW,HIGH,FALSE,FALSE,HIGH,NORMAL,LOW,FALSE,HIGH,ZERO,NORMAL,TRUE,NORMAL
TRUE,FALSE,HIGH,FALSE,LOW,FALSE,NORMAL,LOW,NORMAL,NORMAL,NORMAL,ZERO,NORMAL,NORMAL,NORMAL,TRUE,NORMAL,NORMAL,HIGH,NORMAL,LOW,FALSE,HIGH,HIGH,LOW,LOW,FALSE,FALSE,LOW,NORMAL,HIGH,FALSE,NORMAL,HIGH,NORMAL,FALSE,NORMAL
FALSE,FALSE,NORMAL,FALSE,HIGH,FALSE,HIGH,HIGH,NORMAL,HIGH,NORMAL,LOW,HIGH,HIGH,NORMAL,FALSE,NORMAL,NORMAL,NORMAL,NORMAL,ZERO,FALSE,LOW,ZERO,LOW,HIGH,FALSE,FALSE,HIGH,NORMAL,LOW,FALSE,HIGH,ZERO,NORMAL,FALSE,NORMAL
FALSE,FALSE,NORMAL,FALSE,NORMAL,FALSE,HIGH,LOW,NORMAL,LOW,HIGH,HIGH,HIGH,LOW,NORMAL,FALSE,NORMAL,HIGH,NORMAL,LOW,LOW,FALSE,HIGH,HIGH,ZERO,HIGH,TRUE,FALSE,HIGH,LOW,HIGH,FALSE,HIGH,HIGH,LOW,FALSE,NORMAL
FALSE,TRUE,NORMAL,FALSE,LOW,TRUE,HIGH,LOW,NORMAL,HIGH,HIGH,HIGH,HIGH,HIGH,NORMAL,FALSE,HIGH,HIGH,NORMAL,HIGH,LOW,FALSE,HIGH,HIGH,LOW,NORMAL,FALSE,FALSE,NORMAL,HIGH,HIGH,FALSE,HIGH,HIGH,NORMAL,FALSE,NORMAL
FALSE,FALSE,NORMAL,FALSE,HIGH,FALSE,HIGH,NORMAL,NORMAL,NORMAL,NORMAL,LOW,HIGH,LOW,NORMAL,FALSE,LOW,NORMAL,HIGH,LOW,ZERO,FALSE,LOW,ZERO,LOW,HIGH,FALSE,FALSE,HIGH,LOW,LOW,FALSE,HIGH,ZERO,LOW,TRUE,NORMAL
FALSE,FALSE,NORMAL,FALSE,HIGH,FALSE,HIGH,LOW,LOW,LOW,NORMAL,LOW,HIGH,HIGH,NORMAL,FALSE,NORMAL,NORMAL,LOW,NORMAL,ZERO,FALSE,LOW,ZERO,LOW,HIGH,FALSE,FALSE,HIGH,NORMAL,HIGH,FALSE,HIGH,ZERO,NORMAL,FALSE,NORMAL
FALSE,FALSE,NORMAL,FALSE,HIGH,FALSE,NORMAL,LOW,NORMAL,NORMAL,NORMAL,LOW,HIGH,HIGH,NORMAL,TRUE,NORMAL,NORMAL,HIGH,NORMAL,HIGH,FALSE,LOW,LOW,HIGH,HIGH,FALSE,FALSE,NORMAL,NORMAL,LOW,FALSE,HIGH,LOW,NORMAL,FALSE,NORMAL
FALSE,TRUE,NORMAL,FALSE,HIGH,FALSE,HIGH,LOW,NORMAL,LOW,NORMAL,LOW,HIGH,HIGH,NORMAL,FALSE,NORMAL,NORMAL,NORMAL,NORMAL,ZERO,FALSE,LOW,ZERO,LOW,HIGH,FALSE,FALSE,HIGH,NORMAL,LOW,FALSE,HIGH,ZERO,NORMAL,FALSE,NORMAL
FALSE,FALSE,NORMAL,FALSE,HIGH,FALSE,HIGH,NORMAL,NORMAL,LOW,NORMAL,LOW,HIGH,LOW,NORMAL,FALSE,LOW,NORMAL,NORMAL,LOW,ZERO,FALSE,LOW,ZERO,LOW,HIGH,FALSE,FALSE,HIGH,LOW,LOW,FALSE,HIGH,ZERO,LOW,FALSE,NORMAL
FALSE,FALSE,NORMAL,FALSE,HIGH,FALSE,HIGH,NORMAL,NORMAL,HIGH,NORMAL,LOW,HIGH,HIGH,NORMAL,FALSE,NORMAL,NORMAL,NORMAL,NORMAL,ZERO,FALSE,LOW,ZERO,LOW,HIGH,FALSE,FALSE,HIGH,NORMAL,LOW,FALSE,HIGH,ZERO,NORMAL,FALSE,NORMAL
FALSE,FALSE,NORMAL,FALSE,HIGH,FALSE,HIGH,HIGH,NORMAL,HIGH,NORMAL,LOW,HIGH,HIGH,ESOPHAGEAL,FALSE,NORMAL,NORMAL,NORMAL,NORMAL,LOW,FALSE,LOW,ZERO,NORMAL,HIGH,FALSE,FALSE,HIGH,NORMAL,LOW,FALSE,HIGH,ZERO,NORMAL,FALSE,NORMAL
FALSE,FALSE,NORMAL,FALSE,HIGH,FALSE,HIGH,LOW,NORMAL,HIGH,NORMAL,LOW,HIGH,HIGH,NORMAL,FALSE,NORMAL,NORMAL,NORMAL,NORMAL,ZERO,FALSE,LOW,ZERO,LOW,HIGH,FALSE,FALSE,HIGH,NORMAL,LOW,FALSE,HIGH,ZERO,NORMAL,TRUE,NORMAL
FALSE,FALSE,NORMAL,FALSE,HIGH,FALSE,HIGH,NORMAL,NORMAL,LOW,NORMAL,LOW,HIGH,HIGH,NORMAL,FALSE,NORMAL,NORMAL,LOW,NORMAL,ZERO,FALSE,LOW,ZERO,LOW,HIGH,FALSE,FALSE,HIGH,NORMAL,LOW,FALSE,HIGH,ZERO,NORMAL,FALSE,NORMAL
FALSE,TRUE,NORMAL,FALSE,LOW,TRUE,HIGH,LOW,NORMAL,LOW,NORMAL,LOW,HIGH,NORMAL,NORMAL,FALSE,NORMAL,NORMAL,LOW,NORMAL,LOW,FALSE,HIGH,HIGH,LOW,NORMAL,FALSE,FALSE,NORMAL,NORMAL,HIGH,FALSE,HIGH,HIGH,NORMAL,FALSE,NORMAL
FALSE,FALSE,NORMAL,FALSE,HIGH,FALSE,HIGH,NORMAL,NORMAL,LOW,NORMAL,LOW,HIGH,HIGH,NORMAL,FALSE,NORMAL,NORMAL,NORMAL,NORMAL,ZERO,FALSE,LOW,ZERO,LOW,HIGH,FALSE,FALSE,HIGH,NORMAL,LOW,FALSE,HIGH,ZERO,NORMAL,FALSE,NORMAL
FALSE,FALSE,NORMAL,FALSE,HIGH,FALSE,HIGH,HIGH,NORMAL,HIGH,NORMAL,LOW,HIGH,HIGH,NORMAL,FALSE,LOW,NORMAL,NORMAL,LOW,ZERO,FALSE,LOW,LOW,LOW,HIGH,FALSE,FALSE,HIGH,NORMAL,LOW,FALSE,HIGH,ZERO,NORMAL,FALSE,NORMAL
FALSE,FALSE,NORMAL,FALSE,HIGH,FALSE,HIGH,LOW,NORMAL,LOW,NORMAL,LOW,HIGH,LOW,NORMAL,FALSE,NORMAL,NORMAL,LOW,NORMAL,ZERO,FALSE,LOW,ZERO,LOW,HIGH,FALSE,FALSE,HIGH,NORMAL,LOW,FALSE,HIGH,ZERO,NORMAL,FALSE,NORMAL
FALSE,FALSE,NORMAL,FALSE,HIGH,FALSE,HIGH,LOW,NORMAL,LOW,NORMAL,LOW,HIGH,LOW,NORMAL,FALSE,NORMAL,NORMAL,NORMAL,NORMAL,ZERO,FALSE,LOW,ZERO,LOW,HIGH,FALSE,FALSE,HIGH,NORMAL,LOW,FALSE,HIGH,ZERO,LOW,FALSE,NORMAL
FALSE,FALSE,NORMAL,FALSE,HIGH,FALSE,HIGH,NORMAL,NORMAL,HIGH,NORMAL,LOW,HIGH,HIGH,NORMAL,FALSE,NORMAL,NORMAL,HIGH,NORMAL,ZERO,FALSE,LOW,ZERO,LOW,HIGH,FALSE,FALSE,HIGH,NORMAL,LOW,FALSE,HIGH,ZERO,NORMAL,FALSE,NORMAL
TRUE,TRUE,NORMAL,FALSE,HIGH,FALSE,LOW,ZERO,NORMAL,HIGH,NORMAL,ZERO,HIGH,NORMAL,ESOPHAGEAL,TRUE,NORMAL,NORMAL,NORMAL,NORMAL,ZERO,FALSE,LOW,LOW,LOW,LOW,FALSE,FALSE,LOW,NORMAL,LOW,FALSE,NORMAL,LOW,NORMAL,FALSE,NORMAL
FALSE,FALSE,NORMAL,FALSE,HIGH,FALSE,HIGH,NORMAL,NORMAL,HIGH,NORMAL,LOW,HIGH,HIGH,NORMAL,FALSE,NORMAL,NORMAL,NORMAL,NORMAL,ZERO,FALSE,LOW,ZERO,LOW,HIGH,FALSE,FALSE,LOW,NORMAL,LOW,FALSE,HIGH,ZERO,NORMAL,FALSE,NORMAL
FALSE,FALSE,NORMAL,FALSE,HIGH,FALSE,HIGH,NORMAL,NORMAL,HIGH,NORMAL,LOW,HIGH,HIGH,NORMAL,FALSE,NORMAL,NORMAL,NORMAL,NORMAL,ZERO,FALSE,LOW,ZERO,LOW,HIGH,FALSE,FALSE,HIGH,NORMAL,LOW,FALSE,HIGH,ZERO,NORMAL,FALSE,NORMAL
FALSE,FALSE,NORMAL,FALSE,LOW,FALSE,LOW,LOW,NORMAL,NORMAL,NORMAL,HIGH,NORMAL,NORMAL,NORMAL,FALSE,LOW,NORMAL,NORMAL,NORMAL,LOW,FALSE,HIGH,HIGH,LOW,LOW,FALSE,FALSE,LOW,NORMAL,HIGH,FALSE,NORMAL,HIGH,NORMAL,FALSE,NORMAL
FALSE,FALSE,NORMAL,FALSE,LOW,FALSE,HIGH,LOW,NORMAL,LOW,NORMAL,LOW,HIGH,LOW,NORMAL,FALSE,NORMAL,NORMAL,NORMAL,NORMAL,LOW,FALSE,HIGH,HIGH,LOW,HIGH,FALSE,FALSE,HIGH,NORMAL,HIGH,FALSE,HIGH,HIGH,NORMAL,FALSE,NORMAL
FALSE,FALSE,NORMAL,FALSE,HIGH,FALSE,HIGH,HIGH,NORMAL,LOW,NORMAL,LOW,HIGH,HIGH,ESOPHAGEAL,FALSE,NORMAL,NORMAL,LOW,NORMAL,ZERO,FALSE,NORMAL,LOW,LOW,HIGH,FALSE,FALSE,HIGH,NORMAL,NORMAL,FALSE,HIGH,LOW,NORMAL,FALSE,NORMAL
FALSE,FALSE,NORMAL,FALSE,HIGH,FALSE,LOW,HIGH,NORMAL,LOW,NORMAL,LOW,HIGH,NORMAL,NORMAL,FALSE,NORMAL,NORMAL,NORMAL,NORMAL,ZERO,FALSE,LOW,ZERO,LOW,LOW,FALSE,FALSE,LOW,NORMAL,LOW,FALSE,NORMAL,ZERO,NORMAL,FALSE,NORMAL
FALSE,FALSE,NORMAL,FALSE,HIGH,FALSE,LOW,HIGH,NORMAL,LOW,NORMAL,LOW,NORMAL,NORMAL,NORMAL,FALSE,NORMAL,NORMAL,HIGH,NORMAL,ZERO,FALSE,LOW,ZERO,LOW,LOW,FALSE,FALSE,LOW,NORMAL,LOW,FALSE,NORMAL,ZERO,NORMAL,FALSE,NORMAL
FALSE,FALSE,NORMAL,FALSE,HIGH,FALSE,HIGH,LOW,NORMAL,HIGH,NORMAL,LOW,HIGH,HIGH,NORMAL,FALSE,HIGH,NORMAL,NORMAL,HIGH,ZERO,FALSE,LOW,ZERO,LOW,HIGH,FALSE,FALSE,HIGH,HIGH,HIGH,FALSE,HIGH,ZERO,NORMAL,FALSE,NORMAL
FALSE,FALSE,HIGH,FALSE,HIGH,FALSE,HIGH,LOW,NORMAL,LOW,NORMAL,LOW,HIGH,LOW,NORMAL,FALSE,HIGH,NORMAL,NORMAL,HIGH,ZERO,FALSE,LOW,ZERO,LOW,HIGH,FALSE,TRUE,HIGH,HIGH,LOW,FALSE,HIGH,ZERO,LOW,FALSE,NORMAL
FALSE,FALSE,HIGH,FALSE,HIGH,FALSE,HIGH,HIGH,NORMAL,NORMAL,NORMAL,NORMAL,HIGH,HIGH,NORMAL,FALSE,LOW,NORMAL,LOW,NORMAL,HIGH,FALSE,LOW,LOW,HIGH,HIGH,FALSE,FALSE,HIGH,NORMAL,LOW,TRUE,HIGH,LOW,NORMAL,FALSE,HIGH
FALSE,FALSE,NORMAL,FALSE,HIGH,FALSE,HIGH,HIGH,NORMAL,HIGH,NORMAL,LOW,HIGH,HIGH,NORMAL,FALSE,NORMAL,NORMAL,HIGH,NORMAL,ZERO,FALSE,LOW,ZERO,LOW,HIGH,FALSE,FALSE,HIGH,NORMAL,LOW,FALSE,HIGH,ZERO,NORMAL,FALSE,NORMAL
FALSE,FALSE,NORMAL,FALSE,HIGH,FALSE,HIGH,HIGH,LOW,LOW,NORMAL,LOW,HIGH,HIGH,NORMAL,FALSE,NORMAL,NORMAL,LOW,NORMAL,ZERO,FALSE,LOW,ZERO,LOW,HIGH,FALSE,FALSE,HIGH,NORMAL,LOW,FALSE,HIGH,ZERO,NORMAL,FALSE,NORMAL
FALSE,FALSE,NORMAL,FALSE,HIGH,FALSE,NORMAL,HIGH,NORMAL,NORMAL,NORMAL,LOW,HIGH,HIGH,NORMAL,TRUE,NORMAL,NORMAL,NORMAL,NORMAL,ZERO,FALSE,LOW,ZERO,LOW,HIGH,FALSE,FALSE,HIGH,NORMAL,LOW,FALSE,HIGH,ZERO,NORMAL,FALSE,NORMAL
FALSE,FALSE,NORMAL,FALSE,HIGH,FALSE,HIGH,NORMAL,NORMAL,HIGH,NORMAL,LOW,HIGH,HIGH,NORMAL,FALSE,NORMAL,NORMAL,HIGH,NORMAL,ZERO,FALSE,LOW,ZERO,LOW,HIGH,FALSE,FALSE,HIGH,NORMAL,LOW,FALSE,HIGH,ZERO,NORMAL,FALSE,NORMAL
FALSE,FALSE,NORMAL,FALSE,HIGH,FALSE,HIGH,LOW,NORMAL,HIGH,NORMAL,LOW,HIGH,HIGH,NORMAL,FALSE,NORMAL,NORMAL,HIGH,NORMAL,ZERO,FALSE,LOW,ZERO,LOW,HIGH,FALSE,FALSE,HIGH,NORMAL,LOW,FALSE,HIGH,ZERO,NORMAL,FALSE,HIGH
FALSE,FALSE,NORMAL,FALSE,HIGH,FALSE,LOW,NORMAL,NORMAL,HIGH,NORMAL,LOW,NORMAL,NORMAL,NORMAL,FALSE,NORMAL,NORMAL,HIGH,LOW,ZERO,FALSE,LOW,ZERO,LOW,LOW,FALSE,FALSE,LOW,NORMAL,LOW,FALSE,NORMAL,ZERO,NORMAL,FALSE,NORMAL
FALSE,TRUE,NORMAL,FALSE,HIGH,FALSE,HIGH,ZERO,NORMAL,HIGH,LOW,ZERO,HIGH,HIGH,ESOPHAGEAL,FALSE,NORMAL,NORMAL,NORMAL,NORMAL,ZERO,FALSE,LOW,LOW,LOW,HIGH,FALSE,FALSE,HIGH,NORMAL,LOW,FALSE,HIGH,LOW,NORMAL,FALSE,NORMAL
FALSE,TRUE,NORMAL,FALSE,HIGH,FALSE,HIGH,ZERO,NORMAL,HIGH,ZERO,ZERO,HIGH,HIGH,ESOPHAGEAL,FALSE,NORMAL,NORMAL,HIGH,NORMAL,ZERO,FALSE,LOW,LOW,LOW,HIGH,FALSE,FALSE,HIGH,NORMAL,LOW,FALSE,HIGH,LOW,NORMAL,FALSE,NORMAL
FALSE,FALSE,NORMAL,FALSE,NORMAL,FALSE,LOW,HIGH,NORMAL,NORMAL,NORMAL,LOW,HIGH,NORMAL,NORMAL,FALSE,NORMAL,NORMAL,NORMAL,NORMAL,ZERO,FALSE,LOW,ZERO,LOW,LOW,FALSE,FALSE,LOW,NORMAL,LOW,FALSE,NORMAL,ZERO,NORMAL,FALSE,NORMAL
FALSE,FALSE,NORMAL,FALSE,LOW,FALSE,HIGH,HIGH,NORMAL,LOW,ZERO,ZERO,HIGH,HIGH,NORMAL,FALSE,NORMAL,HIGH,LOW,NORMAL,LOW,FALSE,HIGH,HIGH,LOW,HIGH,FALSE,FALSE,HIGH,NORMAL,HIGH,FALSE,HIGH,HIGH,NORMAL,FALSE,NORMAL
FALSE,FALSE,NORMAL,FALSE,HIGH,FALSE,HIGH,NORMAL,NORMAL,HIGH,NORMAL,LOW,HIGH,HIGH,NORMAL,FALSE,HIGH,NORMAL,HIGH,NORMAL,ZERO,FALSE,LOW,ZERO,LOW,HIGH,FALSE,TRUE,HIGH,HIGH,LOW,FALSE,HIGH,ZERO,NORMAL,FALSE,NORMAL
TRUE,FALSE,NORMAL,FALSE,HIGH,FALSE,HIGH,HIGH,NORMAL,LOW,NORMAL,ZERO,HIGH,HIGH,NORMAL,FALSE,NORMAL,NORMAL,LOW,NORMAL,ZERO,FALSE,LOW,ZERO,LOW,HIGH,FALSE,FALSE,HIGH,NORMAL,LOW,FALSE,HIGH,ZERO,HIGH,FALSE,NORMAL
TRUE,TRUE,NORMAL,FALSE,HIGH,FALSE,HIGH,HIGH,NORMAL,LOW,ZERO,ZERO,HIGH,LOW,NORMAL,FALSE,HIGH,NORMAL,NORMAL,HIGH,HIGH,FALSE,LOW,LOW,HIGH,HIGH,FALSE,TRUE,LOW,HIGH,LOW,FALSE,HIGH,LOW,LOW,FALSE,NORMAL
FALSE,FALSE,NORMAL,FALSE,HIGH,FALSE,HIGH,NORMAL,NORMAL,NORMAL,NORMAL,LOW,HIGH,HIGH,NORMAL,FALSE,HIGH,NORMAL,NORMAL,NORMAL,ZERO,FALSE,LOW,ZERO,LOW,HIGH,FALSE,FALSE,HIGH,NORMAL,NORMAL,FALSE,HIGH,ZERO,NORMAL,TRUE,NORMAL
FALSE,FALSE,NORMAL,FALSE,LOW,FALSE,HIGH,LOW,LOW,LOW,HIGH,HIGH,HIGH,HIGH,NORMAL,FALSE,NORMAL,HIGH,LOW,NORMAL,LOW,FALSE,NORMAL,HIGH,LOW,HIGH,FALSE,FALSE,HIGH,NORMAL,NORMAL,FALSE,HIGH,HIGH,NORMAL,FALSE,NORMAL
FALSE,TRUE,NORMAL,FALSE,HIGH,FALSE,HIGH,NORMAL,NORMAL,HIGH,NORMAL,LOW,HIGH,HIGH,NORMAL,FALSE,NORMAL,NORMAL,HIGH,NORMAL,ZERO,FALSE,LOW,ZERO,LOW,HIGH,FALSE,FALSE,NORMAL,NORMAL,LOW,FALSE,HIGH,ZERO,NORMAL,FALSE,NORMAL
FALSE,FALSE,NORMAL,FALSE,HIGH,FALSE,HIGH,HIGH,NORMAL,LOW,NORMAL,LOW,HIGH,HIGH,NORMAL,FALSE,LOW,NORMAL,LOW,NORMAL,ZERO,FALSE,LOW,ZERO,LOW,HIGH,FALSE,FALSE,HIGH,NORMAL,LOW,FALSE,HIGH,ZERO,HIGH,FALSE,NORMAL
FALSE,FALSE,NORMAL,FALSE,HIGH,FALSE,HIGH,NORMAL,NORMAL,LOW,NORMAL,LOW,HIGH,HIGH,NORMAL,FALSE,NORMAL,NORMAL,LOW,NORMAL,ZERO,FALSE,LOW,ZERO,LOW,HIGH,FALSE,FALSE,HIGH,NORMAL,LOW,FALSE,HIGH,ZERO,NORMAL,FALSE,NORMAL
FALSE,FALSE,NORMAL,FALSE,HIGH,FALSE,HIGH,NORMAL,NORMAL,LOW,NORMAL,LOW,HIGH,LOW,NORMAL,FALSE,HIGH,NORMAL,NORMAL,HIGH,ZERO,FALSE,LOW,ZERO,LOW,HIGH,FALSE,TRUE,HIGH,HIGH,LOW,FALSE,HIGH,ZERO,LOW,FALSE,NORMAL
FALSE,FALSE,NORMAL,FALSE,HIGH,FALSE,HIGH,HIGH,NORMAL,HIGH,NORMAL,LOW,HIGH,HIGH,NORMAL,FALSE,NORMAL,NORMAL,NORMAL,NORMAL,ZERO,FALSE,LOW,ZERO,LOW,HIGH,FALSE,FALSE,HIGH,NORMAL,LOW,FALSE,HIGH,ZERO,NORMAL,FALSE,NORMAL
FALSE,FALSE,NORMAL,TRUE,HIGH,FALSE,HIGH,LOW,NORMAL,LOW,NORMAL,LOW,HIGH,LOW,NORMAL,FALSE,LOW,NORMAL,HIGH,LOW,ZERO,FALSE,LOW,ZERO,LOW,HIGH,TRUE,TRUE,HIGH,LOW,LOW,FALSE,HIGH,ZERO,LOW,FALSE,HIGH
FALSE,FALSE,NORMAL,FALSE,HIGH,FALSE,HIGH,NORMAL,LOW,LOW,NORMAL,LOW,HIGH,LOW,NORMAL,FALSE,HIGH,NORMAL,NORMAL,HIGH,ZERO,FALSE,LOW,ZERO,LOW,HIGH,FALSE,TRUE,HIGH,HIGH,LOW,FALSE,HIGH,ZERO,LOW,FALSE,NORMAL
TRUE,FALSE,NORMAL,FALSE,HIGH,FALSE,NORMAL,HIGH,NORMAL,LOW,NORMAL,ZERO,HIGH,HIGH,NORMAL,TRUE,NORMAL,NORMAL,LOW,NORMAL,ZERO,FALSE,LOW,ZERO,LOW,HIGH,FALSE,FALSE,HIGH,NORMAL,LOW,FALSE,HIGH,ZERO,NORMAL,FALSE,NORMAL
FALSE,FALSE,NORMAL,TRUE,HIGH,FALSE,HIGH,LOW,NORMAL,LOW,NORMAL,LOW,HIGH,LOW,NORMAL,FALSE,LOW,NORMAL,LOW,LOW,ZERO,FALSE,LOW,ZERO,LOW,HIGH,TRUE,FALSE,HIGH,LOW,LOW,FALSE,HIGH,ZERO,LOW,FALSE,NORMAL
FALSE,TRUE,LOW,FALSE,HIGH,FALSE,HIGH,HIGH,NORMAL,HIGH,NORMAL,LOW,HIGH,HIGH,NORMAL,FALSE,LOW,NORMAL,NORMAL,LOW,ZERO,FALSE,LOW,ZERO,LOW,HIGH,FALSE,FALSE,HIGH,LOW,LOW,FALSE,HIGH,ZERO,NORMAL,FALSE,NORMAL
FALSE,FALSE,NORMAL,FALSE,HIGH,TRUE,HIGH,HIGH,NORMAL,NORMAL,NORMAL,LOW,HIGH,HIGH,ESOPHAGEAL,FALSE,HIGH,NORMAL,HIGH,HIGH,ZERO,FALSE,LOW,LOW,LOW,NORMAL,FALSE,TRUE,NORMAL,HIGH,LOW,FALSE,HIGH,LOW,NORMAL,FALSE,NORMAL
FALSE,FALSE,NORMAL,FALSE,HIGH,FALSE,HIGH,HIGH,LOW,LOW,NORMAL,LOW,HIGH,LOW,NORMAL,FALSE,HIGH,NORMAL,NORMAL,HIGH,ZERO,FALSE,LOW,ZERO,LOW,HIGH,FALSE,TRUE,NORMAL,HIGH,LOW,FALSE,HIGH,ZERO,LOW,FALSE,NORMAL
FALSE,FALSE,NORMAL,FALSE,HIGH,FALSE,NORMAL,HIGH,NORMAL,HIGH,NORMAL,LOW,HIGH,HIGH,ONESIDED,FALSE,NORMAL,NORMAL,HIGH,NORMAL,LOW,FALSE,LOW,ZERO,NORMAL,HIGH,FALSE,FALSE,HIGH,NORMAL,LOW,FALSE,HIGH,LOW,NORMAL,FALSE,HIGH
FALSE,FALSE,NORMAL,FALSE,HIGH,FALSE,LOW,NORMAL,NORMAL,HIGH,NORMAL,LOW,NORMAL,NORMAL,NORMAL,FALSE,NORMAL,NORMAL,HIGH,NORMAL,ZERO,FALSE,LOW,ZERO,LOW,LOW,FALSE,FALSE,LOW,NORMAL,LOW,FALSE,NORMAL,ZERO,NORMAL,FALSE,NORMAL
FALSE,FALSE,NORMAL,FALSE,HIGH,FALSE,HIGH,HIGH,NORMAL,HIGH,LOW,ZERO,HIGH,HIGH,NORMAL,FALSE,NORMAL,NORMAL,NORMAL,NORMAL,ZERO,FALSE,LOW,ZERO,LOW,HIGH,FALSE,FALSE,HIGH,NORMAL,LOW,FALSE,HIGH,ZERO,NORMAL,FALSE,NORMAL
FALSE,FALSE,NORMAL,FALSE,LOW,FALSE,LOW,HIGH,NORMAL,HIGH,ZERO,ZERO,NORMAL,NORMAL,NORMAL,FALSE,NORMAL,NORMAL,HIGH,NORMAL,LOW,FALSE,HIGH,HIGH,LOW,LOW,FALSE,FALSE,LOW,NORMAL,HIGH,FALSE,NORMAL,HIGH,NORMAL,FALSE,NORMAL
TRUE,FALSE,NORMAL,FALSE,LOW,FALSE,HIGH,ZERO,NORMAL,HIGH,NORMAL,ZERO,HIGH,HIGH,NORMAL,FALSE,NORMAL,NORMAL,NORMAL,NORMAL,LOW,FALSE,HIGH,HIGH,LOW,HIGH,FALSE,FALSE,HIGH,NORMAL,HIGH,FALSE,HIGH,HIGH,NORMAL,FALSE,NORMAL
TRUE,FALSE,NORMAL,FALSE,HIGH,FALSE,HIGH,HIGH,NORMAL,NORMAL,NORMAL,ZERO,HIGH,HIGH,NORMAL,FALSE,NORMAL,NORMAL,NORMAL,NORMAL,ZERO,FALSE,LOW,NORMAL,LOW,HIGH,FALSE,FALSE,HIGH,NORMAL,LOW,FALSE,HIGH,ZERO,NORMAL,FALSE,NORMAL
FALSE,FALSE,NORMAL,FALSE,HIGH,TRUE,HIGH,HIGH,LOW,NORMAL,NORMAL,LOW,HIGH,HIGH,NORMAL,FALSE,NORMAL,NORMAL,NORMAL,NORMAL,ZERO,FALSE,LOW,ZERO,LOW,NORMAL,FALSE,FALSE,NORMAL,NORMAL,LOW,FALSE,HIGH,ZERO,NORMAL,FALSE,NORMAL
TRUE,FALSE,NORMAL,FALSE,LOW,FALSE,LOW,HIGH,NORMAL,LOW,NORMAL,ZERO,NORMAL,NORMAL,NORMAL,FALSE,NORMAL,NORMAL,HIGH,NORMAL,LOW,FALSE,HIGH,HIGH,LOW,LOW,FALSE,FALSE,LOW,NORMAL,HIGH,FALSE,NORMAL,HIGH,NORMAL,FALSE,NORMAL
FALSE,TRUE,NORMAL,FALSE,LOW,FALSE,LOW,HIGH,NORMAL,HIGH,NORMAL,LOW,NORMAL,NORMAL,NORMAL,FALSE,NORMAL,NORMAL,HIGH,NORMAL,ZERO,FALSE,HIGH,ZERO,ZERO,LOW,FALSE,FALSE,LOW,NORMAL,HIGH,FALSE,NORMAL,HIGH,NORMAL,FALSE,NORMAL
FALSE,FALSE,NORMAL,FALSE,HIGH,FALSE,HIGH,HIGH,NORMAL,LOW,NORMAL,LOW,HIGH,LOW,NORMAL,FALSE,NORMAL,NORMAL,NORMAL,NORMAL,ZERO,FALSE,LOW,ZERO,LOW,HIGH,FALSE,FALSE,HIGH,NORMAL,LOW,FALSE,HIGH,ZERO,LOW,FALSE,NORMAL
FALSE,FALSE,NORMAL,FALSE,HIGH,FALSE,HIGH,HIGH,NORMAL,HIGH,HIGH,ZERO,HIGH,HIGH,NORMAL,FALSE,NORMAL,HIGH,NORMAL,NORMAL,ZERO,FALSE,LOW,ZERO,LOW,HIGH,FALSE,FALSE,HIGH,NORMAL,LOW,FALSE,HIGH,ZERO,NORMAL,FALSE,NORMAL
FALSE,FALSE,NORMAL,FALSE,HIGH,FALSE,HIGH,LOW,NORMAL,LOW,NORMAL,LOW,HIGH,HIGH,NORMAL,FALSE,NORMAL,NORMAL,LOW,NORMAL,ZERO,FALSE,LOW,ZERO,LOW,HIGH,FALSE,FALSE,HIGH,NORMAL,LOW,FALSE,HIGH,ZERO,NORMAL,FALSE,NORMAL
FALSE,FALSE,NORMAL,FALSE,HIGH,FALSE,HIGH,NORMAL,NORMAL,LOW,NORMAL,LOW,HIGH,HIGH,NORMAL,FALSE,NORMAL,NORMAL,LOW,NORMAL,ZERO,FALSE,LOW,ZERO,LOW,HIGH,FALSE,FALSE,HIGH,NORMAL,LOW,FALSE,HIGH,ZERO,NORMAL,FALSE,HIGH
FALSE,FALSE,NORMAL,FALSE,LOW,FALSE,HIGH,LOW,NORMAL,HIGH,HIGH,HIGH,HIGH,HIGH,NORMAL,FALSE,NORMAL,HIGH,NORMAL,NORMAL,LOW,FALSE,HIGH,HIGH,LOW,HIGH,FALSE,FALSE,HIGH,NORMAL,HIGH,FALSE,HIGH,HIGH,NORMAL,FALSE,NORMAL
FALSE,FALSE,NORMAL,FALSE,HIGH,FALSE,HIGH,NORMAL,LOW,HIGH,NORMAL,LOW,HIGH,HIGH,NORMAL,FALSE,LOW,NORMAL,HIGH,NORMAL,ZERO,FALSE,LOW,ZERO,LOW,HIGH,FALSE,FALSE,HIGH,NORMAL,LOW,FALSE,HIGH,ZERO,NORMAL,FALSE,NORMAL
TRUE,FALSE,HIGH,FALSE,LOW,FALSE,HIGH,HIGH,NORMAL,LOW,NORMAL,ZERO,HIGH,HIGH,NORMAL,FALSE,NORMAL,NORMAL,LOW,NORMAL,LOW,FALSE,HIGH,HIGH,LOW,HIGH,FALSE,FALSE,HIGH,NORMAL,HIGH,FALSE,HIGH,HIGH,NORMAL,FALSE,NORMAL
FALSE,FALSE,NORMAL,FALSE,HIGH,FALSE,HIGH,NORMAL,NORMAL,HIGH,LOW,LOW,HIGH,HIGH,NORMAL,FALSE,NORMAL,LOW,NORMAL,NORMAL,ZERO,FALSE,LOW,ZERO,LOW,HIGH,FALSE,FALSE,HIGH,NORMAL,LOW,FALSE,HIGH,ZERO,NORMAL,FALSE,NORMAL
FALSE,FALSE,NORMAL,FALSE,LOW,FALSE,HIGH,HIGH,NORMAL,LOW,ZERO,ZERO,HIGH,NORMAL,NORMAL,FALSE,HIGH,NORMAL,LOW,NORMAL,LOW,FALSE,HIGH,HIGH,LOW,HIGH,FALSE,TRUE,HIGH,HIGH,HIGH,FALSE,HIGH,HIGH,LOW,FALSE,NORMAL
TRUE,TRUE,NORMAL,FALSE,LOW,TRUE,HIGH,HIGH,NORMAL,HIGH,NORMAL,ZERO,HIGH,HIGH,NORMAL,FALSE,NORMAL,NORMAL,NORMAL,NORMAL,LOW,FALSE,HIGH,HIGH,LOW,NORMAL,FALSE,FALSE,NORMAL,NORMAL,HIGH,FALSE,HIGH,HIGH,HIGH,FALSE,NORMAL
FALSE,FALSE,NORMAL,FALSE,LOW,TRUE,HIGH,LOW,LOW,LOW,HIGH,HIGH,HIGH,HIGH,NORMAL,FALSE,NORMAL,HIGH,LOW,HIGH,LOW,FALSE,HIGH,HIGH,LOW,NORMAL,FALSE,FALSE,NORMAL,NORMAL,HIGH,FALSE,HIGH,HIGH,NORMAL,FALSE,NORMAL
FALSE,FALSE,NORMAL,FALSE,HIGH,FALSE,HIGH,NORMAL,NORMAL,HIGH,NORMAL,LOW,HIGH,HIGH,NORMAL,FALSE,NORMAL,NORMAL,HIGH,NORMAL,ZERO,FALSE,LOW,ZERO,LOW,HIGH,FALSE,FALSE,HIGH,NORMAL,LOW,FALSE,HIGH,ZERO,NORMAL,FALSE,NORMAL
FALSE,FALSE,NORMAL,FALSE,NORMAL,FALSE,HIGH,HIGH,NORMAL,HIGH,NORMAL,LOW,HIGH,HIGH,ONESIDED,FALSE,HIGH,NORMAL,NORMAL,HIGH,ZERO,FALSE,LOW,NORMAL,LOW,NORMAL,FALSE,TRUE,HIGH,HIGH,LOW,FALSE,HIGH,NORMAL,NORMAL,FALSE,HIGH
FALSE,FALSE,NORMAL,FALSE,HIGH,FALSE,HIGH,HIGH,NORMAL,LOW,NORMAL,LOW,HIGH,LOW,NORMAL,FALSE,HIGH,NORMAL,NORMAL,HIGH,ZERO,FALSE,LOW,ZERO,LOW,HIGH,FALSE,TRUE,HIGH,HIGH,LOW,FALSE,HIGH,ZERO,LOW,FALSE,NORMAL
FALSE,FALSE,NORMAL,FALSE,HIGH,FALSE,HIGH,HIGH,NORMAL,LOW,ZERO,ZERO,HIGH,HIGH,NORMAL,FALSE,HIGH,NORMAL,LOW,NORMAL,ZERO,FALSE,LOW,ZERO,LOW,NORMAL,FALSE,FALSE,HIGH,HIGH,LOW,FALSE,HIGH,ZERO,NORMAL,FALSE,NORMAL
FALSE,FALSE,NORMAL,FALSE,HIGH,FALSE,NORMAL,NORMAL,NORMAL,NORMAL,NORMAL,LOW,HIGH,HIGH,NORMAL,TRUE,NORMAL,NORMAL,HIGH,NORMAL,ZERO,FALSE,LOW,ZERO,LOW,HIGH,FALSE,FALSE,HIGH,NORMAL,LOW,FALSE,HIGH,ZERO,NORMAL,FALSE,NORMAL
FALSE,FALSE,NORMAL,FALSE,HIGH,FALSE,HIGH,LOW,NORMAL,HIGH,NORMAL,LOW,HIGH,HIGH,NORMAL,FALSE,NORMAL,NORMAL,HIGH,NORMAL,ZERO,FALSE,LOW,ZERO,LOW,HIGH,FALSE,FALSE,HIGH,NORMAL,LOW,FALSE,HIGH,ZERO,NORMAL,FALSE,NORMAL
FALSE,FALSE,NORMAL,FALSE,HIGH,FALSE,HIGH,HIGH,NORMAL,LOW,NORMAL,LOW,HIGH,HIGH,NORMAL,FALSE,HIGH,NORMAL,LOW,NORMAL,ZERO,FALSE,LOW,ZERO,LOW,HIGH,FALSE,FALSE,HIGH,NORMAL,LOW,FALSE,HIGH,ZERO,NORMAL,FALSE,NORMAL
FALSE,FALSE,HIGH,FALSE,HIGH,FALSE,HIGH,NORMAL,NORMAL,HIGH,NORMAL,LOW,HIGH,HIGH,NORMAL,FALSE,NORMAL,NORMAL,NORMAL,NORMAL,ZERO,FALSE,LOW,ZERO,LOW,HIGH,FALSE,FALSE,HIGH,NORMAL,LOW,FALSE,HIGH,ZERO,NORMAL,FALSE,NORMAL
FALSE,TRUE,NORMAL,FALSE,HIGH,TRUE,HIGH,HIGH,NORMAL,LOW,LOW,ZERO,HIGH,LOW,NORMAL,FALSE,NORMAL,LOW,NORMAL,NORMAL,ZERO,FALSE,LOW,ZERO,LOW,NORMAL,FALSE,FALSE,NORMAL,NORMAL,LOW,FALSE,HIGH,ZERO,LOW,FALSE,NORMAL
FALSE,TRUE,NORMAL,FALSE,LOW,FALSE,LOW,LOW,NORMAL,NORMAL,HIGH,HIGH,NORMAL,NORMAL,NORMAL,FALSE,NORMAL,HIGH,HIGH,NORMAL,LOW,FALSE,HIGH,HIGH,LOW,LOW,FALSE,FALSE,LOW,NORMAL,HIGH,FALSE,NORMAL,HIGH,NORMAL,FALSE,NORMAL
FALSE,FALSE,NORMAL,FALSE,HIGH,FALSE,HIGH,NORMAL,NORMAL,LOW,NORMAL,LOW,HIGH,HIGH,NORMAL,FALSE,NORMAL,NORMAL,NORMAL,NORMAL,ZERO,FALSE,LOW,ZERO,LOW,HIGH,FALSE,FALSE,HIGH,NORMAL,LOW,FALSE,HIGH,ZERO,NORMAL,FALSE,NORMAL
FALSE,FALSE,NORMAL,FALSE,HIGH,FALSE,LOW,NORMAL,NORMAL,LOW,NORMAL,LOW,HIGH,LOW,NORMAL,FALSE,HIGH,NORMAL,NORMAL,HIGH,ZERO,FALSE,LOW,ZERO,LOW,LOW,FALSE,TRUE,LOW,HIGH,LOW,FALSE,NORMAL,ZERO,LOW,TRUE,NORMAL
FALSE,FALSE,HIGH,FALSE,HIGH,FALSE,HIGH,NORMAL,NORMAL,HIGH,NORMAL,LOW,HIGH,HIGH,NORMAL,FALSE,NORMAL,NORMAL,NORMAL,NORMAL,ZERO,FALSE,LOW,ZERO,LOW,HIGH,FALSE,FALSE,HIGH,NORMAL,LOW,TRUE,HIGH,ZERO,HIGH,FALSE,HIGH
FALSE,FALSE,LOW,FALSE,HIGH,FALSE,HIGH,NORMAL,NORMAL,HIGH,NORMAL,LOW,HIGH,HIGH,NORMAL,FALSE,HIGH,NORMAL,NORMAL,HIGH,ZERO,FALSE,LOW,ZERO,LOW,HIGH,FALSE,TRUE,HIGH,HIGH,LOW,FALSE,HIGH,ZERO,NORMAL,FALSE,NORMAL
FALSE,FALSE,NORMAL,FALSE,HIGH,FALSE,LOW,HIGH,NORMAL,LOW,NORMAL,LOW,HIGH,LOW,NORMAL,FALSE,NORMAL,NORMAL,LOW,NORMAL,ZERO,FALSE,LOW,ZERO,LOW,HIGH,FALSE,FALSE,NORMAL,NORMAL,LOW,FALSE,LOW,ZERO,NORMAL,FALSE,NORMAL
FALSE,FALSE,NORMAL,FALSE,HIGH,FALSE,HIGH,NORMAL,NORMAL,NORMAL,NORMAL,LOW,HIGH,HIGH,NORMAL,FALSE,HIGH,NORMAL,HIGH,NORMAL,ZERO,FALSE,LOW,ZERO,LOW,HIGH,FALSE,FALSE,HIGH,NORMAL,LOW,FALSE,HIGH,ZERO,NORMAL,FALSE,NORMAL
FALSE,FALSE,NORMAL,FALSE,HIGH,FALSE,HIGH,LOW,NORMAL,LOW,NORMAL,LOW,HIGH,LOW,NORMAL,FALSE,HIGH,NORMAL,HIGH,HIGH,ZERO,FALSE,LOW,NORMAL,LOW,HIGH,FALSE,TRUE,LOW,HIGH,LOW,FALSE,HIGH,ZERO,LOW,FALSE,NORMAL
FALSE,FALSE,NORMAL,FALSE,HIGH,FALSE,NORMAL,HIGH,NORMAL,HIGH,NORMAL,LOW,HIGH,HIGH,NORMAL,TRUE,NORMAL,NORMAL,NORMAL,NORMAL,ZERO,FALSE,LOW,ZERO,LOW,HIGH,FALSE,FALSE,HIGH,NORMAL,LOW,FALSE,HIGH,ZERO,HIGH,FALSE,NORMAL
FALSE,FALSE,NORMAL,TRUE,HIGH,FALSE,HIGH,HIGH,NORMAL,LOW,NORMAL,LOW,HIGH,LOW,NORMAL,FALSE,LOW,NORMAL,HIGH,LOW,ZERO,FALSE,LOW,ZERO,LOW,HIGH,TRUE,FALSE,HIGH,LOW,LOW,FALSE,HIGH,ZERO,LOW,FALSE,NORMAL
FALSE,FALSE,NORMAL,FALSE,LOW,TRUE,LOW,HIGH,NORMAL,HIGH,LOW,ZERO,NORMAL,NORMAL,NORMAL,FALSE,NORMAL,LOW,HIGH,NORMAL,LOW,FALSE,HIGH,HIGH,LOW,HIGH,FALSE,FALSE,LOW,NORMAL,HIGH,FALSE,NORMAL,HIGH,NORMAL,FALSE,NORMAL
FALSE,FALSE,NORMAL,FALSE,HIGH,FALSE,HIGH,HIGH,NORMAL,HIGH,NORMAL,LOW,HIGH,HIGH,ESOPHAGEAL,FALSE,NORMAL,NORMAL,HIGH,NORMAL,LOW,FALSE,LOW,ZERO,NORMAL,HIGH,FALSE,FALSE,HIGH,NORMAL,LOW,FALSE,HIGH,ZERO,NORMAL,FALSE,NORMAL
FALSE,FALSE,NORMAL,FALSE,HIGH,FALSE,HIGH,HIGH,NORMAL,LOW,NORMAL,LOW,HIGH,HIGH,NORMAL,FALSE,NORMAL,NORMAL,LOW,NORMAL,ZERO,FALSE,LOW,ZERO,LOW,HIGH,FALSE,FALSE,HIGH,NORMAL,LOW,FALSE,HIGH,ZERO,NORMAL,FALSE,NORMAL
FALSE,FALSE,NORMAL,FALSE,LOW,FALSE,HIGH,LOW,NORMAL,HIGH,NORMAL,LOW,HIGH,HIGH,NORMAL,FALSE,NORMAL,NORMAL,NORMAL,NORMAL,ZERO,FALSE,LOW,ZERO,ZERO,HIGH,FALSE,FALSE,HIGH,NORMAL,LOW,FALSE,HIGH,ZERO,NORMAL,FALSE,NORMAL
FALSE,FALSE,NORMAL,FALSE,HIGH,TRUE,HIGH,LOW,LOW,HIGH,NORMAL,LOW,HIGH,HIGH,NORMAL,FALSE,NORMAL,NORMAL,NORMAL,NORMAL,ZERO,FALSE,LOW,ZERO,LOW,NORMAL,FALSE,TRUE,NORMAL,NORMAL,LOW,FALSE,HIGH,ZERO,NORMAL,FALSE,NORMAL
TRUE,FALSE,NORMAL,FALSE,HIGH,FALSE,HIGH,NORMAL,NORMAL,HIGH,HIGH,NORMAL,HIGH,HIGH,NORMAL,FALSE,NORMAL,HIGH,NORMAL,HIGH,HIGH,FALSE,LOW,LOW,HIGH,HIGH,FALSE,TRUE,HIGH,HIGH,LOW,FALSE,HIGH,LOW,NORMAL,FALSE,NORMAL
FALSE,FALSE,NORMAL,FALSE,HIGH,FALSE,HIGH,HIGH,NORMAL,HIGH,NORMAL,LOW,HIGH,HIGH,NORMAL,FALSE,NORMAL,NORMAL,HIGH,NORMAL,ZERO,FALSE,LOW,ZERO,LOW,HIGH,FALSE,FALSE,HIGH,NORMAL,LOW,FALSE,HIGH,LOW,NORMAL,FALSE,NORMAL
FALSE,FALSE,LOW,FALSE,HIGH,TRUE,HIGH,NORMAL,LOW,NORMAL,NORMAL,LOW,HIGH,HIGH,NORMAL,FALSE,HIGH,NORMAL,NORMAL,HIGH,ZERO,FALSE,LOW,ZERO,LOW,NORMAL,FALSE,TRUE,NORMAL,HIGH,LOW,FALSE,HIGH,ZERO,HIGH,FALSE,NORMAL
TRUE,FALSE,NORMAL,FALSE,LOW,FALSE,LOW,HIGH,NORMAL,HIGH,NORMAL,ZERO,NORMAL,NORMAL,NORMAL,FALSE,NORMAL,NORMAL,HIGH,NORMAL,LOW,FALSE,HIGH,HIGH,LOW,LOW,FALSE,FALSE,LOW,NORMAL,HIGH,FALSE,NORMAL,HIGH,NORMAL,FALSE,NORMAL
FALSE,FALSE,NORMAL,FALSE,LOW,FALSE,HIGH,HIGH,NORMAL,HIGH,NORMAL,ZERO,HIGH,HIGH,NORMAL,FALSE,HIGH,NORMAL,NORMAL,HIGH,LOW,FALSE,HIGH,HIGH,LOW,HIGH,FALSE,TRUE,HIGH,HIGH,HIGH,FALSE,HIGH,HIGH,NORMAL,FALSE,NORMAL
FALSE,FALSE,HIGH,FALSE,LOW,FALSE,HIGH,HIGH,NORMAL,NORMAL,NORMAL,LOW,HIGH,HIGH,NORMAL,FALSE,NORMAL,NORMAL,LOW,NORMAL,LOW,FALSE,HIGH,HIGH,LOW,HIGH,FALSE,FALSE,HIGH,NORMAL,HIGH,FALSE,HIGH,HIGH,NORMAL,FALSE,NORMAL
FALSE,FALSE,LOW,FALSE,LOW,FALSE,HIGH,HIGH,NORMAL,NORMAL,ZERO,ZERO,HIGH,HIGH,NORMAL,FALSE,NORMAL,NORMAL,NORMAL,NORMAL,LOW,FALSE,HIGH,NORMAL,LOW,HIGH,FALSE,FALSE,HIGH,NORMAL,HIGH,FALSE,HIGH,HIGH,NORMAL,FALSE,NORMAL
FALSE,FALSE,NORMAL,FALSE,HIGH,FALSE,HIGH,LOW,NORMAL,LOW,NORMAL,LOW,HIGH,HIGH,NORMAL,FALSE,NORMAL,NORMAL,LOW,NORMAL,ZERO,FALSE,LOW,ZERO,LOW,HIGH,FALSE,FALSE,HIGH,NORMAL,LOW,FALSE,HIGH,ZERO,NORMAL,FALSE,NORMAL
FALSE,FALSE,NORMAL,FALSE,HIGH,FALSE,HIGH,LOW,NORMAL,HIGH,NORMAL,LOW,HIGH,HIGH,NORMAL,FALSE,NORMAL,NORMAL,NORMAL,NORMAL,ZERO,FALSE,LOW,ZERO,LOW,HIGH,FALSE,FALSE,HIGH,NORMAL,LOW,FALSE,HIGH,ZERO,HIGH,FALSE,NORMAL
FALSE,FALSE,HIGH,FALSE,HIGH,FALSE,NORMAL,LOW,LOW,NORMAL,NORMAL,LOW,HIGH,HIGH,NORMAL,TRUE,HIGH,NORMAL,NORMAL,HIGH,ZERO,FALSE,LOW,ZERO,NORMAL,HIGH,FALSE,TRUE,HIGH,HIGH,LOW,TRUE,HIGH,ZERO,NORMAL,FALSE,HIGH
FALSE,FALSE,NORMAL,FALSE,HIGH,FALSE,HIGH,NORMAL,NORMAL,HIGH,NORMAL,LOW,HIGH,HIGH,NORMAL,FALSE,NORMAL,NORMAL,HIGH,NORMAL,ZERO,FALSE,LOW,ZERO,LOW,HIGH,FALSE,FALSE,HIGH,NORMAL,LOW,FALSE,HIGH,ZERO,NORMAL,FALSE,NORMAL
FALSE,FALSE,NORMAL,FALSE,HIGH,FALSE,HIGH,NORMAL,NORMAL,LOW,NORMAL,LOW,HIGH,HIGH,NORMAL,FALSE,NORMAL,NORMAL,LOW,NORMAL,ZERO,FALSE,LOW,ZERO,LOW,HIGH,FALSE,FALSE,HIGH,NORMAL,LOW,FALSE,HIGH,ZERO,NORMAL,FALSE,NORMAL
FALSE,FALSE,NORMAL,FALSE,NORMAL,FALSE,HIGH,HIGH,NORMAL,HIGH,LOW,ZERO,HIGH,HIGH,NORMAL,FALSE,NORMAL,NORMAL,NORMAL,NORMAL,LOW,FALSE,HIGH,HIGH,ZERO,HIGH,FALSE,FALSE,HIGH,NORMAL,HIGH,FALSE,HIGH,HIGH,NORMAL,FALSE,NORMAL
FALSE,FALSE,LOW,FALSE,HIGH,FALSE,LOW,LOW,NORMAL,NORMAL,NORMAL,LOW,HIGH,LOW,NORMAL,FALSE,HIGH,NORMAL,HIGH,HIGH,ZERO,FALSE,LOW,ZERO,LOW,LOW,FALSE,TRUE,LOW,HIGH,LOW,FALSE,NORMAL,ZERO,LOW,FALSE,NORMAL
FALSE,FALSE,NORMAL,FALSE,LOW,FALSE,LOW,LOW,NORMAL,HIGH,HIGH,HIGH,NORMAL,NORMAL,NORMAL,FALSE,NORMAL,HIGH,HIGH,NORMAL,LOW,FALSE,HIGH,HIGH,LOW,LOW,FALSE,FALSE,LOW,NORMAL,LOW,FALSE,NORMAL,HIGH,NORMAL,FALSE,HIGH
TRUE,FALSE,HIGH,FALSE,LOW,TRUE,HIGH,HIGH,LOW,LOW,NORMAL,ZERO,HIGH,LOW,NORMAL,FALSE,HIGH,NORMAL,NORMAL,HIGH,LOW,FALSE,NORMAL,HIGH,LOW,NORMAL,FALSE,TRUE,NORMAL,HIGH,NORMAL,FALSE,HIGH,HIGH,LOW,FALSE,NORMAL
FALSE,FALSE,NORMAL,FALSE,HIGH,FALSE,HIGH,NORMAL,NORMAL,HIGH,NORMAL,LOW,HIGH,HIGH,NORMAL,FALSE,LOW,NORMAL,NORMAL,LOW,ZERO,FALSE,LOW,ZERO,LOW,HIGH,FALSE,FALSE,HIGH,LOW,LOW,FALSE,HIGH,ZERO,NORMAL,FALSE,NORMAL
FALSE,FALSE,NORMAL,FALSE,HIGH,FALSE,HIGH,HIGH,NORMAL,HIGH,NORMAL,LOW,HIGH,HIGH,NORMAL,FALSE,NORMAL,NORMAL,HIGH,NORMAL,ZERO,FALSE,LOW,ZERO,LOW,HIGH,FALSE,FALSE,HIGH,NORMAL,LOW,FALSE,HIGH,ZERO,NORMAL,FALSE,NORMAL
FALSE,FALSE,NORMAL,TRUE,HIGH,FALSE,HIGH,LOW,NORMAL,NORMAL,NORMAL,LOW,HIGH,LOW,NORMAL,FALSE,LOW,NORMAL,HIGH,LOW,ZERO,FALSE,LOW,ZERO,LOW,HIGH,TRUE,FALSE,HIGH,LOW,LOW,FALSE,HIGH,ZERO,LOW,FALSE,NORMAL
FALSE,FALSE,NORMAL,FALSE,HIGH,FALSE,LOW,NORMAL,NORMAL,LOW,NORMAL,LOW,HIGH,NORMAL,NORMAL,FALSE,NORMAL,NORMAL,LOW,NORMAL,ZERO,FALSE,LOW,ZERO,LOW,LOW,FALSE,FALSE,LOW,NORMAL,LOW,FALSE,NORMAL,ZERO,NORMAL,FALSE,NORMAL
FALSE,FALSE,NORMAL,FALSE,HIGH,FALSE,HIGH,NORMAL,NORMAL,HIGH,NORMAL,LOW,HIGH,HIGH,NORMAL,FALSE,HIGH,NORMAL,NORMAL,HIGH,ZERO,FALSE,LOW,ZERO,LOW,HIGH,FALSE,TRUE,HIGH,HIGH,LOW,FALSE,HIGH,ZERO,NORMAL,FALSE,HIGH
FALSE,TRUE,NORMAL,FALSE,HIGH,FALSE,NORMAL,HIGH,NORMAL,HIGH,NORMAL,LOW,HIGH,HIGH,NORMAL,TRUE,NORMAL,NORMAL,HIGH,NORMAL,ZERO,FALSE,LOW,ZERO,LOW,HIGH,FALSE,FALSE,HIGH,NORMAL,LOW,FALSE,HIGH,ZERO,NORMAL,FALSE,HIGH
FALSE,FALSE,NORMAL,FALSE,LOW,FALSE,LOW,LOW,NORMAL,NORMAL,NORMAL,HIGH,NORMAL,NORMAL,NORMAL,FALSE,HIGH,NORMAL,HIGH,HIGH,LOW,FALSE,HIGH,HIGH,LOW,LOW,FALSE,TRUE,LOW,HIGH,HIGH,FALSE,NORMAL,HIGH,NORMAL,FALSE,NORMAL
FALSE,FALSE,NORMAL,FALSE,HIGH,FALSE,HIGH,LOW,NORMAL,HIGH,NORMAL,LOW,HIGH,HIGH,NORMAL,FALSE,NORMAL,NORMAL,NORMAL,NORMAL,ZERO,FALSE,LOW,ZERO,LOW,HIGH,FALSE,FALSE,HIGH,NORMAL,LOW,FALSE,HIGH,ZERO,NORMAL,FALSE,NORMAL
FALSE,FALSE,NORMAL,FALSE,LOW,FALSE,HIGH,HIGH,NORMAL,HIGH,LOW,ZERO,HIGH,HIGH,NORMAL,FALSE,HIGH,LOW,NORMAL,HIGH,LOW,FALSE,HIGH,HIGH,LOW,HIGH,FALSE,FALSE,HIGH,HIGH,HIGH,FALSE,HIGH,HIGH,NORMAL,FALSE,NORMAL
FALSE,FALSE,LOW,FALSE,LOW,FALSE,HIGH,HIGH,NORMAL,HIGH,NORMAL,LOW,HIGH,HIGH,NORMAL,FALSE,NORMAL,NORMAL,NORMAL,NORMAL,LOW,FALSE,HIGH,HIGH,LOW,HIGH,FALSE,FALSE,HIGH,NORMAL,HIGH,FALSE,HIGH,HIGH,NORMAL,FALSE,NORMAL
FALSE,FALSE,NORMAL,FALSE,HIGH,FALSE,HIGH,HIGH,NORMAL,LOW,NORMAL,LOW,HIGH,HIGH,ESOPHAGEAL,FALSE,NORMAL,NORMAL,LOW,NORMAL,LOW,FALSE,LOW,ZERO,NORMAL,HIGH,FALSE,FALSE,HIGH,NORMAL,LOW,FALSE,HIGH,ZERO,NORMAL,FALSE,NORMAL
FALSE,FALSE,NORMAL,FALSE,HIGH,FALSE,HIGH,NORMAL,NORMAL,LOW,NORMAL,LOW,HIGH,HIGH,NORMAL,FALSE,NORMAL,NORMAL,LOW,NORMAL,ZERO,FALSE,LOW,ZERO,LOW,HIGH,FALSE,FALSE,HIGH,NORMAL,LOW,FALSE,HIGH,ZERO,NORMAL,FALSE,NORMAL
FALSE,FALSE,NORMAL,FALSE,HIGH,FALSE,HIGH,HIGH,NORMAL,LOW,NORMAL,LOW,HIGH,HIGH,NORMAL,FALSE,NORMAL,NORMAL,LOW,NORMAL,ZERO,FALSE,LOW,ZERO,LOW,HIGH,FALSE,FALSE,HIGH,NORMAL,LOW,FALSE,HIGH,ZERO,NORMAL,FALSE,NORMAL
FALSE,FALSE,NORMAL,FALSE,LOW,TRUE,HIGH,HIGH,NORMAL,LOW,NORMAL,NORMAL,HIGH,HIGH,NORMAL,FALSE,NORMAL,NORMAL,LOW,NORMAL,LOW,FALSE,HIGH,HIGH,LOW,NORMAL,FALSE,FALSE,NORMAL,NORMAL,HIGH,FALSE,HIGH,HIGH,NORMAL,FALSE,NORMAL
FALSE,FALSE,NORMAL,FALSE,HIGH,FALSE,HIGH,NORMAL,NORMAL,HIGH,NORMAL,LOW,HIGH,HIGH,NORMAL,FALSE,NORMAL,NORMAL,HIGH,NORMAL,ZERO,FALSE,NORMAL,ZERO,LOW,HIGH,FALSE,FALSE,HIGH,NORMAL,NORMAL,FALSE,HIGH,ZERO,NORMAL,FALSE,NORMAL
FALSE,FALSE,NORMAL,TRUE,HIGH,FALSE,LOW,NORMAL,NORMAL,LOW,NORMAL,LOW,HIGH,LOW,NORMAL,FALSE,LOW,NORMAL,NORMAL,LOW,ZERO,FALSE,LOW,ZERO,LOW,LOW,TRUE,FALSE,LOW,LOW,LOW,FALSE,NORMAL,ZERO,LOW,FALSE,NORMAL
FALSE,FALSE,NORMAL,FALSE,HIGH,FALSE,HIGH,LOW,NORMAL,NORMAL,NORMAL,LOW,HIGH,NORMAL,NORMAL,FALSE,NORMAL,NORMAL,NORMAL,NORMAL,ZERO,FALSE,LOW,ZERO,LOW,HIGH,FALSE,FALSE,HIGH,NORMAL,LOW,FALSE,HIGH,ZERO,NORMAL,FALSE,NORMAL
FALSE,FALSE,NORMAL,FALSE,LOW,FALSE,LOW,HIGH,NORMAL,HIGH,LOW,ZERO,NORMAL,NORMAL,NORMAL,FALSE,NORMAL,LOW,HIGH,NORMAL,LOW,FALSE,HIGH,HIGH,LOW,LOW,FALSE,FALSE,LOW,NORMAL,HIGH,FALSE,NORMAL,HIGH,NORMAL,FALSE,NORMAL
FALSE,TRUE,NORMAL,FALSE,HIGH,FALSE,HIGH,NORMAL,NORMAL,LOW,NORMAL,LOW,HIGH,HIGH,NORMAL,FALSE,HIGH,NORMAL,LOW,HIGH,HIGH,FALSE,LOW,LOW,HIGH,HIGH,FALSE,FALSE,HIGH,HIGH,LOW,FALSE,HIGH,LOW,NORMAL,FALSE,NORMAL
FALSE,FALSE,NORMAL,FALSE,HIGH,FALSE,HIGH,NORMAL,NORMAL,LOW,NORMAL,LOW,HIGH,LOW,NORMAL,FALSE,NORMAL,NORMAL,LOW,NORMAL,ZERO,FALSE,LOW,ZERO,LOW,HIGH,FALSE,FALSE,HIGH,NORMAL,HIGH,FALSE,HIGH,ZERO,LOW,FALSE,NORMAL
FALSE,TRUE,NORMAL,FALSE,HIGH,FALSE,NORMAL,NORMAL,NORMAL,LOW,NORMAL,LOW,NORMAL,NORMAL,NORMAL,TRUE,HIGH,NORMAL,LOW,HIGH,ZERO,FALSE,LOW,ZERO,LOW,LOW,FALSE,TRUE,HIGH,HIGH,LOW,FALSE,NORMAL,ZERO,NORMAL,FALSE,NORMAL
FALSE,FALSE,NORMAL,FALSE,NORMAL,FALSE,HIGH,HIGH,NORMAL,HIGH,NORMAL,LOW,NORMAL,HIGH,NORMAL,FALSE,NORMAL,NORMAL,HIGH,NORMAL,ZERO,FALSE,LOW,ZERO,LOW,HIGH,FALSE,FALSE,HIGH,NORMAL,LOW,FALSE,HIGH,ZERO,NORMAL,FALSE,NORMAL
FALSE,FALSE,NORMAL,FALSE,HIGH,FALSE,HIGH,ZERO,NORMAL,HIGH,ZERO,ZERO,HIGH,HIGH,NORMAL,FALSE,NORMAL,NORMAL,NORMAL,NORMAL,ZERO,FALSE,LOW,ZERO,LOW,HIGH,FALSE,FALSE,HIGH,NORMAL,LOW,FALSE,HIGH,ZERO,NORMAL,TRUE,NORMAL
FALSE,FALSE,NORMAL,FALSE,LOW,FALSE,HIGH,LOW,NORMAL,HIGH,HIGH,HIGH,HIGH,HIGH,NORMAL,FALSE,NORMAL,HIGH,NORMAL,NORMAL,LOW,FALSE,HIGH,HIGH,LOW,HIGH,FALSE,FALSE,HIGH,NORMAL,HIGH,FALSE,HIGH,HIGH,NORMAL,FALSE,NORMAL
FALSE,FALSE,NORMAL,FALSE,LOW,FALSE,LOW,HIGH,NORMAL,HIGH,LOW,ZERO,NORMAL,NORMAL,NORMAL,FALSE,NORMAL,LOW,HIGH,NORMAL,LOW,FALSE,HIGH,HIGH,LOW,LOW,FALSE,FALSE,LOW,NORMAL,HIGH,FALSE,NORMAL,HIGH,NORMAL,FALSE,NORMAL
FALSE,FALSE,HIGH,FALSE,HIGH,FALSE,HIGH,HIGH,NORMAL,LOW,NORMAL,LOW,HIGH,LOW,NORMAL,FALSE,HIGH,NORMAL,NORMAL,NORMAL,ZERO,FALSE,LOW,ZERO,LOW,HIGH,FALSE,TRUE,HIGH,HIGH,LOW,FALSE,HIGH,ZERO,LOW,FALSE,NORMAL
FALSE,FALSE,NORMAL,FALSE,HIGH,FALSE,HIGH,HIGH,NORMAL,LOW,NORMAL,LOW,HIGH,HIGH,NORMAL,FALSE,NORMAL,NORMAL,LOW,NORMAL,ZERO,FALSE,LOW,ZERO,LOW,HIGH,FALSE,FALSE,HIGH,NORMAL,LOW,FALSE,HIGH,ZERO,NORMAL,FALSE,NORMAL
FALSE,FALSE,NORMAL,FALSE,HIGH,FALSE,HIGH,HIGH,NORMAL,HIGH,NORMAL,LOW,HIGH,HIGH,NORMAL,FALSE,NORMAL,NORMAL,NORMAL,NORMAL,ZERO,FALSE,LOW,ZERO,LOW,HIGH,FALSE,FALSE,HIGH,NORMAL,LOW,FALSE,HIGH,ZERO,NORMAL,FALSE,NORMAL
FALSE,FALSE,NORMAL,FALSE,HIGH,FALSE,HIGH,LOW,NORMAL,HIGH,NORMAL,LOW,HIGH,HIGH,NORMAL,FALSE,NORMAL,NORMAL,NORMAL,NORMAL,ZERO,FALSE,LOW,ZERO,LOW,HIGH,FALSE,FALSE,NORMAL,NORMAL,LOW,FALSE,HIGH,ZERO,NORMAL,FALSE,NORMAL
FALSE,FALSE,NORMAL,FALSE,HIGH,TRUE,HIGH,LOW,NORMAL,HIGH,NORMAL,LOW,HIGH,HIGH,NORMAL,FALSE,NORMAL,NORMAL,NORMAL,NORMAL,ZERO,FALSE,LOW,ZERO,LOW,NORMAL,FALSE,FALSE,NORMAL,NORMAL,LOW,FALSE,HIGH,ZERO,NORMAL,FALSE,NORMAL
FALSE,FALSE,NORMAL,FALSE,HIGH,FALSE,NORMAL,HIGH,NORMAL,LOW,ZERO,ZERO,HIGH,LOW,NORMAL,FALSE,NORMAL,NORMAL,LOW,NORMAL,ZERO,FALSE,LOW,ZERO,LOW,NORMAL,FALSE,FALSE,NORMAL,NORMAL,LOW,FALSE,LOW,ZERO,NORMAL,FALSE,NORMAL
FALSE,TRUE,NORMAL,FALSE,HIGH,FALSE,HIGH,LOW,NORMAL,HIGH,NORMAL,LOW,HIGH,HIGH,NORMAL,FALSE,NORMAL,NORMAL,NORMAL,NORMAL,ZERO,FALSE,LOW,ZERO,LOW,HIGH,FALSE,FALSE,HIGH,NORMAL,LOW,FALSE,HIGH,ZERO,NORMAL,FALSE,NORMAL
FALSE,FALSE,NORMAL,FALSE,HIGH,FALSE,HIGH,HIGH,NORMAL,LOW,NORMAL,LOW,HIGH,HIGH,NORMAL,FALSE,NORMAL,NORMAL,LOW,NORMAL,ZERO,TRUE,LOW,ZERO,LOW,HIGH,FALSE,FALSE,HIGH,NORMAL,LOW,FALSE,HIGH,ZERO,HIGH,FALSE,NORMAL
FALSE,FALSE,NORMAL,FALSE,HIGH,FALSE,HIGH,HIGH,NORMAL,HIGH,NORMAL,LOW,HIGH,HIGH,NORMAL,FALSE,HIGH,NORMAL,NORMAL,HIGH,ZERO,FALSE,LOW,ZERO,LOW,HIGH,FALSE,FALSE,HIGH,HIGH,LOW,FALSE,HIGH,ZERO,NORMAL,FALSE,NORMAL
FALSE,FALSE,LOW,FALSE,HIGH,FALSE,HIGH,HIGH,NORMAL,HIGH,NORMAL,LOW,HIGH,HIGH,NORMAL,FALSE,NORMAL,NORMAL,HIGH,NORMAL,ZERO,FALSE,LOW,ZERO,LOW,NORMAL,FALSE,FALSE,HIGH,NORMAL,LOW,FALSE,HIGH,ZERO,NORMAL,FALSE,HIGH
FALSE,FALSE,NORMAL,FALSE,HIGH,FALSE,HIGH,NORMAL,NORMAL,NORMAL,NORMAL,LOW,HIGH,HIGH,NORMAL,FALSE,HIGH,NORMAL,NORMAL,HIGH,ZERO,FALSE,LOW,ZERO,LOW,HIGH,FALSE,TRUE,HIGH,HIGH,LOW,FALSE,HIGH,ZERO,NORMAL,FALSE,NORMAL
FALSE,FALSE,NORMAL,FALSE,HIGH,FALSE,LOW,HIGH,NORMAL,NORMAL,NORMAL,LOW,NORMAL,LOW,NORMAL,FALSE,NORMAL,NORMAL,HIGH,HIGH,ZERO,FALSE,LOW,ZERO,LOW,LOW,FALSE,TRUE,LOW,HIGH,LOW,FALSE,NORMAL,ZERO,LOW,FALSE,NORMAL
FALSE,FALSE,NORMAL,FALSE,HIGH,FALSE,HIGH,NORMAL,LOW,HIGH,NORMAL,LOW,HIGH,HIGH,NORMAL,FALSE,NORMAL,NORMAL,NORMAL,HIGH,ZERO,FALSE,LOW,ZERO,LOW,HIGH,FALSE,FALSE,HIGH,NORMAL,LOW,FALSE,HIGH,ZERO,NORMAL,FALSE,NORMAL
FALSE,FALSE,NORMAL,FALSE,NORMAL,FALSE,HIGH,HIGH,NORMAL,NORMAL,LOW,ZERO,HIGH,NORMAL,NORMAL,FALSE,NORMAL,LOW,NORMAL,NORMAL,LOW,FALSE,HIGH,HIGH,ZERO,HIGH,FALSE,FALSE,HIGH,NORMAL,HIGH,FALSE,HIGH,HIGH,NORMAL,FALSE,NORMAL
FALSE,FALSE,NORMAL,FALSE,HIGH,FALSE,HIGH,HIGH,NORMAL,HIGH,NORMAL,LOW,HIGH,HIGH,NORMAL,FALSE,NORMAL,NORMAL,NORMAL,NORMAL,ZERO,FALSE,LOW,ZERO,LOW,HIGH,FALSE,FALSE,HIGH,NORMAL,LOW,FALSE,HIGH,ZERO,NORMAL,FALSE,NORMAL
FALSE,TRUE,NORMAL,FALSE,HIGH,FALSE,HIGH,NORMAL,NORMAL,LOW,NORMAL,LOW,HIGH,HIGH,NORMAL,FALSE,NORMAL,NORMAL,LOW,NORMAL,ZERO,FALSE,LOW,ZERO,LOW,HIGH,FALSE,FALSE,HIGH,NORMAL,LOW,FALSE,HIGH,ZERO,NORMAL,FALSE,NORMAL
FALSE,FALSE,NORMAL,FALSE,HIGH,FALSE,HIGH,HIGH,NORMAL,LOW,NORMAL,LOW,HIGH,HIGH,NORMAL,FALSE,HIGH,NORMAL,LOW,NORMAL,ZERO,FALSE,LOW,ZERO,LOW,HIGH,FALSE,TRUE,HIGH,HIGH,LOW,FALSE,HIGH,ZERO,NORMAL,FALSE,NORMAL
FALSE,TRUE,NORMAL,FALSE,HIGH,FALSE,HIGH,LOW,NORMAL,NORMAL,NORMAL,LOW,HIGH,NORMAL,NORMAL,FALSE,HIGH,NORMAL,NORMAL,NORMAL,ZERO,FALSE,LOW,ZERO,LOW,HIGH,FALSE,TRUE,HIGH,HIGH,LOW,FALSE,HIGH,ZERO,LOW,FALSE,NORMAL
FALSE,FALSE,HIGH,TRUE,HIGH,FALSE,LOW,HIGH,NORMAL,NORMAL,NORMAL,LOW,NORMAL,LOW,NORMAL,FALSE,LOW,NORMAL,HIGH,LOW,ZERO,FALSE,LOW,ZERO,LOW,LOW,TRUE,FALSE,LOW,LOW,LOW,FALSE,NORMAL,ZERO,LOW,FALSE,NORMAL
FALSE,FALSE,NORMAL,FALSE,HIGH,FALSE,HIGH,NORMAL,NORMAL,LOW,NORMAL,LOW,HIGH,HIGH,ESOPHAGEAL,FALSE,NORMAL,NORMAL,LOW,LOW,ZERO,FALSE,LOW,LOW,LOW,HIGH,FALSE,FALSE,HIGH,NORMAL,LOW,FALSE,HIGH,LOW,NORMAL,FALSE,NORMAL
FALSE,FALSE,NORMAL,FALSE,HIGH,FALSE,HIGH,LOW,NORMAL,HIGH,NORMAL,LOW,HIGH,HIGH,NORMAL,FALSE,NORMAL,NORMAL,NORMAL,NORMAL,ZERO,FALSE,LOW,ZERO,LOW,HIGH,FALSE,FALSE,HIGH,NORMAL,LOW,FALSE,HIGH,ZERO,NORMAL,FALSE,NORMAL
FALSE,FALSE,NORMAL,FALSE,HIGH,FALSE,HIGH,HIGH,NORMAL,HIGH,HIGH,LOW,HIGH,HIGH,NORMAL,FALSE,NORMAL,HIGH,HIGH,LOW,ZERO,FALSE,LOW,ZERO,LOW,HIGH,FALSE,FALSE,HIGH,NORMAL,LOW,FALSE,HIGH,ZERO,NORMAL,FALSE,NORMAL
FALSE,FALSE,NORMAL,FALSE,HIGH,FALSE,HIGH,LOW,NORMAL,LOW,NORMAL,LOW,HIGH,HIGH,NORMAL,FALSE,NORMAL,NORMAL,LOW,NORMAL,ZERO,FALSE,LOW,ZERO,LOW,HIGH,FALSE,FALSE,HIGH,NORMAL,LOW,FALSE,HIGH,ZERO,NORMAL,FALSE,NORMAL
FALSE,FALSE,NORMAL,FALSE,HIGH,FALSE,HIGH,LOW,NORMAL,NORMAL,NORMAL,LOW,HIGH,LOW,NORMAL,FALSE,NORMAL,NORMAL,HIGH,LOW,ZERO,FALSE,LOW,ZERO,LOW,HIGH,FALSE,FALSE,HIGH,NORMAL,LOW,FALSE,HIGH,ZERO,LOW,TRUE,NORMAL
FALSE,FALSE,NORMAL,FALSE,HIGH,FALSE,NORMAL,HIGH,NORMAL,HIGH,NORMAL,NORMAL,HIGH,NORMAL,NORMAL,FALSE,HIGH,NORMAL,HIGH,HIGH,HIGH,FALSE,LOW,LOW,HIGH,HIGH,FALSE,TRUE,HIGH,HIGH,LOW,FALSE,HIGH,LOW,NORMAL,FALSE,NORMAL
FALSE,TRUE,NORMAL,FALSE,HIGH,FALSE,HIGH,ZERO,NORMAL,HIGH,NORMAL,LOW,HIGH,HIGH,NORMAL,FALSE,NORMAL,NORMAL,NORMAL,NORMAL,ZERO,FALSE,LOW,ZERO,LOW,HIGH,FALSE,FALSE,HIGH,NORMAL,LOW,FALSE,HIGH,ZERO,NORMAL,FALSE,NORMAL
FALSE,FALSE,NORMAL,FALSE,HIGH,FALSE,HIGH,LOW,NORMAL,HIGH,NORMAL,LOW,HIGH,HIGH,NORMAL,FALSE,NORMAL,NORMAL,NORMAL,NORMAL,ZERO,FALSE,LOW,ZERO,LOW,HIGH,FALSE,FALSE,HIGH,NORMAL,LOW,FALSE,HIGH,ZERO,NORMAL,FALSE,NORMAL
FALSE,FALSE,NORMAL,FALSE,HIGH,FALSE,HIGH,HIGH,NORMAL,LOW,NORMAL,LOW,HIGH,LOW,NORMAL,FALSE,HIGH,NORMAL,HIGH,NORMAL,ZERO,FALSE,LOW,ZERO,LOW,HIGH,FALSE,TRUE,HIGH,HIGH,LOW,FALSE,HIGH,ZERO,LOW,FALSE,NORMAL
FALSE,FALSE,NORMAL,FALSE,HIGH,FALSE,HIGH,HIGH,NORMAL,LOW,NORMAL,LOW,HIGH,HIGH,ONESIDED,FALSE,NORMAL,NORMAL,LOW,NORMAL,ZERO,FALSE,NORMAL,NORMAL,LOW,HIGH,FALSE,FALSE,HIGH,NORMAL,LOW,FALSE,HIGH,NORMAL,NORMAL,FALSE,HIGH
TRUE,FALSE,NORMAL,FALSE,NORMAL,FALSE,LOW,HIGH,NORMAL,NORMAL,NORMAL,ZERO,NORMAL,NORMAL,NORMAL,FALSE,NORMAL,NORMAL,HIGH,NORMAL,LOW,FALSE,HIGH,HIGH,ZERO,LOW,FALSE,FALSE,LOW,NORMAL,HIGH,FALSE,NORMAL,HIGH,NORMAL,FALSE,NORMAL
FALSE,FALSE,NORMAL,TRUE,HIGH,TRUE,LOW,LOW,NORMAL,NORMAL,NORMAL,LOW,NORMAL,LOW,NORMAL,FALSE,LOW,NORMAL,HIGH,LOW,ZERO,FALSE,LOW,ZERO,LOW,NORMAL,TRUE,FALSE,NORMAL,LOW,LOW,FALSE,LOW,ZERO,LOW,FALSE,NORMAL
FALSE,FALSE,HIGH,FALSE,HIGH,TRUE,HIGH,NORMAL,NORMAL,HIGH,NORMAL,LOW,HIGH,HIGH,NORMAL,FALSE,HIGH,NORMAL,NORMAL,HIGH,ZERO,FALSE,LOW,ZERO,LOW,NORMAL,FALSE,FALSE,NORMAL,HIGH,LOW,TRUE,HIGH,ZERO,NORMAL,FALSE,HIGH
TRUE,FALSE,HIGH,FALSE,HIGH,TRUE,HIGH,ZERO,NORMAL,HIGH,NORMAL,ZERO,HIGH,HIGH,NORMAL,FALSE,NORMAL,NORMAL,NORMAL,NORMAL,ZERO,FALSE,LOW,ZERO,LOW,NORMAL,FALSE,FALSE,NORMAL,NORMAL,LOW,FALSE,HIGH,ZERO,NORMAL,TRUE,NORMAL
FALSE,FALSE,NORMAL,FALSE,HIGH,FALSE,HIGH,LOW,NORMAL,LOW,NORMAL,LOW,HIGH,NORMAL,NORMAL,FALSE,NORMAL,NORMAL,LOW,NORMAL,ZERO,FALSE,LOW,ZERO,LOW,HIGH,FALSE,FALSE,HIGH,NORMAL,LOW,FALSE,HIGH,ZERO,NORMAL,FALSE,NORMAL
TRUE,FALSE,NORMAL,FALSE,NORMAL,FALSE,HIGH,HIGH,NORMAL,HIGH,LOW,ZERO,HIGH,HIGH,NORMAL,FALSE,HIGH,LOW,HIGH,NORMAL,NORMAL,FALSE,LOW,ZERO,NORMAL,HIGH,FALSE,TRUE,HIGH,HIGH,LOW,FALSE,HIGH,NORMAL,NORMAL,FALSE,NORMAL
FALSE,TRUE,NORMAL,FALSE,HIGH,FALSE,HIGH,HIGH,NORMAL,HIGH,NORMAL,LOW,HIGH,HIGH,NORMAL,FALSE,NORMAL,NORMAL,NORMAL,NORMAL,ZERO,FALSE,LOW,ZERO,LOW,HIGH,FALSE,FALSE,HIGH,NORMAL,LOW,FALSE,HIGH,ZERO,NORMAL,FALSE,NORMAL
FALSE,FALSE,NORMAL,FALSE,HIGH,FALSE,NORMAL,NORMAL,NORMAL,LOW,NORMAL,LOW,HIGH,LOW,NORMAL,FALSE,NORMAL,NORMAL,LOW,NORMAL,ZERO,FALSE,LOW,ZERO,LOW,LOW,FALSE,FALSE,NORMAL,NORMAL,LOW,FALSE,LOW,ZERO,NORMAL,FALSE,NORMAL
FALSE,FALSE,NORMAL,FALSE,LOW,FALSE,LOW,LOW,NORMAL,NORMAL,HIGH,HIGH,NORMAL,NORMAL,NORMAL,FALSE,NORMAL,HIGH,HIGH,NORMAL,LOW,FALSE,HIGH,HIGH,LOW,LOW,FALSE,FALSE,NORMAL,NORMAL,HIGH,FALSE,NORMAL,HIGH,NORMAL,FALSE,NORMAL
FALSE,FALSE,NORMAL,FALSE,HIGH,FALSE,HIGH,HIGH,NORMAL,LOW,NORMAL,LOW,HIGH,HIGH,NORMAL,FALSE,HIGH,NORMAL,LOW,HIGH,ZERO,FALSE,LOW,ZERO,LOW,HIGH,FALSE,FALSE,HIGH,HIGH,LOW,FALSE,HIGH,ZERO,NORMAL,FALSE,NORMAL
FALSE,FALSE,NORMAL,FALSE,HIGH,FALSE,HIGH,LOW,NORMAL,HIGH,NORMAL,LOW,HIGH,HIGH,NORMAL,FALSE,NORMAL,NORMAL,NORMAL,NORMAL,ZERO,FALSE,LOW,ZERO,LOW,HIGH,FALSE,FALSE,HIGH,NORMAL,LOW,FALSE,HIGH,ZERO,NORMAL,FALSE,NORMAL
FALSE,FALSE,NORMAL,FALSE,HIGH,FALSE,HIGH,LOW,NORMAL,HIGH,NORMAL,LOW,HIGH,HIGH,NORMAL,FALSE,NORMAL,NORMAL,NORMAL,NORMAL,ZERO,FALSE,LOW,ZERO,LOW,HIGH,FALSE,FALSE,HIGH,NORMAL,LOW,FALSE,HIGH,ZERO,NORMAL,FALSE,NORMAL
FALSE,FALSE,NORMAL,FALSE,HIGH,FALSE,LOW,LOW,NORMAL,HIGH,NORMAL,LOW,HIGH,HIGH,NORMAL,FALSE,NORMAL,NORMAL,HIGH,NORMAL,ZERO,FALSE,LOW,ZERO,LOW,LOW,FALSE,FALSE,LOW,NORMAL,LOW,FALSE,NORMAL,ZERO,HIGH,FALSE,NORMAL
FALSE,FALSE,NORMAL,FALSE,LOW,FALSE,NORMAL,HIGH,NORMAL,HIGH,NORMAL,LOW,HIGH,HIGH,NORMAL,TRUE,NORMAL,NORMAL,NORMAL,NORMAL,ZERO,FALSE,LOW,ZERO,ZERO,HIGH,FALSE,FALSE,LOW,NORMAL,LOW,FALSE,HIGH,ZERO,NORMAL,FALSE,NORMAL
FALSE,FALSE,NORMAL,FALSE,HIGH,TRUE,LOW,LOW,NORMAL,NORMAL,NORMAL,LOW,NORMAL,NORMAL,NORMAL,FALSE,NORMAL,NORMAL,NORMAL,NORMAL,ZERO,FALSE,LOW,ZERO,LOW,NORMAL,FALSE,FALSE,NORMAL,NORMAL,LOW,FALSE,NORMAL,ZERO,NORMAL,FALSE,NORMAL
FALSE,TRUE,NORMAL,FALSE,LOW,FALSE,HIGH,HIGH,NORMAL,NORMAL,NORMAL,LOW,NORMAL,NORMAL,NORMAL,TRUE,NORMAL,NORMAL,HIGH,NORMAL,LOW,FALSE,HIGH,HIGH,LOW,LOW,FALSE,FALSE,LOW,NORMAL,HIGH,FALSE,NORMAL,HIGH,NORMAL,FALSE,NORMAL
FALSE,FALSE,NORMAL,FALSE,HIGH,FALSE,HIGH,HIGH,NORMAL,NORMAL,NORMAL,LOW,HIGH,LOW,NORMAL,FALSE,HIGH,NORMAL,HIGH,HIGH,ZERO,FALSE,LOW,ZERO,LOW,HIGH,FALSE,TRUE,HIGH,HIGH,LOW,FALSE,HIGH,ZERO,LOW,FALSE,NORMAL
FALSE,FALSE,HIGH,FALSE,HIGH,FALSE,LOW,NORMAL,NORMAL,HIGH,NORMAL,LOW,NORMAL,NORMAL,NORMAL,FALSE,NORMAL,NORMAL,HIGH,NORMAL,ZERO,FALSE,LOW,ZERO,LOW,LOW,FALSE,FALSE,LOW,NORMAL,LOW,FALSE,NORMAL,ZERO,NORMAL,FALSE,NORMAL
FALSE,FALSE,NORMAL,FALSE,LOW,TRUE,HIGH,LOW,NORMAL,LOW,HIGH,HIGH,HIGH,LOW,NORMAL,FALSE,NORMAL,HIGH,LOW,NORMAL,LOW,FALSE,HIGH,HIGH,LOW,NORMAL,FALSE,FALSE,NORMAL,NORMAL,HIGH,FALSE,HIGH,HIGH,LOW,FALSE,NORMAL
FALSE,TRUE,NORMAL,FALSE,HIGH,FALSE,LOW,HIGH,NORMAL,LOW,NORMAL,LOW,HIGH,LOW,NORMAL,FALSE,NORMAL,NORMAL,NORMAL,NORMAL,ZERO,FALSE,LOW,ZERO,LOW,LOW,FALSE,FALSE,HIGH,NORMAL,LOW,FALSE,LOW,ZERO,NORMAL,FALSE,NORMAL
FALSE,FALSE,LOW,FALSE,HIGH,TRUE,HIGH,HIGH,NORMAL,HIGH,NORMAL,LOW,HIGH,HIGH,ESOPHAGEAL,FALSE,NORMAL,NORMAL,HIGH,LOW,ZERO,FALSE,NORMAL,LOW,LOW,NORMAL,FALSE,FALSE,NORMAL,NORMAL,NORMAL,FALSE,HIGH,LOW,NORMAL,FALSE,NORMAL
FALSE,FALSE,NORMAL,FALSE,HIGH,TRUE,HIGH,HIGH,NORMAL,HIGH,ZERO,ZERO,HIGH,HIGH,NORMAL,FALSE,NORMAL,NORMAL,HIGH,NORMAL,ZERO,FALSE,LOW,ZERO,LOW,NORMAL,FALSE,FALSE,NORMAL,NORMAL,LOW,FALSE,HIGH,ZERO,NORMAL,FALSE,HIGH
FALSE,FALSE,NORMAL,FALSE,HIGH,FALSE,HIGH,HIGH,NORMAL,HIGH,NORMAL,LOW,HIGH,HIGH,NORMAL,FALSE,HIGH,NORMAL,HIGH,HIGH,ZERO,FALSE,LOW,ZERO,LOW,HIGH,FALSE,TRUE,HIGH,HIGH,LOW,FALSE,HIGH,ZERO,NORMAL,FALSE,NORMAL
FALSE,FALSE,NORMAL,FALSE,HIGH,FALSE,HIGH,HIGH,NORMAL,LOW,LOW,ZERO,HIGH,NORMAL,NORMAL,FALSE,HIGH,LOW,LOW,NORMAL,ZERO,FALSE,LOW,ZERO,LOW,HIGH,FALSE,TRUE,HIGH,HIGH,LOW,FALSE,HIGH,ZERO,LOW,FALSE,NORMAL
FALSE,FALSE,NORMAL,FALSE,HIGH,FALSE,HIGH,HIGH,NORMAL,LOW,NORMAL,LOW,HIGH,LOW,NORMAL,FALSE,HIGH,NORMAL,NORMAL,NORMAL,ZERO,FALSE,LOW,ZERO,LOW,HIGH,FALSE,TRUE,HIGH,HIGH,LOW,FALSE,HIGH,ZERO,LOW,FALSE,HIGH
FALSE,TRUE,NORMAL,FALSE,HIGH,FALSE,LOW,HIGH,NORMAL,NORMAL,NORMAL,LOW,HIGH,NORMAL,NORMAL,TRUE,NORMAL,NORMAL,NORMAL,NORMAL,ZERO,FALSE,LOW,ZERO,LOW,LOW,FALSE,FALSE,LOW,NORMAL,LOW,FALSE,NORMAL,ZERO,NORMAL,FALSE,NORMAL
FALSE,FALSE,NORMAL,FALSE,HIGH,FALSE,LOW,LOW,NORMAL,LOW,NORMAL,LOW,HIGH,NORMAL,NORMAL,FALSE,HIGH,NORMAL,NORMAL,HIGH,ZERO,FALSE,NORMAL,ZERO,LOW,LOW,FALSE,TRUE,LOW,HIGH,NORMAL,FALSE,NORMAL,LOW,NORMAL,FALSE,NORMAL
FALSE,FALSE,NORMAL,FALSE,NORMAL,FALSE,LOW,HIGH,NORMAL,NORMAL,NORMAL,LOW,NORMAL,NORMAL,NORMAL,FALSE,NORMAL,NORMAL,HIGH,NORMAL,NORMAL,FALSE,LOW,ZERO,NORMAL,LOW,FALSE,FALSE,LOW,NORMAL,LOW,FALSE,NORMAL,NORMAL,NORMAL,FALSE,NORMAL
FALSE,FALSE,HIGH,FALSE,LOW,FALSE,HIGH,LOW,NORMAL,LOW,HIGH,HIGH,HIGH,HIGH,NORMAL,FALSE,NORMAL,HIGH,LOW,NORMAL,LOW,FALSE,HIGH,HIGH,LOW,HIGH,FALSE,FALSE,HIGH,NORMAL,HIGH,FALSE,HIGH,HIGH,NORMAL,FALSE,NORMAL
FALSE,FALSE,NORMAL,FALSE,LOW,FALSE,LOW,HIGH,NORMAL,HIGH,LOW,ZERO,NORMAL,NORMAL,NORMAL,FALSE,NORMAL,NORMAL,HIGH,NORMAL,LOW,FALSE,HIGH,HIGH,LOW,LOW,FALSE,FALSE,LOW,NORMAL,HIGH,FALSE,NORMAL,HIGH,NORMAL,FALSE,NORMAL
FALSE,FALSE,NORMAL,FALSE,HIGH,FALSE,LOW,LOW,NORMAL,NORMAL,NORMAL,LOW,HIGH,LOW,NORMAL,FALSE,HIGH,NORMAL,HIGH,NORMAL,ZERO,FALSE,LOW,ZERO,LOW,LOW,FALSE,TRUE,LOW,HIGH,LOW,FALSE,LOW,ZERO,NORMAL,FALSE,NORMAL
FALSE,FALSE,HIGH,FALSE,HIGH,FALSE,HIGH,NORMAL,NORMAL,LOW,NORMAL,LOW,HIGH,HIGH,NORMAL,FALSE,HIGH,NORMAL,LOW,HIGH,ZERO,FALSE,LOW,ZERO,LOW,HIGH,FALSE,TRUE,HIGH,HIGH,LOW,FALSE,HIGH,ZERO,NORMAL,FALSE,NORMAL
FALSE,FALSE,NORMAL,FALSE,HIGH,FALSE,HIGH,HIGH,NORMAL,NORMAL,NORMAL,LOW,HIGH,HIGH,ONESIDED,FALSE,NORMAL,NORMAL,HIGH,NORMAL,LOW,FALSE,LOW,ZERO,NORMAL,HIGH,FALSE,FALSE,HIGH,NORMAL,LOW,FALSE,HIGH,LOW,NORMAL,FALSE,HIGH
FALSE,FALSE,NORMAL,FALSE,HIGH,FALSE,HIGH,HIGH,NORMAL,HIGH,NORMAL,LOW,HIGH,HIGH,NORMAL,FALSE,NORMAL,NORMAL,HIGH,NORMAL,ZERO,FALSE,LOW,ZERO,LOW,HIGH,FALSE,FALSE,HIGH,NORMAL,LOW,FALSE,HIGH,ZERO,NORMAL,FALSE,NORMAL
FALSE,FALSE,NORMAL,FALSE,HIGH,FALSE,HIGH,HIGH,NORMAL,LOW,NORMAL,LOW,HIGH,HIGH,NORMAL,FALSE,HIGH,NORMAL,LOW,HIGH,ZERO,FALSE,LOW,ZERO,LOW,HIGH,FALSE,TRUE,HIGH,HIGH,NORMAL,FALSE,HIGH,ZERO,NORMAL,FALSE,HIGH
TRUE,FALSE,NORMAL,TRUE,HIGH,FALSE,HIGH,HIGH,NORMAL,HIGH,NORMAL,ZERO,HIGH,HIGH,NORMAL,FALSE,NORMAL,NORMAL,HIGH,NORMAL,ZERO,FALSE,LOW,ZERO,LOW,HIGH,FALSE,FALSE,HIGH,NORMAL,LOW,FALSE,HIGH,ZERO,NORMAL,FALSE,NORMAL
FALSE,FALSE,NORMAL,FALSE,HIGH,FALSE,LOW,NORMAL,NORMAL,NORMAL,NORMAL,LOW,HIGH,NORMAL,NORMAL,FALSE,NORMAL,NORMAL,NORMAL,NORMAL,ZERO,FALSE,LOW,ZERO,LOW,LOW,FALSE,FALSE,LOW,NORMAL,LOW,FALSE,NORMAL,ZERO,NORMAL,FALSE,NORMAL
FALSE,FALSE,NORMAL,FALSE,NORMAL,TRUE,HIGH,LOW,NORMAL,HIGH,HIGH,HIGH,HIGH,HIGH,NORMAL,FALSE,NORMAL,NORMAL,NORMAL,NORMAL,LOW,FALSE,HIGH,HIGH,ZERO,NORMAL,FALSE,TRUE,NORMAL,NORMAL,HIGH,FALSE,HIGH,HIGH,HIGH,FALSE,NORMAL
FALSE,FALSE,NORMAL,FALSE,HIGH,FALSE,HIGH,HIGH,NORMAL,LOW,NORMAL,LOW,HIGH,HIGH,NORMAL,FALSE,NORMAL,NORMAL,LOW,NORMAL,ZERO,FALSE,LOW,ZERO,LOW,LOW,FALSE,FALSE,HIGH,NORMAL,LOW,FALSE,HIGH,ZERO,NORMAL,FALSE,NORMAL
FALSE,FALSE,LOW,FALSE,HIGH,FALSE,HIGH,NORMAL,NORMAL,LOW,NORMAL,LOW,HIGH,HIGH,NORMAL,FALSE,LOW,NORMAL,NORMAL,LOW,ZERO,FALSE,LOW,ZERO,LOW,HIGH,FALSE,FALSE,HIGH,LOW,LOW,FALSE,HIGH,ZERO,NORMAL,FALSE,NORMAL
FALSE,FALSE,NORMAL,FALSE,HIGH,FALSE,HIGH,HIGH,NORMAL,HIGH,NORMAL,LOW,HIGH,HIGH,NORMAL,FALSE,NORMAL,NORMAL,LOW,NORMAL,ZERO,FALSE,LOW,ZERO,LOW,HIGH,FALSE,FALSE,HIGH,NORMAL,LOW,FALSE,HIGH,ZERO,NORMAL,FALSE,HIGH
FALSE,FALSE,NORMAL,FALSE,HIGH,FALSE,HIGH,NORMAL,NORMAL,HIGH,NORMAL,LOW,HIGH,HIGH,NORMAL,FALSE,NORMAL,NORMAL,HIGH,NORMAL,ZERO,FALSE,LOW,ZERO,LOW,NORMAL,FALSE,FALSE,HIGH,NORMAL,LOW,FALSE,HIGH,ZERO,NORMAL,FALSE,NORMAL
FALSE,FALSE,NORMAL,FALSE,LOW,FALSE,HIGH,HIGH,NORMAL,LOW,ZERO,ZERO,HIGH,HIGH,NORMAL,FALSE,NORMAL,NORMAL,LOW,NORMAL,LOW,FALSE,HIGH,HIGH,LOW,HIGH,FALSE,FALSE,HIGH,NORMAL,HIGH,FALSE,HIGH,HIGH,NORMAL,FALSE,NORMAL
FALSE,FALSE,LOW,FALSE,HIGH,FALSE,HIGH,LOW,NORMAL,HIGH,NORMAL,LOW,HIGH,HIGH,NORMAL,FALSE,NORMAL,NORMAL,NORMAL,NORMAL,ZERO,FALSE,LOW,ZERO,LOW,HIGH,FALSE,FALSE,HIGH,NORMAL,LOW,FALSE,HIGH,LOW,NORMAL,FALSE,NORMAL
FALSE,FALSE,NORMAL,FALSE,HIGH,FALSE,NORMAL,HIGH,NORMAL,LOW,NORMAL,LOW,HIGH,NORMAL,NORMAL,TRUE,NORMAL,NORMAL,LOW,NORMAL,ZERO,FALSE,LOW,ZERO,LOW,HIGH,FALSE,FALSE,HIGH,NORMAL,LOW,FALSE,HIGH,ZERO,NORMAL,FALSE,HIGH
TRUE,FALSE,NORMAL,FALSE,LOW,FALSE,HIGH,HIGH,LOW,LOW,LOW,ZERO,HIGH,LOW,NORMAL,FALSE,HIGH,LOW,NORMAL,NORMAL,LOW,FALSE,NORMAL,HIGH,LOW,HIGH,FALSE,TRUE,HIGH,HIGH,NORMAL,FALSE,HIGH,HIGH,LOW,FALSE,NORMAL
FALSE,FALSE,NORMAL,FALSE,HIGH,TRUE,NORMAL,HIGH,NORMAL,LOW,NORMAL,LOW,HIGH,HIGH,NORMAL,TRUE,NORMAL,NORMAL,LOW,NORMAL,ZERO,FALSE,LOW,ZERO,LOW,NORMAL,FALSE,FALSE,NORMAL,NORMAL,LOW,FALSE,HIGH,ZERO,NORMAL,FALSE,NORMAL
FALSE,FALSE,HIGH,FALSE,HIGH,FALSE,HIGH,LOW,NORMAL,HIGH,NORMAL,LOW,HIGH,HIGH,NORMAL,FALSE,NORMAL,NORMAL,HIGH,NORMAL,ZERO,FALSE,LOW,ZERO,LOW,HIGH,FALSE,FALSE,HIGH,NORMAL,LOW,FALSE,HIGH,ZERO,NORMAL,FALSE,NORMAL
TRUE,FALSE,NORMAL,FALSE,LOW,FALSE,LOW,HIGH,NORMAL,HIGH,NORMAL,ZERO,NORMAL,NORMAL,NORMAL,FALSE,NORMAL,NORMAL,HIGH,NORMAL,LOW,FALSE,HIGH,HIGH,LOW,LOW,FALSE,FALSE,LOW,NORMAL,HIGH,FALSE,NORMAL,HIGH,NORMAL,FALSE,NORMAL
FALSE,FALSE,NORMAL,FALSE,HIGH,FALSE,HIGH,NORMAL,NORMAL,HIGH,NORMAL,LOW,HIGH,HIGH,NORMAL,FALSE,NORMAL,NORMAL,NORMAL,NORMAL,ZERO,FALSE,LOW,ZERO,LOW,HIGH,FALSE,FALSE,HIGH,NORMAL,LOW,FALSE,HIGH,ZERO,HIGH,FALSE,NORMAL
FALSE,FALSE,NORMAL,FALSE,LOW,FALSE,LOW,NORMAL,NORMAL,HIGH,NORMAL,LOW,NORMAL,NORMAL,NORMAL,FALSE,HIGH,NORMAL,HIGH,HIGH,ZERO,FALSE,HIGH,ZERO,ZERO,LOW,FALSE,TRUE,LOW,HIGH,HIGH,FALSE,NORMAL,HIGH,LOW,FALSE,NORMAL
FALSE,FALSE,NORMAL,FALSE,HIGH,FALSE,HIGH,HIGH,NORMAL,HIGH,NORMAL,LOW,HIGH,HIGH,ONESIDED,FALSE,NORMAL,NORMAL,NORMAL,NORMAL,LOW,FALSE,LOW,ZERO,NORMAL,HIGH,FALSE,FALSE,HIGH,NORMAL,LOW,FALSE,HIGH,LOW,NORMAL,FALSE,HIGH
FALSE,FALSE,NORMAL,FALSE,HIGH,TRUE,HIGH,HIGH,NORMAL,HIGH,NORMAL,LOW,HIGH,HIGH,ONESIDED,FALSE,NORMAL,NORMAL,HIGH,NORMAL,LOW,FALSE,LOW,ZERO,NORMAL,NORMAL,FALSE,FALSE,NORMAL,NORMAL,LOW,FALSE,HIGH,LOW,NORMAL,FALSE,HIGH
FALSE,FALSE,HIGH,FALSE,HIGH,FALSE,LOW,HIGH,NORMAL,NORMAL,LOW,ZERO,HIGH,NORMAL,NORMAL,FALSE,NORMAL,LOW,NORMAL,NORMAL,ZERO,FALSE,LOW,ZERO,LOW,LOW,FALSE,FALSE,LOW,NORMAL,LOW,FALSE,NORMAL,ZERO,NORMAL,FALSE,NORMAL
FALSE,FALSE,NORMAL,FALSE,HIGH,FALSE,LOW,HIGH,NORMAL,HIGH,NORMAL,LOW,NORMAL,NORMAL,NORMAL,FALSE,NORMAL,NORMAL,HIGH,NORMAL,ZERO,FALSE,LOW,ZERO,LOW,LOW,FALSE,FALSE,LOW,NORMAL,LOW,FALSE,NORMAL,ZERO,NORMAL,FALSE,NORMAL
FALSE,FALSE,LOW,FALSE,NORMAL,FALSE,LOW,NORMAL,NORMAL,NORMAL,NORMAL,LOW,NORMAL,NORMAL,NORMAL,FALSE,NORMAL,NORMAL,HIGH,NORMAL,ZERO,FALSE,LOW,ZERO,LOW,LOW,FALSE,FALSE,LOW,NORMAL,LOW,FALSE,NORMAL,NORMAL,NORMAL,FALSE,NORMAL
FALSE,FALSE,NORMAL,FALSE,HIGH,TRUE,HIGH,LOW,NORMAL,LOW,NORMAL,LOW,HIGH,HIGH,NORMAL,FALSE,NORMAL,NORMAL,LOW,NORMAL,ZERO,FALSE,LOW,ZERO,LOW,NORMAL,FALSE,FALSE,NORMAL,NORMAL,LOW,FALSE,HIGH,ZERO,NORMAL,FALSE,NORMAL
FALSE,FALSE,LOW,FALSE,HIGH,FALSE,HIGH,HIGH,NORMAL,HIGH,NORMAL,LOW,HIGH,HIGH,ONESIDED,FALSE,HIGH,NORMAL,NORMAL,HIGH,LOW,FALSE,LOW,ZERO,NORMAL,HIGH,FALSE,FALSE,HIGH,HIGH,LOW,FALSE,HIGH,LOW,NORMAL,FALSE,HIGH
FALSE,FALSE,NORMAL,FALSE,HIGH,FALSE,NORMAL,LOW,NORMAL,HIGH,NORMAL,LOW,HIGH,NORMAL,NORMAL,FALSE,NORMAL,NORMAL,HIGH,NORMAL,ZERO,FALSE,LOW,ZERO,LOW,LOW,FALSE,FALSE,LOW,NORMAL,LOW,FALSE,NORMAL,ZERO,NORMAL,FALSE,NORMAL
FALSE,FALSE,NORMAL,FALSE,HIGH,FALSE,HIGH,LOW,NORMAL,NORMAL,NORMAL,LOW,HIGH,HIGH,NORMAL,FALSE,NORMAL,NORMAL,NORMAL,NORMAL,ZERO,FALSE,LOW,ZERO,LOW,HIGH,FALSE,FALSE,HIGH,NORMAL,LOW,FALSE,HIGH,ZERO,NORMAL,FALSE,NORMAL
FALSE,FALSE,NORMAL,FALSE,HIGH,FALSE,HIGH,NORMAL,NORMAL,HIGH,NORMAL,LOW,HIGH,HIGH,ESOPHAGEAL,FALSE,HIGH,NORMAL,NORMAL,HIGH,LOW,FALSE,LOW,LOW,NORMAL,HIGH,FALSE,TRUE,HIGH,HIGH,LOW,FALSE,HIGH,ZERO,NORMAL,FALSE,NORMAL
FALSE,FALSE,NORMAL,FALSE,HIGH,FALSE,HIGH,LOW,NORMAL,HIGH,NORMAL,LOW,HIGH,HIGH,NORMAL,FALSE,NORMAL,NORMAL,HIGH,NORMAL,ZERO,FALSE,LOW,ZERO,LOW,HIGH,FALSE,FALSE,HIGH,NORMAL,LOW,FALSE,HIGH,ZERO,NORMAL,FALSE,NORMAL
TRUE,FALSE,NORMAL,FALSE,HIGH,FALSE,HIGH,ZERO,NORMAL,LOW,NORMAL,ZERO,HIGH,HIGH,ESOPHAGEAL,FALSE,NORMAL,NORMAL,NORMAL,NORMAL,ZERO,FALSE,LOW,LOW,LOW,HIGH,FALSE,FALSE,HIGH,NORMAL,LOW,FALSE,HIGH,LOW,NORMAL,FALSE,NORMAL
FALSE,FALSE,NORMAL,FALSE,HIGH,TRUE,HIGH,NORMAL,NORMAL,HIGH,NORMAL,LOW,HIGH,HIGH,NORMAL,FALSE,NORMAL,NORMAL,NORMAL,NORMAL,ZERO,FALSE,LOW,ZERO,LOW,NORMAL,FALSE,FALSE,NORMAL,NORMAL,LOW,FALSE,HIGH,ZERO,NORMAL,FALSE,NORMAL
FALSE,FALSE,NORMAL,FALSE,HIGH,FALSE,HIGH,NORMAL,NORMAL,HIGH,LOW,LOW,HIGH,HIGH,NORMAL,FALSE,NORMAL,LOW,HIGH,NORMAL,ZERO,FALSE,LOW,ZERO,LOW,HIGH,FALSE,FALSE,HIGH,NORMAL,LOW,FALSE,HIGH,ZERO,NORMAL,FALSE,NORMAL
FALSE,TRUE,NORMAL,FALSE,HIGH,FALSE,HIGH,LOW,NORMAL,NORMAL,NORMAL,LOW,HIGH,HIGH,NORMAL,FALSE,NORMAL,NORMAL,NORMAL,NORMAL,ZERO,FALSE,LOW,ZERO,LOW,HIGH,FALSE,FALSE,HIGH,NORMAL,LOW,FALSE,HIGH,ZERO,NORMAL,FALSE,NORMAL
TRUE,FALSE,NORMAL,FALSE,LOW,FALSE,HIGH,HIGH,NORMAL,NORMAL,LOW,ZERO,HIGH,HIGH,NORMAL,FALSE,NORMAL,LOW,NORMAL,NORMAL,LOW,FALSE,HIGH,HIGH,LOW,HIGH,FALSE,FALSE,HIGH,NORMAL,HIGH,FALSE,HIGH,HIGH,NORMAL,FALSE,NORMAL
FALSE,FALSE,NORMAL,FALSE,LOW,TRUE,LOW,LOW,NORMAL,LOW,HIGH,HIGH,HIGH,NORMAL,NORMAL,FALSE,NORMAL,HIGH,NORMAL,NORMAL,LOW,FALSE,HIGH,HIGH,LOW,LOW,FALSE,FALSE,LOW,NORMAL,HIGH,FALSE,NORMAL,HIGH,NORMAL,FALSE,NORMAL
FALSE,FALSE,NORMAL,FALSE,HIGH,FALSE,HIGH,ZERO,NORMAL,LOW,ZERO,ZERO,HIGH,LOW,ESOPHAGEAL,FALSE,NORMAL,NORMAL,LOW,NORMAL,ZERO,FALSE,LOW,LOW,LOW,HIGH,FALSE,TRUE,HIGH,NORMAL,LOW,FALSE,HIGH,LOW,LOW,FALSE,NORMAL
FALSE,FALSE,NORMAL,FALSE,HIGH,FALSE,HIGH,HIGH,NORMAL,HIGH,NORMAL,LOW,HIGH,HIGH,NORMAL,FALSE,NORMAL,NORMAL,NORMAL,NORMAL,ZERO,FALSE,LOW,ZERO,LOW,HIGH,FALSE,FALSE,HIGH,NORMAL,LOW,FALSE,HIGH,ZERO,NORMAL,FALSE,NORMAL
FALSE,FALSE,NORMAL,FALSE,HIGH,FALSE,LOW,LOW,NORMAL,LOW,NORMAL,LOW,NORMAL,LOW,NORMAL,FALSE,HIGH,NORMAL,HIGH,NORMAL,ZERO,FALSE,LOW,ZERO,LOW,HIGH,FALSE,TRUE,HIGH,HIGH,LOW,FALSE,LOW,ZERO,NORMAL,FALSE,NORMAL
FALSE,FALSE,NORMAL,FALSE,NORMAL,FALSE,HIGH,LOW,NORMAL,LOW,ZERO,ZERO,HIGH,HIGH,ONESIDED,FALSE,NORMAL,NORMAL,LOW,NORMAL,ZERO,FALSE,LOW,NORMAL,LOW,HIGH,FALSE,FALSE,HIGH,NORMAL,LOW,FALSE,HIGH,NORMAL,NORMAL,FALSE,HIGH
FALSE,FALSE,NORMAL,FALSE,HIGH,FALSE,LOW,LOW,NORMAL,NORMAL,NORMAL,LOW,NORMAL,LOW,NORMAL,FALSE,HIGH,NORMAL,HIGH,HIGH,ZERO,FALSE,LOW,ZERO,LOW,LOW,FALSE,TRUE,LOW,HIGH,LOW,FALSE,NORMAL,ZERO,LOW,FALSE,NORMAL
FALSE,FALSE,NORMAL,FALSE,HIGH,FALSE,HIGH,HIGH,NORMAL,HIGH,NORMAL,LOW,HIGH,HIGH,NORMAL,FALSE,NORMAL,NORMAL,NORMAL,NORMAL,ZERO,FALSE,LOW,ZERO,LOW,HIGH,FALSE,FALSE,HIGH,NORMAL,LOW,FALSE,HIGH,ZERO,NORMAL,FALSE,NORMAL
FALSE,FALSE,NORMAL,FALSE,NORMAL,FALSE,HIGH,HIGH,NORMAL,LOW,NORMAL,LOW,HIGH,HIGH,NORMAL,FALSE,NORMAL,NORMAL,LOW,NORMAL,ZERO,FALSE,LOW,ZERO,LOW,HIGH,FALSE,FALSE,HIGH,NORMAL,LOW,FALSE,HIGH,ZERO,NORMAL,FALSE,NORMAL
FALSE,FALSE,NORMAL,FALSE,NORMAL,FALSE,HIGH,HIGH,NORMAL,LOW,NORMAL,LOW,HIGH,LOW,ONESIDED,FALSE,HIGH,NORMAL,LOW,HIGH,ZERO,FALSE,LOW,NORMAL,LOW,HIGH,FALSE,TRUE,HIGH,HIGH,LOW,FALSE,HIGH,NORMAL,LOW,FALSE,HIGH
FALSE,FALSE,NORMAL,FALSE,HIGH,FALSE,LOW,HIGH,LOW,LOW,NORMAL,LOW,HIGH,HIGH,NORMAL,FALSE,NORMAL,NORMAL,LOW,NORMAL,ZERO,FALSE,LOW,ZERO,LOW,HIGH,FALSE,FALSE,HIGH,NORMAL,LOW,FALSE,HIGH,ZERO,NORMAL,FALSE,NORMAL
FALSE,FALSE,NORMAL,FALSE,NORMAL,FALSE,HIGH,LOW,NORMAL,LOW,NORMAL,LOW,HIGH,LOW,NORMAL,FALSE,HIGH,NORMAL,NORMAL,NORMAL,ZERO,FALSE,LOW,ZERO,LOW,HIGH,FALSE,TRUE,HIGH,HIGH,LOW,FALSE,HIGH,NORMAL,LOW,FALSE,NORMAL
FALSE,FALSE,NORMAL,FALSE,NORMAL,FALSE,LOW,ZERO,NORMAL,LOW,LOW,ZERO,HIGH,LOW,ONESIDED,FALSE,HIGH,LOW,NORMAL,HIGH,ZERO,FALSE,LOW,NORMAL,LOW,HIGH,FALSE,TRUE,LOW,HIGH,LOW,FALSE,NORMAL,NORMAL,LOW,FALSE,HIGH
FALSE,FALSE,NORMAL,FALSE,HIGH,FALSE,HIGH,HIGH,NORMAL,HIGH,NORMAL,LOW,HIGH,HIGH,ONESIDED,FALSE,NORMAL,NORMAL,NORMAL,NORMAL,ZERO,FALSE,LOW,NORMAL,LOW,HIGH,FALSE,FALSE,HIGH,NORMAL,LOW,FALSE,HIGH,NORMAL,NORMAL,FALSE,HIGH
FALSE,FALSE,NORMAL,FALSE,HIGH,FALSE,HIGH,HIGH,NORMAL,LOW,NORMAL,LOW,HIGH,HIGH,NORMAL,FALSE,NORMAL,NORMAL,LOW,NORMAL,ZERO,FALSE,LOW,ZERO,LOW,HIGH,FALSE,FALSE,LOW,NORMAL,LOW,FALSE,HIGH,ZERO,HIGH,FALSE,NORMAL
FALSE,FALSE,NORMAL,FALSE,HIGH,FALSE,NORMAL,LOW,NORMAL,HIGH,NORMAL,LOW,HIGH,HIGH,NORMAL,TRUE,HIGH,NORMAL,NORMAL,NORMAL,ZERO,FALSE,LOW,ZERO,LOW,HIGH,FALSE,FALSE,HIGH,HIGH,LOW,FALSE,HIGH,ZERO,NORMAL,FALSE,NORMAL
FALSE,FALSE,NORMAL,FALSE,LOW,TRUE,HIGH,LOW,NORMAL,NORMAL,NORMAL,LOW,HIGH,HIGH,NORMAL,FALSE,NORMAL,NORMAL,NORMAL,NORMAL,LOW,FALSE,HIGH,HIGH,LOW,NORMAL,FALSE,FALSE,NORMAL,NORMAL,HIGH,FALSE,HIGH,HIGH,NORMAL,FALSE,NORMAL
FALSE,FALSE,NORMAL,FALSE,HIGH,FALSE,HIGH,LOW,NORMAL,LOW,NORMAL,LOW,HIGH,NORMAL,NORMAL,FALSE,HIGH,NORMAL,LOW,HIGH,ZERO,FALSE,LOW,ZERO,LOW,HIGH,FALSE,TRUE,HIGH,HIGH,LOW,FALSE,HIGH,ZERO,LOW,FALSE,NORMAL
FALSE,FALSE,NORMAL,FALSE,HIGH,FALSE,NORMAL,HIGH,NORMAL,HIGH,LOW,ZERO,HIGH,HIGH,NORMAL,TRUE,LOW,NORMAL,HIGH,LOW,ZERO,FALSE,LOW,ZERO,LOW,HIGH,FALSE,FALSE,HIGH,LOW,LOW,FALSE,HIGH,ZERO,NORMAL,FALSE,NORMAL
FALSE,FALSE,NORMAL,FALSE,HIGH,FALSE,LOW,HIGH,NORMAL,LOW,NORMAL,LOW,HIGH,NORMAL,NORMAL,FALSE,NORMAL,NORMAL,LOW,NORMAL,ZERO,FALSE,LOW,ZERO,LOW,LOW,FALSE,FALSE,LOW,NORMAL,LOW,FALSE,NORMAL,ZERO,NORMAL,FALSE,NORMAL
FALSE,FALSE,NORMAL,FALSE,HIGH,FALSE,HIGH,HIGH,NORMAL,HIGH,NORMAL,LOW,HIGH,NORMAL,NORMAL,FALSE,HIGH,NORMAL,HIGH,NORMAL,ZERO,FALSE,LOW,ZERO,LOW,HIGH,FALSE,TRUE,HIGH,HIGH,LOW,FALSE,HIGH,ZERO,LOW,FALSE,NORMAL
FALSE,FALSE,NORMAL,FALSE,LOW,FALSE,LOW,HIGH,NORMAL,HIGH,NORMAL,LOW,NORMAL,NORMAL,NORMAL,FALSE,NORMAL,NORMAL,HIGH,NORMAL,ZERO,FALSE,LOW,ZERO,ZERO,LOW,FALSE,FALSE,LOW,NORMAL,LOW,FALSE,NORMAL,ZERO,NORMAL,FALSE,NORMAL
FALSE,FALSE,NORMAL,FALSE,LOW,FALSE,LOW,NORMAL,NORMAL,HIGH,HIGH,HIGH,NORMAL,NORMAL,NORMAL,FALSE,NORMAL,NORMAL,HIGH,NORMAL,LOW,FALSE,HIGH,HIGH,NORMAL,LOW,FALSE,FALSE,LOW,NORMAL,HIGH,FALSE,NORMAL,HIGH,NORMAL,FALSE,NORMAL
FALSE,FALSE,NORMAL,FALSE,LOW,FALSE,HIGH,HIGH,NORMAL,HIGH,ZERO,ZERO,HIGH,HIGH,NORMAL,FALSE,NORMAL,NORMAL,NORMAL,NORMAL,LOW,FALSE,HIGH,HIGH,HIGH,HIGH,FALSE,FALSE,HIGH,NORMAL,NORMAL,FALSE,HIGH,HIGH,NORMAL,FALSE,HIGH
FALSE,FALSE,NORMAL,FALSE,NORMAL,FALSE,LOW,HIGH,NORMAL,NORMAL,NORMAL,LOW,NORMAL,LOW,NORMAL,FALSE,HIGH,NORMAL,HIGH,NORMAL,NORMAL,FALSE,LOW,ZERO,HIGH,HIGH,FALSE,TRUE,LOW,HIGH,LOW,FALSE,NORMAL,NORMAL,LOW,FALSE,NORMAL
FALSE,FALSE,NORMAL,FALSE,LOW,FALSE,HIGH,HIGH,NORMAL,HIGH,ZERO,ZERO,HIGH,HIGH,NORMAL,FALSE,LOW,LOW,NORMAL,NORMAL,LOW,FALSE,HIGH,HIGH,LOW,HIGH,FALSE,FALSE,HIGH,NORMAL,HIGH,FALSE,HIGH,HIGH,NORMAL,FALSE,NORMAL
FALSE,FALSE,NORMAL,FALSE,HIGH,FALSE,HIGH,ZERO,NORMAL,LOW,LOW,ZERO,HIGH,LOW,NORMAL,FALSE,NORMAL,LOW,HIGH,NORMAL,ZERO,FALSE,LOW,ZERO,LOW,HIGH,FALSE,FALSE,HIGH,NORMAL,LOW,FALSE,HIGH,ZERO,LOW,TRUE,NORMAL
FALSE,FALSE,NORMAL,FALSE,HIGH,FALSE,HIGH,HIGH,NORMAL,HIGH,LOW,ZERO,HIGH,HIGH,NORMAL,FALSE,NORMAL,LOW,HIGH,NORMAL,ZERO,FALSE,LOW,ZERO,LOW,HIGH,FALSE,FALSE,HIGH,NORMAL,LOW,FALSE,HIGH,ZERO,NORMAL,FALSE,NORMAL
FALSE,FALSE,NORMAL,FALSE,LOW,FALSE,HIGH,LOW,NORMAL,LOW,ZERO,HIGH,HIGH,LOW,NORMAL,FALSE,HIGH,NORMAL,NORMAL,HIGH,LOW,FALSE,HIGH,HIGH,LOW,HIGH,FALSE,TRUE,HIGH,HIGH,LOW,FALSE,HIGH,HIGH,LOW,FALSE,HIGH
FALSE,FALSE,NORMAL,FALSE,HIGH,FALSE,NORMAL,HIGH,NORMAL,HIGH,NORMAL,LOW,HIGH,HIGH,NORMAL,TRUE,LOW,NORMAL,NORMAL,LOW,ZERO,FALSE,LOW,ZERO,LOW,HIGH,FALSE,FALSE,HIGH,LOW,LOW,FALSE,HIGH,ZERO,NORMAL,FALSE,NORMAL
FALSE,FALSE,NORMAL,FALSE,LOW,FALSE,LOW,HIGH,NORMAL,NORMAL,ZERO,ZERO,NORMAL,LOW,NORMAL,FALSE,NORMAL,NORMAL,HIGH,NORMAL,LOW,FALSE,HIGH,HIGH,LOW,LOW,FALSE,FALSE,LOW,NORMAL,LOW,FALSE,NORMAL,HIGH,LOW,FALSE,HIGH
FALSE,FALSE,NORMAL,FALSE,HIGH,FALSE,HIGH,HIGH,NORMAL,LOW,NORMAL,LOW,HIGH,LOW,NORMAL,FALSE,HIGH,NORMAL,LOW,HIGH,ZERO,FALSE,LOW,ZERO,LOW,HIGH,FALSE,TRUE,HIGH,HIGH,LOW,FALSE,HIGH,ZERO,LOW,FALSE,NORMAL
FALSE,FALSE,LOW,FALSE,HIGH,FALSE,HIGH,NORMAL,NORMAL,HIGH,NORMAL,LOW,HIGH,HIGH,NORMAL,FALSE,LOW,NORMAL,NORMAL,NORMAL,ZERO,FALSE,LOW,ZERO,LOW,HIGH,FALSE,FALSE,HIGH,LOW,LOW,FALSE,HIGH,ZERO,NORMAL,FALSE,NORMAL
TRUE,FALSE,HIGH,FALSE,LOW,FALSE,LOW,HIGH,LOW,NORMAL,NORMAL,ZERO,NORMAL,NORMAL,NORMAL,TRUE,NORMAL,NORMAL,HIGH,NORMAL,LOW,FALSE,NORMAL,HIGH,LOW,LOW,FALSE,FALSE,LOW,NORMAL,LOW,FALSE,NORMAL,HIGH,NORMAL,FALSE,NORMAL
FALSE,FALSE,NORMAL,FALSE,HIGH,FALSE,HIGH,NORMAL,NORMAL,HIGH,NORMAL,LOW,HIGH,HIGH,NORMAL,FALSE,HIGH,NORMAL,HIGH,HIGH,ZERO,FALSE,LOW,ZERO,LOW,HIGH,FALSE,TRUE,HIGH,HIGH,LOW,FALSE,HIGH,ZERO,NORMAL,FALSE,NORMAL
FALSE,FALSE,NORMAL,FALSE,HIGH,FALSE,HIGH,LOW,NORMAL,LOW,NORMAL,LOW,HIGH,HIGH,NORMAL,FALSE,NORMAL,NORMAL,LOW,NORMAL,ZERO,FALSE,LOW,ZERO,LOW,HIGH,FALSE,FALSE,HIGH,NORMAL,LOW,FALSE,HIGH,ZERO,NORMAL,FALSE,NORMAL
FALSE,FALSE,NORMAL,FALSE,HIGH,FALSE,HIGH,NORMAL,NORMAL,NORMAL,NORMAL,LOW,HIGH,HIGH,NORMAL,FALSE,NORMAL,NORMAL,NORMAL,NORMAL,ZERO,FALSE,LOW,ZERO,LOW,HIGH,FALSE,FALSE,HIGH,NORMAL,LOW,FALSE,HIGH,ZERO,NORMAL,FALSE,NORMAL
FALSE,FALSE,NORMAL,TRUE,HIGH,FALSE,NORMAL,HIGH,NORMAL,NORMAL,NORMAL,LOW,HIGH,LOW,ONESIDED,TRUE,LOW,NORMAL,HIGH,LOW,LOW,FALSE,LOW,ZERO,NORMAL,HIGH,TRUE,FALSE,LOW,LOW,LOW,FALSE,HIGH,LOW,LOW,FALSE,HIGH
FALSE,FALSE,NORMAL,FALSE,HIGH,FALSE,HIGH,HIGH,NORMAL,LOW,ZERO,ZERO,HIGH,LOW,NORMAL,FALSE,HIGH,NORMAL,NORMAL,NORMAL,ZERO,FALSE,LOW,ZERO,LOW,HIGH,FALSE,TRUE,HIGH,HIGH,LOW,FALSE,HIGH,ZERO,LOW,FALSE,NORMAL
FALSE,FALSE,NORMAL,TRUE,HIGH,FALSE,HIGH,HIGH,NORMAL,LOW,NORMAL,LOW,HIGH,LOW,NORMAL,FALSE,LOW,NORMAL,LOW,LOW,ZERO,FALSE,NORMAL,ZERO,LOW,HIGH,TRUE,FALSE,HIGH,LOW,NORMAL,FALSE,HIGH,ZERO,LOW,FALSE,NORMAL
FALSE,FALSE,LOW,FALSE,HIGH,FALSE,HIGH,NORMAL,NORMAL,HIGH,NORMAL,LOW,HIGH,HIGH,NORMAL,FALSE,NORMAL,NORMAL,NORMAL,NORMAL,ZERO,FALSE,LOW,ZERO,LOW,HIGH,FALSE,FALSE,HIGH,NORMAL,LOW,FALSE,HIGH,ZERO,NORMAL,FALSE,NORMAL
FALSE,FALSE,NORMAL,FALSE,HIGH,FALSE,HIGH,LOW,NORMAL,HIGH,NORMAL,LOW,HIGH,HIGH,NORMAL,FALSE,NORMAL,NORMAL,HIGH,NORMAL,ZERO,FALSE,LOW,ZERO,LOW,HIGH,FALSE,FALSE,HIGH,NORMAL,LOW,FALSE,HIGH,ZERO,NORMAL,FALSE,NORMAL
FALSE,FALSE,NORMAL,TRUE,HIGH,FALSE,LOW,NORMAL,NORMAL,LOW,NORMAL,LOW,HIGH,LOW,NORMAL,FALSE,LOW,NORMAL,NORMAL,LOW,ZERO,FALSE,LOW,ZERO,LOW,LOW,TRUE,FALSE,LOW,LOW,LOW,FALSE,NORMAL,ZERO,LOW,TRUE,NORMAL
FALSE,TRUE,NORMAL,FALSE,HIGH,FALSE,HIGH,NORMAL,NORMAL,HIGH,NORMAL,LOW,HIGH,HIGH,NORMAL,FALSE,NORMAL,NORMAL,HIGH,NORMAL,ZERO,FALSE,LOW,ZERO,LOW,HIGH,FALSE,FALSE,HIGH,NORMAL,LOW,FALSE,HIGH,ZERO,NORMAL,FALSE,NORMAL
FALSE,FALSE,NORMAL,FALSE,HIGH,TRUE,HIGH,HIGH,NORMAL,NORMAL,NORMAL,LOW,HIGH,HIGH,NORMAL,FALSE,NORMAL,NORMAL,NORMAL,NORMAL,ZERO,FALSE,LOW,ZERO,LOW,NORMAL,FALSE,FALSE,NORMAL,NORMAL,LOW,FALSE,HIGH,ZERO,NORMAL,FALSE,NORMAL
FALSE,TRUE,NORMAL,FALSE,HIGH,FALSE,HIGH,HIGH,NORMAL,LOW,NORMAL,LOW,HIGH,HIGH,NORMAL,FALSE,NORMAL,NORMAL,LOW,NORMAL,ZERO,FALSE,LOW,ZERO,LOW,HIGH,FALSE,FALSE,HIGH,NORMAL,LOW,FALSE,HIGH,ZERO,NORMAL,FALSE,NORMAL
FALSE,FALSE,NORMAL,FALSE,HIGH,FALSE,HIGH,NORMAL,NORMAL,LOW,NORMAL,LOW,HIGH,HIGH,NORMAL,FALSE,NORMAL,NORMAL,LOW,NORMAL,ZERO,FALSE,LOW,ZERO,LOW,HIGH,FALSE,FALSE,HIGH,NORMAL,LOW,FALSE,HIGH,ZERO,NORMAL,FALSE,NORMAL
FALSE,FALSE,NORMAL,FALSE,NORMAL,TRUE,HIGH,HIGH,NORMAL,LOW,NORMAL,LOW,HIGH,HIGH,NORMAL,FALSE,NORMAL,NORMAL,LOW,NORMAL,ZERO,FALSE,LOW,ZERO,LOW,NORMAL,FALSE,FALSE,NORMAL,NORMAL,LOW,FALSE,HIGH,NORMAL,NORMAL,FALSE,NORMAL
FALSE,FALSE,NORMAL,FALSE,HIGH,FALSE,HIGH,HIGH,NORMAL,HIGH,LOW,ZERO,HIGH,HIGH,NORMAL,FALSE,NORMAL,LOW,HIGH,NORMAL,ZERO,FALSE,LOW,ZERO,LOW,HIGH,FALSE,FALSE,HIGH,NORMAL,LOW,FALSE,HIGH,ZERO,NORMAL,FALSE,NORMAL
FALSE,FALSE,NORMAL,FALSE,HIGH,FALSE,HIGH,HIGH,NORMAL,LOW,NORMAL,LOW,HIGH,HIGH,NORMAL,FALSE,HIGH,NORMAL,LOW,NORMAL,ZERO,FALSE,LOW,ZERO,LOW,HIGH,FALSE,TRUE,HIGH,HIGH,LOW,FALSE,HIGH,ZERO,HIGH,FALSE,NORMAL
FALSE,FALSE,NORMAL,FALSE,HIGH,FALSE,HIGH,ZERO,NORMAL,LOW,NORMAL,LOW,HIGH,HIGH,NORMAL,FALSE,NORMAL,NORMAL,LOW,LOW,ZERO,FALSE,LOW,ZERO,LOW,HIGH,FALSE,FALSE,HIGH,NORMAL,LOW,FALSE,HIGH,ZERO,NORMAL,FALSE,HIGH
TRUE,TRUE,NORMAL,FALSE,LOW,FALSE,LOW,HIGH,NORMAL,NORMAL,NORMAL,ZERO,HIGH,NORMAL,NORMAL,FALSE,NORMAL,NORMAL,NORMAL,NORMAL,LOW,FALSE,HIGH,HIGH,LOW,LOW,FALSE,FALSE,LOW,NORMAL,HIGH,FALSE,NORMAL,HIGH,NORMAL,FALSE,NORMAL
FALSE,FALSE,NORMAL,FALSE,HIGH,FALSE,LOW,LOW,NORMAL,NORMAL,NORMAL,LOW,HIGH,NORMAL,NORMAL,FALSE,LOW,NORMAL,NORMAL,NORMAL,ZERO,FALSE,LOW,ZERO,LOW,LOW,FALSE,FALSE,LOW,LOW,LOW,FALSE,NORMAL,ZERO,NORMAL,FALSE,NORMAL
FALSE,TRUE,NORMAL,FALSE,HIGH,FALSE,HIGH,HIGH,NORMAL,HIGH,NORMAL,LOW,HIGH,HIGH,NORMAL,FALSE,HIGH,NORMAL,HIGH,NORMAL,ZERO,FALSE,LOW,ZERO,LOW,HIGH,FALSE,TRUE,HIGH,HIGH,LOW,FALSE,HIGH,ZERO,NORMAL,FALSE,NORMAL
FALSE,FALSE,NORMAL,FALSE,LOW,FALSE,HIGH,NORMAL,LOW,NORMAL,NORMAL,LOW,HIGH,HIGH,NORMAL,FALSE,NORMAL,NORMAL,NORMAL,NORMAL,ZERO,FALSE,LOW,ZERO,ZERO,HIGH,FALSE,FALSE,HIGH,NORMAL,LOW,FALSE,HIGH,ZERO,NORMAL,FALSE,NORMAL
TRUE,FALSE,NORMAL,FALSE,LOW,FALSE,LOW,HIGH,NORMAL,HIGH,NORMAL,ZERO,NORMAL,NORMAL,NORMAL,FALSE,NORMAL,NORMAL,HIGH,HIGH,LOW,FALSE,HIGH,HIGH,LOW,LOW,FALSE,FALSE,LOW,NORMAL,HIGH,FALSE,NORMAL,HIGH,NORMAL,FALSE,NORMAL
FALSE,FALSE,LOW,FALSE,HIGH,FALSE,HIGH,NORMAL,NORMAL,NORMAL,NORMAL,LOW,HIGH,HIGH,NORMAL,FALSE,NORMAL,NORMAL,HIGH,NORMAL,ZERO,FALSE,LOW,NORMAL,LOW,HIGH,FALSE,FALSE,NORMAL,NORMAL,LOW,FALSE,HIGH,ZERO,NORMAL,TRUE,NORMAL
FALSE,TRUE,NORMAL,FALSE,HIGH,FALSE,LOW,NORMAL,LOW,LOW,NORMAL,LOW,HIGH,NORMAL,NORMAL,FALSE,NORMAL,NORMAL,LOW,NORMAL,ZERO,FALSE,LOW,ZERO,LOW,LOW,FALSE,FALSE,LOW,NORMAL,LOW,FALSE,NORMAL,ZERO,NORMAL,FALSE,NORMAL
FALSE,FALSE,NORMAL,FALSE,HIGH,FALSE,HIGH,HIGH,NORMAL,LOW,LOW,LOW,HIGH,NORMAL,ESOPHAGEAL,FALSE,HIGH,LOW,LOW,HIGH,LOW,FALSE,LOW,ZERO,ZERO,HIGH,FALSE,TRUE,HIGH,HIGH,LOW,FALSE,HIGH,ZERO,LOW,FALSE,NORMAL
FALSE,TRUE,NORMAL,FALSE,HIGH,FALSE,HIGH,NORMAL,NORMAL,NORMAL,NORMAL,LOW,HIGH,HIGH,NORMAL,FALSE,HIGH,NORMAL,HIGH,NORMAL,ZERO,FALSE,LOW,ZERO,LOW,HIGH,FALSE,FALSE,HIGH,NORMAL,LOW,FALSE,HIGH,ZERO,NORMAL,FALSE,NORMAL
FALSE,FALSE,NORMAL,FALSE,HIGH,FALSE,HIGH,NORMAL,NORMAL,LOW,NORMAL,LOW,HIGH,HIGH,NORMAL,FALSE,NORMAL,NORMAL,LOW,NORMAL,ZERO,FALSE,LOW,ZERO,LOW,HIGH,FALSE,FALSE,HIGH,NORMAL,LOW,FALSE,HIGH,ZERO,NORMAL,FALSE,NORMAL
FALSE,FALSE,LOW,FALSE,HIGH,FALSE,HIGH,NORMAL,NORMAL,LOW,NORMAL,LOW,HIGH,HIGH,NORMAL,FALSE,LOW,NORMAL,LOW,LOW,ZERO,FALSE,LOW,ZERO,LOW,HIGH,FALSE,FALSE,HIGH,LOW,LOW,FALSE,HIGH,ZERO,NORMAL,TRUE,NORMAL
FALSE,FALSE,HIGH,FALSE,HIGH,FALSE,NORMAL,LOW,NORMAL,HIGH,NORMAL,LOW,HIGH,HIGH,NORMAL,TRUE,HIGH,NORMAL,HIGH,NORMAL,ZERO,FALSE,LOW,ZERO,LOW,HIGH,FALSE,TRUE,HIGH,HIGH,LOW,FALSE,HIGH,ZERO,NORMAL,FALSE,NORMAL
FALSE,TRUE,NORMAL,TRUE,HIGH,TRUE,HIGH,LOW,NORMAL,NORMAL,NORMAL,LOW,HIGH,LOW,NORMAL,FALSE,LOW,NORMAL,LOW,LOW,ZERO,FALSE,LOW,ZERO,LOW,NORMAL,TRUE,FALSE,NORMAL,LOW,LOW,FALSE,HIGH,ZERO,LOW,FALSE,NORMAL
FALSE,FALSE,NORMAL,FALSE,LOW,TRUE,NORMAL,HIGH,NORMAL,HIGH,NORMAL,LOW,HIGH,NORMAL,NORMAL,TRUE,HIGH,NORMAL,HIGH,NORMAL,ZERO,FALSE,LOW,ZERO,ZERO,HIGH,FALSE,TRUE,NORMAL,HIGH,LOW,FALSE,NORMAL,ZERO,NORMAL,FALSE,NORMAL
TRUE,FALSE,NORMAL,FALSE,HIGH,TRUE,LOW,HIGH,NORMAL,LOW,NORMAL,ZERO,HIGH,NORMAL,NORMAL,TRUE,HIGH,NORMAL,NORMAL,NORMAL,ZERO,FALSE,LOW,ZERO,LOW,HIGH,FALSE,TRUE,NORMAL,HIGH,LOW,FALSE,NORMAL,ZERO,NORMAL,FALSE,NORMAL
FALSE,FALSE,HIGH,FALSE,HIGH,FALSE,HIGH,NORMAL,LOW,HIGH,NORMAL,LOW,HIGH,HIGH,NORMAL,FALSE,LOW,NORMAL,NORMAL,LOW,ZERO,FALSE,LOW,ZERO,HIGH,HIGH,FALSE,FALSE,LOW,LOW,LOW,FALSE,HIGH,ZERO,NORMAL,FALSE,NORMAL
FALSE,FALSE,NORMAL,FALSE,HIGH,TRUE,NORMAL,HIGH,NORMAL,LOW,NORMAL,LOW,HIGH,HIGH,NORMAL,TRUE,NORMAL,NORMAL,LOW,NORMAL,ZERO,TRUE,LOW,ZERO,LOW,NORMAL,FALSE,FALSE,NORMAL,NORMAL,LOW,FALSE,HIGH,ZERO,NORMAL,FALSE,NORMAL
FALSE,FALSE,NORMAL,FALSE,HIGH,TRUE,LOW,HIGH,NORMAL,LOW,NORMAL,LOW,HIGH,LOW,NORMAL,FALSE,HIGH,NORMAL,HIGH,NORMAL,ZERO,FALSE,LOW,ZERO,LOW,LOW,FALSE,TRUE,NORMAL,HIGH,LOW,FALSE,NORMAL,ZERO,LOW,FALSE,NORMAL
FALSE,FALSE,NORMAL,FALSE,HIGH,FALSE,LOW,NORMAL,NORMAL,HIGH,NORMAL,LOW,HIGH,NORMAL,NORMAL,FALSE,NORMAL,NORMAL,HIGH,NORMAL,ZERO,FALSE,LOW,ZERO,LOW,LOW,FALSE,FALSE,LOW,NORMAL,LOW,FALSE,NORMAL,ZERO,NORMAL,FALSE,NORMAL
FALSE,FALSE,NORMAL,FALSE,HIGH,FALSE,HIGH,HIGH,NORMAL,LOW,NORMAL,LOW,HIGH,HIGH,NORMAL,FALSE,NORMAL,NORMAL,LOW,NORMAL,ZERO,FALSE,LOW,ZERO,LOW,HIGH,FALSE,FALSE,HIGH,NORMAL,LOW,FALSE,HIGH,ZERO,NORMAL,FALSE,NORMAL
FALSE,FALSE,NORMAL,FALSE,HIGH,FALSE,NORMAL,LOW,NORMAL,HIGH,NORMAL,LOW,HIGH,HIGH,NORMAL,FALSE,NORMAL,NORMAL,HIGH,NORMAL,ZERO,FALSE,LOW,ZERO,LOW,HIGH,FALSE,FALSE,HIGH,NORMAL,LOW,FALSE,HIGH,ZERO,NORMAL,FALSE,NORMAL
FALSE,FALSE,HIGH,FALSE,HIGH,FALSE,HIGH,NORMAL,NORMAL,LOW,NORMAL,LOW,HIGH,HIGH,NORMAL,FALSE,NORMAL,NORMAL,LOW,NORMAL,ZERO,FALSE,LOW,ZERO,LOW,HIGH,FALSE,FALSE,LOW,NORMAL,LOW,FALSE,HIGH,ZERO,NORMAL,TRUE,NORMAL
FALSE,TRUE,NORMAL,FALSE,HIGH,FALSE,HIGH,HIGH,NORMAL,LOW,NORMAL,ZERO,HIGH,HIGH,NORMAL,FALSE,NORMAL,NORMAL,LOW,NORMAL,ZERO,FALSE,LOW,ZERO,LOW,HIGH,FALSE,FALSE,HIGH,NORMAL,LOW,FALSE,HIGH,ZERO,NORMAL,FALSE,NORMAL
FALSE,FALSE,NORMAL,FALSE,HIGH,FALSE,HIGH,HIGH,NORMAL,LOW,NORMAL,LOW,HIGH,HIGH,NORMAL,FALSE,NORMAL,NORMAL,LOW,NORMAL,ZERO,FALSE,LOW,HIGH,LOW,HIGH,FALSE,FALSE,HIGH,NORMAL,LOW,FALSE,HIGH,ZERO,NORMAL,FALSE,NORMAL
FALSE,TRUE,NORMAL,FALSE,HIGH,FALSE,HIGH,LOW,NORMAL,HIGH,NORMAL,LOW,HIGH,HIGH,NORMAL,FALSE,NORMAL,NORMAL,NORMAL,NORMAL,ZERO,FALSE,LOW,ZERO,LOW,HIGH,FALSE,FALSE,HIGH,NORMAL,LOW,FALSE,HIGH,ZERO,NORMAL,FALSE,NORMAL
FALSE,FALSE,NORMAL,FALSE,LOW,FALSE,LOW,LOW,NORMAL,NORMAL,HIGH,HIGH,NORMAL,NORMAL,NORMAL,FALSE,NORMAL,HIGH,NORMAL,NORMAL,LOW,FALSE,HIGH,HIGH,LOW,LOW,FALSE,FALSE,LOW,NORMAL,HIGH,FALSE,NORMAL,HIGH,NORMAL,FALSE,NORMAL
FALSE,TRUE,NORMAL,FALSE,HIGH,TRUE,HIGH,HIGH,NORMAL,NORMAL,NORMAL,LOW,HIGH,HIGH,NORMAL,FALSE,LOW,NORMAL,HIGH,NORMAL,ZERO,FALSE,LOW,ZERO,LOW,NORMAL,FALSE,FALSE,NORMAL,NORMAL,LOW,FALSE,HIGH,ZERO,NORMAL,FALSE,NORMAL
FALSE,FALSE,NORMAL,FALSE,HIGH,FALSE,HIGH,HIGH,NORMAL,NORMAL,NORMAL,LOW,HIGH,NORMAL,NORMAL,FALSE,HIGH,NORMAL,HIGH,HIGH,ZERO,FALSE,LOW,ZERO,LOW,HIGH,FALSE,TRUE,HIGH,HIGH,LOW,FALSE,HIGH,ZERO,NORMAL,FALSE,NORMAL
FALSE,FALSE,NORMAL,FALSE,HIGH,FALSE,HIGH,HIGH,NORMAL,LOW,NORMAL,LOW,HIGH,LOW,ONESIDED,FALSE,HIGH,NORMAL,LOW,HIGH,LOW,FALSE,LOW,LOW,NORMAL,HIGH,FALSE,TRUE,HIGH,HIGH,LOW,FALSE,HIGH,LOW,LOW,FALSE,HIGH
FALSE,FALSE,NORMAL,FALSE,HIGH,FALSE,HIGH,HIGH,NORMAL,NORMAL,ZERO,ZERO,HIGH,NORMAL,NORMAL,FALSE,LOW,LOW,NORMAL,LOW,ZERO,FALSE,LOW,ZERO,LOW,HIGH,FALSE,FALSE,HIGH,LOW,LOW,FALSE,HIGH,ZERO,NORMAL,FALSE,NORMAL
FALSE,FALSE,NORMAL,FALSE,HIGH,FALSE,HIGH,NORMAL,NORMAL,NORMAL,NORMAL,LOW,HIGH,NORMAL,NORMAL,FALSE,HIGH,NORMAL,HIGH,NORMAL,ZERO,FALSE,LOW,ZERO,LOW,HIGH,FALSE,FALSE,HIGH,HIGH,LOW,FALSE,HIGH,ZERO,NORMAL,FALSE,NORMAL
FALSE,FALSE,NORMAL,FALSE,LOW,FALSE,NORMAL,LOW,NORMAL,HIGH,NORMAL,LOW,NORMAL,LOW,NORMAL,FALSE,NORMAL,NORMAL,HIGH,NORMAL,ZERO,FALSE,HIGH,ZERO,ZERO,LOW,FALSE,FALSE,HIGH,NORMAL,HIGH,FALSE,LOW,HIGH,NORMAL,FALSE,NORMAL
FALSE,FALSE,NORMAL,FALSE,HIGH,FALSE,HIGH,HIGH,NORMAL,HIGH,NORMAL,LOW,HIGH,HIGH,NORMAL,FALSE,NORMAL,NORMAL,NORMAL,NORMAL,ZERO,FALSE,LOW,ZERO,LOW,HIGH,FALSE,FALSE,HIGH,NORMAL,LOW,FALSE,HIGH,ZERO,NORMAL,FALSE,NORMAL
FALSE,FALSE,NORMAL,FALSE,LOW,TRUE,HIGH,LOW,NORMAL,LOW,NORMAL,LOW,HIGH,HIGH,NORMAL,FALSE,HIGH,NORMAL,LOW,NORMAL,LOW,FALSE,HIGH,HIGH,LOW,HIGH,FALSE,TRUE,NORMAL,HIGH,HIGH,FALSE,HIGH,HIGH,NORMAL,FALSE,NORMAL
TRUE,FALSE,NORMAL,FALSE,NORMAL,FALSE,HIGH,LOW,NORMAL,HIGH,NORMAL,ZERO,HIGH,HIGH,ONESIDED,FALSE,NORMAL,NORMAL,NORMAL,NORMAL,ZERO,FALSE,NORMAL,NORMAL,LOW,HIGH,FALSE,TRUE,HIGH,NORMAL,LOW,FALSE,HIGH,NORMAL,NORMAL,FALSE,HIGH
FALSE,FALSE,NORMAL,FALSE,HIGH,FALSE,LOW,NORMAL,NORMAL,HIGH,NORMAL,LOW,HIGH,NORMAL,NORMAL,FALSE,NORMAL,NORMAL,HIGH,NORMAL,ZERO,FALSE,LOW,ZERO,LOW,LOW,FALSE,FALSE,LOW,NORMAL,LOW,FALSE,NORMAL,ZERO,NORMAL,FALSE,NORMAL
FALSE,FALSE,NORMAL,FALSE,HIGH,FALSE,HIGH,NORMAL,NORMAL,HIGH,NORMAL,LOW,HIGH,HIGH,NORMAL,FALSE,NORMAL,NORMAL,HIGH,NORMAL,ZERO,FALSE,LOW,ZERO,LOW,HIGH,FALSE,FALSE,NORMAL,NORMAL,LOW,FALSE,HIGH,ZERO,NORMAL,FALSE,NORMAL
FALSE,FALSE,NORMAL,FALSE,HIGH,FALSE,HIGH,LOW,NORMAL,LOW,NORMAL,LOW,HIGH,HIGH,NORMAL,FALSE,NORMAL,NORMAL,LOW,NORMAL,ZERO,FALSE,LOW,ZERO,LOW,HIGH,FALSE,FALSE,HIGH,NORMAL,LOW,FALSE,HIGH,ZERO,NORMAL,FALSE,NORMAL
TRUE,FALSE,LOW,FALSE,LOW,FALSE,HIGH,ZERO,NORMAL,NORMAL,NORMAL,ZERO,HIGH,HIGH,NORMAL,FALSE,NORMAL,NORMAL,NORMAL,NORMAL,ZERO,FALSE,HIGH,ZERO,ZERO,HIGH,FALSE,FALSE,HIGH,NORMAL,HIGH,FALSE,HIGH,HIGH,NORMAL,TRUE,NORMAL
TRUE,FALSE,NORMAL,FALSE,LOW,FALSE,LOW,HIGH,NORMAL,LOW,NORMAL,ZERO,HIGH,NORMAL,NORMAL,FALSE,NORMAL,NORMAL,LOW,NORMAL,LOW,FALSE,HIGH,ZERO,LOW,LOW,FALSE,FALSE,LOW,NORMAL,HIGH,FALSE,NORMAL,HIGH,NORMAL,FALSE,NORMAL
FALSE,FALSE,HIGH,FALSE,HIGH,FALSE,HIGH,NORMAL,NORMAL,NORMAL,NORMAL,LOW,HIGH,HIGH,NORMAL,FALSE,NORMAL,NORMAL,LOW,NORMAL,ZERO,FALSE,LOW,ZERO,LOW,HIGH,FALSE,FALSE,HIGH,NORMAL,LOW,FALSE,HIGH,ZERO,NORMAL,FALSE,NORMAL
FALSE,FALSE,NORMAL,FALSE,HIGH,FALSE,HIGH,HIGH,NORMAL,LOW,NORMAL,LOW,HIGH,LOW,NORMAL,FALSE,LOW,NORMAL,NORMAL,LOW,ZERO,FALSE,LOW,ZERO,LOW,HIGH,TRUE,FALSE,HIGH,LOW,LOW,FALSE,HIGH,ZERO,LOW,FALSE,NORMAL
FALSE,FALSE,NORMAL,FALSE,HIGH,TRUE,HIGH,NORMAL,NORMAL,HIGH,NORMAL,LOW,HIGH,HIGH,NORMAL,FALSE,HIGH,NORMAL,NORMAL,HIGH,ZERO,FALSE,LOW,ZERO,LOW,NORMAL,FALSE,TRUE,NORMAL,HIGH,LOW,FALSE,HIGH,ZERO,NORMAL,FALSE,NORMAL
TRUE,FALSE,NORMAL,FALSE,LOW,FALSE,LOW,HIGH,NORMAL,HIGH,NORMAL,ZERO,NORMAL,NORMAL,NORMAL,FALSE,NORMAL,NORMAL,HIGH,NORMAL,LOW,FALSE,HIGH,HIGH,LOW,LOW,FALSE,FALSE,LOW,NORMAL,HIGH,FALSE,NORMAL,HIGH,NORMAL,FALSE,NORMAL
FALSE,FALSE,HIGH,FALSE,HIGH,FALSE,HIGH,NORMAL,NORMAL,HIGH,NORMAL,LOW,HIGH,HIGH,NORMAL,FALSE,NORMAL,NORMAL,NORMAL,NORMAL,ZERO,FALSE,LOW,ZERO,LOW,HIGH,FALSE,FALSE,HIGH,NORMAL,LOW,FALSE,HIGH,ZERO,NORMAL,FALSE,NORMAL
FALSE,FALSE,NORMAL,FALSE,NORMAL,FALSE,LOW,HIGH,NORMAL,LOW,NORMAL,LOW,HIGH,NORMAL,ONESIDED,FALSE,NORMAL,NORMAL,LOW,LOW,ZERO,FALSE,NORMAL,NORMAL,LOW,LOW,FALSE,FALSE,LOW,NORMAL,LOW,FALSE,NORMAL,NORMAL,NORMAL,FALSE,HIGH
FALSE,FALSE,NORMAL,FALSE,LOW,FALSE,HIGH,HIGH,NORMAL,HIGH,NORMAL,LOW,HIGH,HIGH,NORMAL,FALSE,LOW,NORMAL,NORMAL,LOW,ZERO,FALSE,LOW,ZERO,ZERO,HIGH,FALSE,FALSE,HIGH,LOW,LOW,FALSE,HIGH,ZERO,NORMAL,FALSE,NORMAL
FALSE,FALSE,NORMAL,FALSE,LOW,FALSE,HIGH,LOW,NORMAL,HIGH,HIGH,HIGH,HIGH,HIGH,NORMAL,FALSE,NORMAL,HIGH,NORMAL,NORMAL,LOW,FALSE,HIGH,HIGH,LOW,HIGH,FALSE,FALSE,HIGH,NORMAL,HIGH,FALSE,HIGH,HIGH,NORMAL,FALSE,NORMAL
TRUE,FALSE,NORMAL,FALSE,HIGH,FALSE,HIGH,HIGH,NORMAL,NORMAL,LOW,ZERO,HIGH,HIGH,NORMAL,FALSE,HIGH,LOW,NORMAL,HIGH,ZERO,FALSE,LOW,ZERO,LOW,HIGH,FALSE,TRUE,HIGH,HIGH,LOW,FALSE,HIGH,ZERO,NORMAL,FALSE,NORMAL
TRUE,FALSE,NORMAL,FALSE,NORMAL,FALSE,HIGH,ZERO,NORMAL,NORMAL,NORMAL,NORMAL,HIGH,HIGH,ONESIDED,FALSE,NORMAL,NORMAL,NORMAL,NORMAL,ZERO,FALSE,LOW,NORMAL,LOW,HIGH,FALSE,FALSE,HIGH,NORMAL,LOW,FALSE,HIGH,NORMAL,NORMAL,FALSE,HIGH
FALSE,TRUE,NORMAL,FALSE,HIGH,FALSE,HIGH,NORMAL,NORMAL,HIGH,NORMAL,LOW,HIGH,HIGH,NORMAL,FALSE,NORMAL,NORMAL,NORMAL,NORMAL,ZERO,FALSE,LOW,ZERO,LOW,HIGH,FALSE,FALSE,HIGH,NORMAL,LOW,FALSE,HIGH,ZERO,NORMAL,FALSE,NORMAL
FALSE,FALSE,NORMAL,TRUE,HIGH,TRUE,LOW,HIGH,NORMAL,LOW,NORMAL,LOW,HIGH,LOW,NORMAL,FALSE,LOW,NORMAL,NORMAL,LOW,ZERO,FALSE,LOW,ZERO,LOW,NORMAL,TRUE,FALSE,HIGH,LOW,LOW,FALSE,NORMAL,ZERO,LOW,FALSE,NORMAL
FALSE,FALSE,NORMAL,FALSE,HIGH,FALSE,HIGH,NORMAL,NORMAL,LOW,NORMAL,LOW,HIGH,LOW,NORMAL,FALSE,HIGH,NORMAL,NORMAL,HIGH,ZERO,FALSE,LOW,ZERO,LOW,HIGH,FALSE,TRUE,HIGH,HIGH,LOW,FALSE,HIGH,ZERO,LOW,FALSE,NORMAL
FALSE,FALSE,NORMAL,FALSE,HIGH,FALSE,HIGH,LOW,NORMAL,HIGH,NORMAL,LOW,HIGH,HIGH,NORMAL,FALSE,NORMAL,NORMAL,HIGH,NORMAL,ZERO,FALSE,LOW,ZERO,LOW,HIGH,FALSE,FALSE,HIGH,NORMAL,LOW,FALSE,HIGH,ZERO,NORMAL,FALSE,NORMAL
FALSE,FALSE,NORMAL,FALSE,HIGH,FALSE,HIGH,ZERO,NORMAL,NORMAL,LOW,ZERO,HIGH,LOW,NORMAL,FALSE,NORMAL,NORMAL,HIGH,LOW,ZERO,FALSE,LOW,ZERO,LOW,HIGH,FALSE,FALSE,HIGH,NORMAL,LOW,FALSE,HIGH,ZERO,LOW,TRUE,NORMAL
FALSE,FALSE,NORMAL,FALSE,HIGH,FALSE,HIGH,NORMAL,NORMAL,LOW,NORMAL,LOW,HIGH,HIGH,NORMAL,FALSE,NORMAL,NORMAL,LOW,NORMAL,ZERO,FALSE,LOW,ZERO,LOW,HIGH,FALSE,FALSE,HIGH,NORMAL,LOW,FALSE,HIGH,ZERO,NORMAL,FALSE,NORMAL
FALSE,FALSE,NORMAL,FALSE,LOW,FALSE,HIGH,LOW,NORMAL,LOW,HIGH,HIGH,HIGH,LOW,NORMAL,FALSE,HIGH,HIGH,NORMAL,HIGH,LOW,FALSE,HIGH,HIGH,LOW,HIGH,FALSE,TRUE,HIGH,HIGH,HIGH,FALSE,HIGH,HIGH,LOW,FALSE,NORMAL
TRUE,FALSE,NORMAL,FALSE,LOW,FALSE,HIGH,HIGH,NORMAL,NORMAL,NORMAL,ZERO,HIGH,HIGH,NORMAL,FALSE,NORMAL,NORMAL,LOW,NORMAL,LOW,FALSE,HIGH,HIGH,LOW,HIGH,FALSE,FALSE,HIGH,NORMAL,HIGH,FALSE,HIGH,HIGH,NORMAL,FALSE,NORMAL
FALSE,FALSE,HIGH,FALSE,LOW,FALSE,HIGH,HIGH,NORMAL,LOW,ZERO,ZERO,HIGH,LOW,NORMAL,FALSE,HIGH,NORMAL,LOW,HIGH,LOW,FALSE,HIGH,HIGH,LOW,HIGH,FALSE,TRUE,HIGH,HIGH,HIGH,FALSE,HIGH,HIGH,LOW,FALSE,NORMAL
TRUE,FALSE,NORMAL,FALSE,LOW,FALSE,LOW,HIGH,NORMAL,NORMAL,NORMAL,ZERO,NORMAL,NORMAL,NORMAL,FALSE,NORMAL,NORMAL,NORMAL,NORMAL,LOW,FALSE,HIGH,HIGH,LOW,LOW,FALSE,FALSE,LOW,NORMAL,HIGH,FALSE,NORMAL,HIGH,NORMAL,FALSE,NORMAL
FALSE,FALSE,NORMAL,FALSE,HIGH,FALSE,LOW,HIGH,LOW,LOW,NORMAL,LOW,HIGH,NORMAL,NORMAL,FALSE,LOW,NORMAL,LOW,NORMAL,ZERO,FALSE,LOW,ZERO,LOW,LOW,FALSE,FALSE,HIGH,NORMAL,LOW,FALSE,NORMAL,ZERO,NORMAL,FALSE,NORMAL
FALSE,FALSE,NORMAL,FALSE,HIGH,FALSE,HIGH,HIGH,NORMAL,LOW,NORMAL,LOW,HIGH,HIGH,ONESIDED,FALSE,NORMAL,NORMAL,LOW,NORMAL,LOW,FALSE,LOW,ZERO,NORMAL,HIGH,FALSE,FALSE,HIGH,NORMAL,LOW,FALSE,HIGH,LOW,NORMAL,FALSE,HIGH
FALSE,FALSE,NORMAL,TRUE,LOW,FALSE,LOW,HIGH,NORMAL,NORMAL,LOW,ZERO,NORMAL,LOW,NORMAL,FALSE,LOW,LOW,HIGH,LOW,LOW,FALSE,HIGH,HIGH,LOW,LOW,TRUE,FALSE,LOW,LOW,HIGH,FALSE,NORMAL,HIGH,LOW,FALSE,NORMAL
FALSE,FALSE,NORMAL,FALSE,LOW,FALSE,HIGH,NORMAL,NORMAL,HIGH,HIGH,HIGH,HIGH,HIGH,ESOPHAGEAL,FALSE,NORMAL,HIGH,NORMAL,NORMAL,NORMAL,FALSE,HIGH,HIGH,NORMAL,HIGH,FALSE,FALSE,HIGH,NORMAL,HIGH,FALSE,HIGH,HIGH,HIGH,FALSE,NORMAL
TRUE,FALSE,NORMAL,FALSE,LOW,FALSE,LOW,HIGH,NORMAL,HIGH,NORMAL,ZERO,NORMAL,HIGH,NORMAL,FALSE,NORMAL,NORMAL,NORMAL,NORMAL,LOW,FALSE,HIGH,HIGH,LOW,NORMAL,FALSE,FALSE,NORMAL,NORMAL,HIGH,FALSE,LOW,HIGH,NORMAL,FALSE,NORMAL
FALSE,FALSE,NORMAL,FALSE,HIGH,FALSE,HIGH,HIGH,NORMAL,NORMAL,NORMAL,LOW,HIGH,LOW,NORMAL,FALSE,NORMAL,NORMAL,HIGH,NORMAL,ZERO,FALSE,LOW,ZERO,LOW,HIGH,FALSE,TRUE,HIGH,NORMAL,LOW,FALSE,HIGH,ZERO,LOW,FALSE,NORMAL
FALSE,FALSE,NORMAL,FALSE,HIGH,FALSE,HIGH,HIGH,NORMAL,LOW,NORMAL,LOW,HIGH,HIGH,NORMAL,FALSE,NORMAL,NORMAL,LOW,NORMAL,ZERO,FALSE,LOW,ZERO,LOW,HIGH,FALSE,FALSE,HIGH,NORMAL,LOW,FALSE,HIGH,ZERO,NORMAL,FALSE,NORMAL
FALSE,FALSE,NORMAL,FALSE,LOW,FALSE,LOW,LOW,NORMAL,NORMAL,HIGH,HIGH,NORMAL,LOW,NORMAL,FALSE,NORMAL,NORMAL,HIGH,NORMAL,LOW,FALSE,HIGH,HIGH,LOW,LOW,FALSE,FALSE,LOW,NORMAL,HIGH,FALSE,NORMAL,HIGH,LOW,FALSE,NORMAL
FALSE,TRUE,NORMAL,FALSE,HIGH,FALSE,HIGH,NORMAL,LOW,HIGH,NORMAL,LOW,HIGH,HIGH,NORMAL,FALSE,LOW,NORMAL,NORMAL,LOW,ZERO,FALSE,LOW,ZERO,LOW,HIGH,FALSE,FALSE,HIGH,LOW,LOW,FALSE,HIGH,ZERO,NORMAL,TRUE,NORMAL
FALSE,FALSE,NORMAL,FALSE,HIGH,FALSE,NORMAL,HIGH,NORMAL,NORMAL,NORMAL,LOW,HIGH,HIGH,NORMAL,FALSE,NORMAL,NORMAL,NORMAL,NORMAL,ZERO,FALSE,LOW,ZERO,LOW,NORMAL,FALSE,FALSE,HIGH,NORMAL,LOW,FALSE,HIGH,ZERO,NORMAL,TRUE,NORMAL
FALSE,TRUE,NORMAL,FALSE,HIGH,FALSE,HIGH,LOW,NORMAL,NORMAL,NORMAL,LOW,HIGH,LOW,NORMAL,FALSE,HIGH,NORMAL,HIGH,HIGH,ZERO,FALSE,LOW,ZERO,LOW,HIGH,FALSE,TRUE,NORMAL,HIGH,LOW,FALSE,HIGH,ZERO,LOW,FALSE,NORMAL
FALSE,FALSE,NORMAL,FALSE,HIGH,FALSE,HIGH,LOW,NORMAL,HIGH,NORMAL,LOW,HIGH,HIGH,NORMAL,FALSE,LOW,NORMAL,NORMAL,LOW,ZERO,FALSE,LOW,ZERO,LOW,HIGH,FALSE,FALSE,HIGH,LOW,LOW,FALSE,HIGH,ZERO,NORMAL,FALSE,NORMAL
FALSE,FALSE,NORMAL,FALSE,HIGH,FALSE,HIGH,HIGH,NORMAL,HIGH,NORMAL,LOW,HIGH,HIGH,NORMAL,FALSE,NORMAL,NORMAL,NORMAL,NORMAL,ZERO,FALSE,LOW,ZERO,LOW,HIGH,FALSE,FALSE,HIGH,NORMAL,LOW,FALSE,HIGH,ZERO,NORMAL,FALSE,NORMAL
FALSE,TRUE,NORMAL,FALSE,HIGH,FALSE,LOW,HIGH,NORMAL,LOW,NORMAL,LOW,HIGH,LOW,NORMAL,FALSE,NORMAL,NORMAL,LOW,NORMAL,ZERO,FALSE,LOW,ZERO,LOW,LOW,FALSE,FALSE,LOW,NORMAL,LOW,FALSE,NORMAL,ZERO,NORMAL,FALSE,NORMAL
FALSE,FALSE,NORMAL,FALSE,HIGH,FALSE,HIGH,HIGH,NORMAL,HIGH,NORMAL,LOW,HIGH,HIGH,NORMAL,FALSE,NORMAL,NORMAL,NORMAL,NORMAL,ZERO,FALSE,LOW,ZERO,LOW,HIGH,FALSE,FALSE,HIGH,NORMAL,LOW,FALSE,HIGH,ZERO,NORMAL,TRUE,NORMAL
FALSE,FALSE,NORMAL,FALSE,HIGH,FALSE,HIGH,ZERO,NORMAL,NORMAL,NORMAL,LOW,HIGH,HIGH,NORMAL,FALSE,NORMAL,NORMAL,NORMAL,NORMAL,ZERO,FALSE,LOW,ZERO,LOW,HIGH,FALSE,FALSE,HIGH,NORMAL,LOW,FALSE,HIGH,ZERO,NORMAL,TRUE,NORMAL
FALSE,FALSE,NORMAL,FALSE,HIGH,FALSE,HIGH,HIGH,NORMAL,LOW,LOW,ZERO,HIGH,HIGH,NORMAL,FALSE,NORMAL,LOW,NORMAL,NORMAL,ZERO,FALSE,LOW,ZERO,LOW,HIGH,FALSE,FALSE,HIGH,NORMAL,LOW,FALSE,HIGH,ZERO,NORMAL,FALSE,NORMAL
TRUE,FALSE,NORMAL,FALSE,LOW,FALSE,HIGH,HIGH,NORMAL,HIGH,NORMAL,ZERO,HIGH,HIGH,NORMAL,FALSE,HIGH,NORMAL,NORMAL,HIGH,LOW,FALSE,HIGH,HIGH,LOW,HIGH,FALSE,TRUE,HIGH,HIGH,HIGH,FALSE,HIGH,HIGH,HIGH,FALSE,NORMAL
FALSE,FALSE,NORMAL,TRUE,HIGH,FALSE,HIGH,LOW,NORMAL,NORMAL,NORMAL,LOW,HIGH,NORMAL,NORMAL,FALSE,LOW,NORMAL,NORMAL,LOW,ZERO,FALSE,LOW,ZERO,LOW,HIGH,TRUE,FALSE,NORMAL,LOW,LOW,FALSE,HIGH,ZERO,LOW,FALSE,NORMAL
FALSE,FALSE,NORMAL,TRUE,HIGH,FALSE,HIGH,HIGH,NORMAL,LOW,NORMAL,LOW,HIGH,NORMAL,NORMAL,FALSE,LOW,NORMAL,LOW,NORMAL,ZERO,FALSE,LOW,ZERO,LOW,HIGH,TRUE,FALSE,HIGH,LOW,LOW,FALSE,HIGH,ZERO,LOW,FALSE,NORMAL
FALSE,FALSE,NORMAL,FALSE,NORMAL,FALSE,HIGH,HIGH,NORMAL,NORMAL,NORMAL,LOW,HIGH,HIGH,ONESIDED,FALSE,NORMAL,NORMAL,NORMAL,NORMAL,ZERO,FALSE,LOW,NORMAL,LOW,HIGH,FALSE,FALSE,HIGH,NORMAL,LOW,FALSE,HIGH,NORMAL,NORMAL,FALSE,HIGH
FALSE,FALSE,NORMAL,FALSE,LOW,FALSE,HIGH,LOW,NORMAL,HIGH,HIGH,HIGH,HIGH,HIGH,NORMAL,FALSE,HIGH,HIGH,NORMAL,HIGH,LOW,FALSE,HIGH,HIGH,LOW,HIGH,FALSE,TRUE,HIGH,HIGH,HIGH,FALSE,HIGH,HIGH,NORMAL,FALSE,NORMAL
FALSE,FALSE,NORMAL,FALSE,HIGH,FALSE,HIGH,HIGH,NORMAL,HIGH,NORMAL,LOW,HIGH,HIGH,ONESIDED,FALSE,NORMAL,NORMAL,NORMAL,NORMAL,LOW,FALSE,LOW,LOW,NORMAL,HIGH,FALSE,FALSE,HIGH,NORMAL,LOW,FALSE,HIGH,LOW,NORMAL,FALSE,HIGH
FALSE,FALSE,NORMAL,FALSE,LOW,FALSE,HIGH,HIGH,NORMAL,LOW,LOW,ZERO,HIGH,HIGH,NORMAL,FALSE,NORMAL,LOW,LOW,NORMAL,LOW,FALSE,HIGH,HIGH,LOW,HIGH,FALSE,TRUE,HIGH,NORMAL,HIGH,FALSE,HIGH,HIGH,NORMAL,FALSE,NORMAL
FALSE,TRUE,LOW,FALSE,HIGH,FALSE,HIGH,LOW,NORMAL,HIGH,NORMAL,LOW,HIGH,HIGH,NORMAL,FALSE,NORMAL,NORMAL,NORMAL,NORMAL,ZERO,FALSE,LOW,ZERO,LOW,NORMAL,FALSE,FALSE,HIGH,NORMAL,LOW,FALSE,HIGH,ZERO,NORMAL,FALSE,NORMAL
FALSE,FALSE,NORMAL,FALSE,HIGH,FALSE,HIGH,HIGH,NORMAL,LOW,NORMAL,LOW,HIGH,HIGH,NORMAL,FALSE,NORMAL,NORMAL,LOW,NORMAL,ZERO,TRUE,LOW,ZERO,LOW,HIGH,FALSE,FALSE,HIGH,NORMAL,LOW,FALSE,HIGH,ZERO,NORMAL,FALSE,NORMAL
FALSE,TRUE,NORMAL,FALSE,HIGH,FALSE,HIGH,LOW,NORMAL,HIGH,NORMAL,LOW,HIGH,LOW,NORMAL,FALSE,HIGH,NORMAL,HIGH,NORMAL,ZERO,FALSE,LOW,ZERO,LOW,HIGH,FALSE,TRUE,HIGH,HIGH,LOW,FALSE,HIGH,ZERO,LOW,FALSE,NORMAL
FALSE,TRUE,NORMAL,FALSE,NORMAL,FALSE,HIGH,LOW,NORMAL,NORMAL,HIGH,HIGH,HIGH,HIGH,NORMAL,FALSE,NORMAL,HIGH,NORMAL,NORMAL,LOW,FALSE,HIGH,HIGH,ZERO,HIGH,FALSE,FALSE,HIGH,NORMAL,HIGH,FALSE,HIGH,HIGH,NORMAL,FALSE,NORMAL
FALSE,TRUE,NORMAL,FALSE,HIGH,FALSE,HIGH,HIGH,NORMAL,HIGH,NORMAL,LOW,HIGH,HIGH,NORMAL,FALSE,NORMAL,NORMAL,NORMAL,NORMAL,HIGH,FALSE,LOW,LOW,HIGH,HIGH,FALSE,FALSE,HIGH,NORMAL,LOW,FALSE,HIGH,LOW,NORMAL,FALSE,NORMAL
FALSE,FALSE,NORMAL,FALSE,LOW,FALSE,HIGH,NORMAL,NORMAL,LOW,HIGH,HIGH,HIGH,HIGH,NORMAL,FALSE,NORMAL,HIGH,LOW,NORMAL,LOW,FALSE,HIGH,HIGH,LOW,HIGH,FALSE,FALSE,HIGH,NORMAL,NORMAL,FALSE,HIGH,HIGH,NORMAL,FALSE,NORMAL
FALSE,FALSE,NORMAL,FALSE,HIGH,FALSE,HIGH,ZERO,NORMAL,NORMAL,LOW,ZERO,HIGH,LOW,NORMAL,FALSE,NORMAL,LOW,HIGH,NORMAL,ZERO,FALSE,LOW,ZERO,LOW,HIGH,FALSE,FALSE,HIGH,NORMAL,LOW,FALSE,HIGH,ZERO,LOW,TRUE,NORMAL
FALSE,FALSE,NORMAL,FALSE,HIGH,FALSE,HIGH,HIGH,NORMAL,LOW,NORMAL,LOW,HIGH,HIGH,NORMAL,FALSE,NORMAL,NORMAL,LOW,NORMAL,ZERO,FALSE,LOW,ZERO,LOW,HIGH,FALSE,FALSE,HIGH,NORMAL,LOW,FALSE,HIGH,ZERO,NORMAL,FALSE,NORMAL
FALSE,FALSE,NORMAL,FALSE,NORMAL,FALSE,LOW,HIGH,NORMAL,HIGH,NORMAL,LOW,NORMAL,NORMAL,ONESIDED,FALSE,NORMAL,NORMAL,HIGH,NORMAL,ZERO,FALSE,LOW,NORMAL,HIGH,LOW,FALSE,FALSE,LOW,NORMAL,LOW,FALSE,NORMAL,NORMAL,NORMAL,FALSE,HIGH
FALSE,FALSE,NORMAL,FALSE,HIGH,FALSE,LOW,HIGH,NORMAL,NORMAL,NORMAL,LOW,HIGH,NORMAL,NORMAL,FALSE,NORMAL,NORMAL,NORMAL,NORMAL,ZERO,FALSE,LOW,ZERO,LOW,LOW,FALSE,FALSE,LOW,NORMAL,LOW,FALSE,NORMAL,ZERO,NORMAL,FALSE,HIGH
FALSE,TRUE,NORMAL,FALSE,HIGH,FALSE,NORMAL,HIGH,NORMAL,NORMAL,NORMAL,LOW,HIGH,NORMAL,ESOPHAGEAL,TRUE,NORMAL,NORMAL,NORMAL,NORMAL,ZERO,FALSE,LOW,LOW,LOW,HIGH,FALSE,FALSE,HIGH,NORMAL,LOW,FALSE,HIGH,LOW,LOW,FALSE,NORMAL
FALSE,FALSE,NORMAL,FALSE,HIGH,FALSE,HIGH,HIGH,NORMAL,LOW,NORMAL,LOW,HIGH,HIGH,NORMAL,FALSE,NORMAL,NORMAL,LOW,NORMAL,ZERO,FALSE,LOW,ZERO,LOW,HIGH,FALSE,FALSE,HIGH,NORMAL,LOW,FALSE,HIGH,ZERO,NORMAL,FALSE,NORMAL
FALSE,FALSE,NORMAL,FALSE,HIGH,TRUE,HIGH,NORMAL,NORMAL,NORMAL,NORMAL,LOW,HIGH,LOW,NORMAL,FALSE,HIGH,NORMAL,HIGH,HIGH,ZERO,FALSE,LOW,ZERO,LOW,NORMAL,FALSE,TRUE,NORMAL,HIGH,LOW,FALSE,HIGH,ZERO,NORMAL,FALSE,NORMAL
FALSE,FALSE,NORMAL,FALSE,LOW,FALSE,HIGH,LOW,NORMAL,NORMAL,NORMAL,LOW,HIGH,HIGH,NORMAL,FALSE,HIGH,NORMAL,NORMAL,NORMAL,ZERO,FALSE,LOW,ZERO,ZERO,HIGH,FALSE,TRUE,HIGH,HIGH,LOW,FALSE,HIGH,ZERO,NORMAL,FALSE,NORMAL
FALSE,FALSE,NORMAL,FALSE,HIGH,FALSE,HIGH,HIGH,NORMAL,LOW,NORMAL,LOW,HIGH,LOW,ESOPHAGEAL,FALSE,NORMAL,NORMAL,NORMAL,NORMAL,ZERO,FALSE,LOW,LOW,LOW,HIGH,FALSE,FALSE,HIGH,NORMAL,LOW,FALSE,HIGH,LOW,LOW,FALSE,NORMAL
FALSE,FALSE,NORMAL,FALSE,HIGH,FALSE,HIGH,NORMAL,NORMAL,HIGH,NORMAL,LOW,HIGH,HIGH,NORMAL,FALSE,NORMAL,NORMAL,NORMAL,NORMAL,ZERO,FALSE,LOW,ZERO,LOW,HIGH,FALSE,FALSE,HIGH,NORMAL,LOW,FALSE,HIGH,ZERO,NORMAL,FALSE,NORMAL
FALSE,FALSE,NORMAL,FALSE,HIGH,FALSE,HIGH,NORMAL,NORMAL,NORMAL,NORMAL,LOW,HIGH,HIGH,NORMAL,FALSE,NORMAL,NORMAL,NORMAL,NORMAL,ZERO,FALSE,LOW,ZERO,LOW,HIGH,FALSE,FALSE,HIGH,NORMAL,LOW,FALSE,HIGH,ZERO,HIGH,FALSE,NORMAL
FALSE,TRUE,NORMAL,FALSE,HIGH,FALSE,HIGH,LOW,NORMAL,HIGH,NORMAL,LOW,HIGH,NORMAL,NORMAL,FALSE,HIGH,NORMAL,HIGH,HIGH,ZERO,FALSE,LOW,ZERO,LOW,HIGH,FALSE,TRUE,HIGH,HIGH,LOW,FALSE,HIGH,ZERO,LOW,FALSE,NORMAL
FALSE,FALSE,NORMAL,FALSE,HIGH,FALSE,HIGH,HIGH,NORMAL,NORMAL,ZERO,ZERO,HIGH,HIGH,NORMAL,FALSE,HIGH,NORMAL,NORMAL,HIGH,ZERO,FALSE,LOW,ZERO,LOW,HIGH,FALSE,TRUE,NORMAL,HIGH,LOW,FALSE,HIGH,ZERO,NORMAL,FALSE,NORMAL
TRUE,FALSE,NORMAL,FALSE,LOW,TRUE,HIGH,HIGH,NORMAL,HIGH,NORMAL,ZERO,NORMAL,HIGH,NORMAL,FALSE,NORMAL,NORMAL,HIGH,NORMAL,LOW,FALSE,HIGH,HIGH,LOW,NORMAL,FALSE,FALSE,NORMAL,NORMAL,LOW,FALSE,HIGH,HIGH,NORMAL,FALSE,HIGH
FALSE,FALSE,NORMAL,FALSE,HIGH,FALSE,HIGH,NORMAL,NORMAL,NORMAL,NORMAL,LOW,HIGH,LOW,NORMAL,FALSE,NORMAL,NORMAL,HIGH,NORMAL,ZERO,FALSE,LOW,ZERO,LOW,HIGH,FALSE,FALSE,HIGH,NORMAL,LOW,FALSE,HIGH,ZERO,LOW,FALSE,NORMAL
FALSE,FALSE,NORMAL,TRUE,HIGH,FALSE,NORMAL,LOW,NORMAL,LOW,NORMAL,LOW,HIGH,LOW,NORMAL,TRUE,LOW,NORMAL,LOW,LOW,ZERO,FALSE,LOW,ZERO,LOW,HIGH,TRUE,FALSE,HIGH,LOW,LOW,FALSE,HIGH,ZERO,LOW,FALSE,NORMAL
TRUE,FALSE,NORMAL,FALSE,LOW,FALSE,NORMAL,HIGH,NORMAL,HIGH,NORMAL,ZERO,NORMAL,NORMAL,NORMAL,TRUE,NORMAL,NORMAL,HIGH,NORMAL,LOW,FALSE,HIGH,HIGH,LOW,LOW,FALSE,FALSE,LOW,NORMAL,HIGH,FALSE,NORMAL,HIGH,NORMAL,FALSE,NORMAL
FALSE,FALSE,NORMAL,TRUE,HIGH,FALSE,LOW,NORMAL,NORMAL,NORMAL,NORMAL,LOW,HIGH,LOW,NORMAL,FALSE,LOW,NORMAL,HIGH,LOW,ZERO,FALSE,LOW,ZERO,LOW,LOW,TRUE,FALSE,LOW,LOW,LOW,FALSE,NORMAL,ZERO,LOW,FALSE,NORMAL
FALSE,TRUE,NORMAL,FALSE,HIGH,FALSE,HIGH,HIGH,NORMAL,HIGH,NORMAL,LOW,HIGH,HIGH,NORMAL,FALSE,NORMAL,NORMAL,NORMAL,NORMAL,ZERO,FALSE,LOW,ZERO,LOW,HIGH,FALSE,FALSE,HIGH,NORMAL,LOW,FALSE,HIGH,ZERO,NORMAL,FALSE,NORMAL
TRUE,FALSE,NORMAL,FALSE,LOW,FALSE,HIGH,HIGH,NORMAL,LOW,NORMAL,ZERO,HIGH,HIGH,NORMAL,FALSE,NORMAL,NORMAL,LOW,NORMAL,LOW,FALSE,HIGH,HIGH,LOW,HIGH,FALSE,FALSE,HIGH,NORMAL,HIGH,FALSE,HIGH,HIGH,HIGH,FALSE,NORMAL
FALSE,FALSE,NORMAL,FALSE,HIGH,FALSE,HIGH,LOW,NORMAL,HIGH,NORMAL,LOW,HIGH,HIGH,NORMAL,FALSE,NORMAL,NORMAL,HIGH,NORMAL,ZERO,FALSE,LOW,ZERO,LOW,HIGH,FALSE,FALSE,HIGH,NORMAL,LOW,FALSE,HIGH,ZERO,NORMAL,FALSE,NORMAL
FALSE,FALSE,NORMAL,FALSE,HIGH,FALSE,NORMAL,LOW,NORMAL,LOW,NORMAL,LOW,HIGH,HIGH,NORMAL,TRUE,LOW,NORMAL,LOW,LOW,ZERO,FALSE,LOW,ZERO,LOW,HIGH,FALSE,FALSE,HIGH,LOW,LOW,FALSE,HIGH,ZERO,NORMAL,FALSE,NORMAL
FALSE,FALSE,LOW,FALSE,LOW,FALSE,LOW,HIGH,NORMAL,NORMAL,LOW,ZERO,NORMAL,LOW,NORMAL,FALSE,HIGH,LOW,HIGH,HIGH,LOW,FALSE,HIGH,HIGH,LOW,LOW,FALSE,TRUE,LOW,HIGH,HIGH,FALSE,NORMAL,HIGH,LOW,FALSE,NORMAL
FALSE,FALSE,NORMAL,FALSE,HIGH,FALSE,HIGH,HIGH,NORMAL,LOW,NORMAL,LOW,HIGH,HIGH,NORMAL,FALSE,HIGH,NORMAL,LOW,LOW,ZERO,FALSE,LOW,ZERO,LOW,HIGH,FALSE,TRUE,HIGH,HIGH,LOW,FALSE,HIGH,ZERO,NORMAL,FALSE,NORMAL
FALSE,TRUE,NORMAL,FALSE,HIGH,FALSE,NORMAL,HIGH,LOW,HIGH,NORMAL,NORMAL,HIGH,HIGH,NORMAL,TRUE,NORMAL,NORMAL,NORMAL,NORMAL,HIGH,FALSE,LOW,LOW,HIGH,HIGH,FALSE,FALSE,HIGH,NORMAL,LOW,FALSE,HIGH,LOW,NORMAL,FALSE,NORMAL
FALSE,FALSE,NORMAL,FALSE,HIGH,FALSE,HIGH,LOW,NORMAL,NORMAL,NORMAL,LOW,HIGH,HIGH,NORMAL,FALSE,NORMAL,NORMAL,NORMAL,NORMAL,ZERO,FALSE,LOW,ZERO,LOW,HIGH,FALSE,FALSE,HIGH,NORMAL,LOW,FALSE,HIGH,ZERO,HIGH,FALSE,NORMAL
FALSE,FALSE,NORMAL,FALSE,HIGH,FALSE,HIGH,NORMAL,NORMAL,LOW,NORMAL,LOW,HIGH,LOW,NORMAL,FALSE,NORMAL,NORMAL,NORMAL,NORMAL,ZERO,FALSE,LOW,ZERO,LOW,HIGH,FALSE,FALSE,HIGH,NORMAL,LOW,FALSE,HIGH,ZERO,LOW,FALSE,NORMAL
FALSE,FALSE,NORMAL,FALSE,HIGH,FALSE,HIGH,HIGH,NORMAL,LOW,NORMAL,LOW,HIGH,LOW,NORMAL,FALSE,HIGH,NORMAL,NORMAL,HIGH,ZERO,FALSE,LOW,ZERO,LOW,HIGH,FALSE,TRUE,HIGH,HIGH,LOW,FALSE,HIGH,ZERO,LOW,FALSE,NORMAL
FALSE,TRUE,HIGH,FALSE,HIGH,FALSE,HIGH,HIGH,NORMAL,LOW,HIGH,HIGH,HIGH,HIGH,ONESIDED,FALSE,NORMAL,NORMAL,LOW,NORMAL,HIGH,FALSE,LOW,HIGH,HIGH,HIGH,FALSE,FALSE,HIGH,NORMAL,LOW,FALSE,HIGH,LOW,NORMAL,FALSE,HIGH
FALSE,FALSE,NORMAL,FALSE,NORMAL,FALSE,LOW,LOW,NORMAL,HIGH,LOW,ZERO,NORMAL,NORMAL,ONESIDED,TRUE,NORMAL,LOW,HIGH,NORMAL,ZERO,FALSE,LOW,NORMAL,LOW,LOW,FALSE,FALSE,LOW,NORMAL,LOW,FALSE,NORMAL,NORMAL,HIGH,FALSE,HIGH
FALSE,FALSE,NORMAL,FALSE,HIGH,TRUE,HIGH,LOW,LOW,LOW,NORMAL,LOW,HIGH,HIGH,NORMAL,FALSE,HIGH,NORMAL,LOW,HIGH,ZERO,FALSE,LOW,ZERO,LOW,NORMAL,FALSE,FALSE,NORMAL,HIGH,LOW,FALSE,HIGH,ZERO,NORMAL,FALSE,NORMAL
TRUE,FALSE,NORMAL,FALSE,HIGH,FALSE,HIGH,ZERO,NORMAL,NORMAL,NORMAL,ZERO,HIGH,NORMAL,NORMAL,FALSE,NORMAL,NORMAL,NORMAL,NORMAL,ZERO,FALSE,LOW,ZERO,LOW,HIGH,FALSE,FALSE,HIGH,NORMAL,LOW,FALSE,HIGH,ZERO,NORMAL,TRUE,NORMAL
FALSE,FALSE,NORMAL,FALSE,HIGH,FALSE,HIGH,NORMAL,NORMAL,LOW,NORMAL,LOW,HIGH,HIGH,NORMAL,FALSE,NORMAL,NORMAL,LOW,NORMAL,ZERO,FALSE,LOW,ZERO,LOW,LOW,FALSE,FALSE,HIGH,NORMAL,LOW,FALSE,HIGH,ZERO,NORMAL,FALSE,HIGH
FALSE,FALSE,NORMAL,FALSE,HIGH,FALSE,HIGH,LOW,NORMAL,HIGH,NORMAL,LOW,HIGH,HIGH,NORMAL,FALSE,HIGH,NORMAL,NORMAL,NORMAL,ZERO,FALSE,LOW,ZERO,LOW,HIGH,FALSE,TRUE,HIGH,HIGH,LOW,FALSE,HIGH,ZERO,NORMAL,TRUE,NORMAL
FALSE,FALSE,NORMAL,FALSE,HIGH,FALSE,HIGH,LOW,NORMAL,LOW,NORMAL,LOW,HIGH,LOW,NORMAL,FALSE,HIGH,NORMAL,NORMAL,NORMAL,ZERO,FALSE,LOW,ZERO,LOW,HIGH,FALSE,TRUE,HIGH,HIGH,LOW,FALSE,HIGH,ZERO,LOW,FALSE,NORMAL
FALSE,FALSE,NORMAL,FALSE,LOW,FALSE,LOW,NORMAL,NORMAL,HIGH,NORMAL,LOW,NORMAL,NORMAL,NORMAL,FALSE,NORMAL,NORMAL,HIGH,NORMAL,ZERO,FALSE,LOW,ZERO,ZERO,LOW,FALSE,FALSE,LOW,NORMAL,LOW,FALSE,NORMAL,ZERO,NORMAL,FALSE,NORMAL
FALSE,FALSE,NORMAL,FALSE,HIGH,FALSE,HIGH,HIGH,NORMAL,LOW,NORMAL,LOW,HIGH,LOW,NORMAL,FALSE,NORMAL,NORMAL,NORMAL,NORMAL,ZERO,FALSE,LOW,ZERO,LOW,HIGH,FALSE,FALSE,HIGH,NORMAL,LOW,FALSE,HIGH,ZERO,LOW,FALSE,HIGH
TRUE,FALSE,NORMAL,FALSE,LOW,FALSE,LOW,HIGH,NORMAL,NORMAL,NORMAL,ZERO,NORMAL,NORMAL,NORMAL,FALSE,NORMAL,NORMAL,HIGH,NORMAL,LOW,FALSE,HIGH,HIGH,LOW,LOW,FALSE,FALSE,LOW,NORMAL,HIGH,FALSE,NORMAL,HIGH,NORMAL,FALSE,NORMAL
FALSE,FALSE,NORMAL,FALSE,HIGH,FALSE,HIGH,NORMAL,NORMAL,HIGH,NORMAL,LOW,HIGH,HIGH,NORMAL,FALSE,NORMAL,NORMAL,NORMAL,NORMAL,ZERO,FALSE,LOW,LOW,LOW,HIGH,FALSE,FALSE,HIGH,NORMAL,LOW,FALSE,HIGH,ZERO,NORMAL,FALSE,NORMAL
FALSE,FALSE,NORMAL,FALSE,HIGH,FALSE,HIGH,NORMAL,NORMAL,LOW,NORMAL,LOW,HIGH,HIGH,NORMAL,FALSE,NORMAL,NORMAL,NORMAL,NORMAL,ZERO,FALSE,LOW,ZERO,LOW,HIGH,FALSE,FALSE,HIGH,NORMAL,LOW,FALSE,HIGH,ZERO,NORMAL,FALSE,NORMAL
FALSE,FALSE,NORMAL,FALSE,HIGH,TRUE,LOW,NORMAL,NORMAL,NORMAL,NORMAL,LOW,NORMAL,LOW,NORMAL,FALSE,HIGH,NORMAL,HIGH,NORMAL,ZERO,FALSE,LOW,ZERO,LOW,HIGH,FALSE,TRUE,HIGH,HIGH,HIGH,FALSE,LOW,ZERO,NORMAL,FALSE,NORMAL
FALSE,FALSE,NORMAL,FALSE,HIGH,FALSE,HIGH,LOW,NORMAL,HIGH,NORMAL,LOW,HIGH,HIGH,NORMAL,FALSE,NORMAL,NORMAL,NORMAL,NORMAL,ZERO,FALSE,LOW,ZERO,LOW,HIGH,FALSE,FALSE,HIGH,NORMAL,LOW,FALSE,HIGH,ZERO,NORMAL,FALSE,NORMAL
FALSE,FALSE,NORMAL,FALSE,LOW,FALSE,HIGH,LOW,NORMAL,HIGH,HIGH,HIGH,HIGH,HIGH,NORMAL,FALSE,NORMAL,HIGH,NORMAL,NORMAL,LOW,FALSE,HIGH,HIGH,LOW,HIGH,FALSE,FALSE,HIGH,NORMAL,HIGH,FALSE,HIGH,HIGH,NORMAL,FALSE,NORMAL
FALSE,FALSE,NORMAL,FALSE,HIGH,FALSE,LOW,HIGH,NORMAL,LOW,NORMAL,LOW,HIGH,NORMAL,NORMAL,FALSE,NORMAL,NORMAL,HIGH,NORMAL,ZERO,FALSE,LOW,ZERO,LOW,LOW,FALSE,FALSE,LOW,NORMAL,LOW,FALSE,NORMAL,ZERO,HIGH,FALSE,NORMAL
FALSE,FALSE,NORMAL,TRUE,HIGH,FALSE,HIGH,NORMAL,LOW,LOW,NORMAL,LOW,HIGH,LOW,NORMAL,FALSE,LOW,NORMAL,NORMAL,LOW,ZERO,FALSE,LOW,ZERO,LOW,HIGH,TRUE,FALSE,HIGH,LOW,LOW,FALSE,HIGH,ZERO,LOW,FALSE,NORMAL
FALSE,TRUE,NORMAL,FALSE,HIGH,FALSE,HIGH,HIGH,NORMAL,HIGH,NORMAL,LOW,HIGH,HIGH,NORMAL,FALSE,NORMAL,NORMAL,HIGH,NORMAL,ZERO,FALSE,LOW,ZERO,LOW,HIGH,FALSE,FALSE,HIGH,NORMAL,LOW,FALSE,HIGH,ZERO,NORMAL,FALSE,NORMAL
FALSE,FALSE,NORMAL,FALSE,HIGH,FALSE,HIGH,HIGH,NORMAL,HIGH,NORMAL,LOW,HIGH,HIGH,NORMAL,FALSE,NORMAL,NORMAL,NORMAL,NORMAL,ZERO,FALSE,LOW,ZERO,LOW,HIGH,FALSE,FALSE,HIGH,NORMAL,LOW,FALSE,HIGH,ZERO,NORMAL,FALSE,NORMAL
FALSE,TRUE,NORMAL,FALSE,HIGH,FALSE,LOW,HIGH,NORMAL,LOW,ZERO,ZERO,HIGH,NORMAL,NORMAL,FALSE,LOW,NORMAL,NORMAL,LOW,ZERO,FALSE,LOW,ZERO,LOW,LOW,FALSE,FALSE,LOW,LOW,LOW,FALSE,NORMAL,ZERO,NORMAL,FALSE,NORMAL
FALSE,FALSE,NORMAL,FALSE,HIGH,FALSE,HIGH,HIGH,NORMAL,NORMAL,NORMAL,LOW,HIGH,HIGH,NORMAL,FALSE,NORMAL,NORMAL,LOW,NORMAL,ZERO,FALSE,LOW,ZERO,LOW,HIGH,FALSE,FALSE,HIGH,NORMAL,LOW,FALSE,HIGH,ZERO,NORMAL,FALSE,NORMAL
FALSE,FALSE,NORMAL,FALSE,HIGH,FALSE,HIGH,HIGH,LOW,NORMAL,NORMAL,LOW,HIGH,LOW,NORMAL,FALSE,NORMAL,NORMAL,HIGH,NORMAL,ZERO,FALSE,LOW,ZERO,LOW,HIGH,FALSE,FALSE,HIGH,NORMAL,LOW,FALSE,HIGH,ZERO,HIGH,FALSE,NORMAL
FALSE,FALSE,HIGH,FALSE,NORMAL,FALSE,HIGH,HIGH,NORMAL,NORMAL,NORMAL,LOW,HIGH,LOW,ONESIDED,FALSE,HIGH,NORMAL,HIGH,NORMAL,ZERO,FALSE,LOW,NORMAL,LOW,HIGH,FALSE,TRUE,HIGH,HIGH,LOW,FALSE,HIGH,NORMAL,LOW,FALSE,HIGH
FALSE,FALSE,LOW,FALSE,HIGH,FALSE,HIGH,HIGH,NORMAL,NORMAL,LOW,ZERO,HIGH,NORMAL,NORMAL,FALSE,NORMAL,LOW,NORMAL,NORMAL,ZERO,FALSE,LOW,ZERO,LOW,HIGH,FALSE,FALSE,HIGH,NORMAL,LOW,FALSE,HIGH,ZERO,LOW,FALSE,NORMAL
FALSE,FALSE,NORMAL,FALSE,HIGH,FALSE,HIGH,HIGH,NORMAL,HIGH,NORMAL,LOW,HIGH,HIGH,NORMAL,FALSE,NORMAL,NORMAL,NORMAL,NORMAL,ZERO,FALSE,LOW,NORMAL,LOW,HIGH,FALSE,FALSE,HIGH,NORMAL,LOW,FALSE,HIGH,ZERO,NORMAL,FALSE,NORMAL
FALSE,FALSE,NORMAL,FALSE,HIGH,FALSE,HIGH,ZERO,NORMAL,HIGH,ZERO,ZERO,HIGH,HIGH,NORMAL,FALSE,NORMAL,NORMAL,HIGH,LOW,ZERO,FALSE,LOW,ZERO,LOW,HIGH,FALSE,FALSE,HIGH,NORMAL,LOW,FALSE,HIGH,ZERO,NORMAL,TRUE,NORMAL
FALSE,FALSE,NORMAL,FALSE,HIGH,FALSE,HIGH,LOW,LOW,HIGH,NORMAL,LOW,HIGH,HIGH,NORMAL,FALSE,NORMAL,NORMAL,HIGH,NORMAL,ZERO,FALSE,LOW,ZERO,LOW,HIGH,FALSE,FALSE,HIGH,NORMAL,LOW,FALSE,HIGH,ZERO,NORMAL,FALSE,NORMAL
FALSE,FALSE,NORMAL,FALSE,HIGH,FALSE,HIGH,HIGH,NORMAL,NORMAL,NORMAL,LOW,HIGH,HIGH,NORMAL,FALSE,LOW,NORMAL,NORMAL,NORMAL,ZERO,FALSE,LOW,ZERO,LOW,HIGH,FALSE,FALSE,HIGH,NORMAL,LOW,FALSE,HIGH,ZERO,NORMAL,FALSE,NORMAL
FALSE,FALSE,NORMAL,FALSE,HIGH,FALSE,HIGH,HIGH,NORMAL,HIGH,NORMAL,LOW,HIGH,HIGH,NORMAL,FALSE,NORMAL,NORMAL,NORMAL,NORMAL,ZERO,FALSE,LOW,ZERO,LOW,HIGH,FALSE,FALSE,HIGH,NORMAL,LOW,FALSE,HIGH,ZERO,NORMAL,FALSE,NORMAL
TRUE,FALSE,NORMAL,FALSE,HIGH,FALSE,HIGH,HIGH,NORMAL,LOW,NORMAL,ZERO,HIGH,HIGH,NORMAL,FALSE,NORMAL,NORMAL,LOW,NORMAL,ZERO,FALSE,LOW,ZERO,LOW,HIGH,FALSE,FALSE,HIGH,NORMAL,LOW,FALSE,HIGH,ZERO,NORMAL,FALSE,NORMAL
FALSE,FALSE,HIGH,FALSE,HIGH,FALSE,HIGH,NORMAL,NORMAL,NORMAL,NORMAL,LOW,HIGH,HIGH,NORMAL,FALSE,HIGH,NORMAL,HIGH,HIGH,ZERO,FALSE,LOW,ZERO,LOW,HIGH,FALSE,TRUE,HIGH,HIGH,LOW,TRUE,HIGH,ZERO,NORMAL,FALSE,HIGH
FALSE,FALSE,NORMAL,FALSE,HIGH,FALSE,HIGH,LOW,NORMAL,HIGH,NORMAL,LOW,HIGH,HIGH,NORMAL,FALSE,NORMAL,NORMAL,NORMAL,NORMAL,ZERO,FALSE,LOW,ZERO,LOW,HIGH,FALSE,FALSE,HIGH,NORMAL,LOW,FALSE,HIGH,ZERO,NORMAL,FALSE,NORMAL
FALSE,FALSE,NORMAL,FALSE,HIGH,FALSE,HIGH,HIGH,NORMAL,HIGH,NORMAL,LOW,HIGH,HIGH,NORMAL,FALSE,NORMAL,NORMAL,NORMAL,NORMAL,ZERO,FALSE,LOW,ZERO,LOW,HIGH,FALSE,FALSE,HIGH,NORMAL,NORMAL,FALSE,HIGH,ZERO,NORMAL,FALSE,NORMAL
FALSE,TRUE,NORMAL,TRUE,LOW,FALSE,LOW,NORMAL,NORMAL,LOW,NORMAL,LOW,NORMAL,LOW,NORMAL,FALSE,LOW,NORMAL,HIGH,LOW,LOW,FALSE,HIGH,HIGH,LOW,LOW,TRUE,FALSE,HIGH,LOW,NORMAL,FALSE,NORMAL,HIGH,LOW,TRUE,HIGH
FALSE,FALSE,NORMAL,FALSE,HIGH,FALSE,HIGH,NORMAL,NORMAL,HIGH,NORMAL,LOW,HIGH,HIGH,NORMAL,FALSE,HIGH,NORMAL,NORMAL,HIGH,ZERO,FALSE,LOW,ZERO,LOW,HIGH,FALSE,FALSE,HIGH,HIGH,LOW,FALSE,HIGH,ZERO,NORMAL,TRUE,NORMAL
FALSE,TRUE,LOW,FALSE,HIGH,FALSE,LOW,NORMAL,NORMAL,LOW,NORMAL,LOW,HIGH,NORMAL,NORMAL,FALSE,NORMAL,NORMAL,LOW,NORMAL,ZERO,FALSE,LOW,ZERO,LOW,LOW,FALSE,FALSE,LOW,NORMAL,LOW,FALSE,NORMAL,ZERO,NORMAL,FALSE,NORMAL
FALSE,TRUE,HIGH,FALSE,HIGH,FALSE,HIGH,HIGH,LOW,LOW,NORMAL,LOW,HIGH,HIGH,ESOPHAGEAL,FALSE,NORMAL,NORMAL,LOW,NORMAL,LOW,FALSE,LOW,ZERO,NORMAL,HIGH,FALSE,FALSE,HIGH,NORMAL,LOW,TRUE,HIGH,ZERO,NORMAL,FALSE,HIGH
FALSE,FALSE,NORMAL,FALSE,HIGH,FALSE,HIGH,NORMAL,LOW,LOW,NORMAL,LOW,HIGH,HIGH,NORMAL,FALSE,NORMAL,NORMAL,LOW,NORMAL,ZERO,FALSE,LOW,ZERO,LOW,HIGH,FALSE,FALSE,HIGH,NORMAL,LOW,FALSE,HIGH,ZERO,NORMAL,FALSE,NORMAL
FALSE,TRUE,NORMAL,TRUE,HIGH,FALSE,HIGH,LOW,NORMAL,LOW,NORMAL,LOW,HIGH,LOW,NORMAL,FALSE,LOW,NORMAL,LOW,LOW,ZERO,FALSE,LOW,ZERO,LOW,HIGH,TRUE,FALSE,HIGH,LOW,LOW,FALSE,HIGH,ZERO,LOW,FALSE,NORMAL
FALSE,FALSE,NORMAL,FALSE,NORMAL,TRUE,HIGH,HIGH,NORMAL,LOW,NORMAL,LOW,HIGH,HIGH,ONESIDED,FALSE,NORMAL,NORMAL,NORMAL,NORMAL,ZERO,FALSE,LOW,NORMAL,LOW,NORMAL,FALSE,FALSE,NORMAL,NORMAL,LOW,FALSE,HIGH,NORMAL,HIGH,FALSE,HIGH
FALSE,FALSE,LOW,TRUE,LOW,FALSE,LOW,LOW,NORMAL,NORMAL,HIGH,HIGH,NORMAL,LOW,NORMAL,FALSE,LOW,HIGH,HIGH,LOW,LOW,FALSE,HIGH,HIGH,LOW,LOW,TRUE,FALSE,LOW,LOW,HIGH,FALSE,NORMAL,HIGH,LOW,FALSE,NORMAL
FALSE,FALSE,NORMAL,FALSE,HIGH,FALSE,HIGH,HIGH,NORMAL,HIGH,NORMAL,LOW,HIGH,HIGH,ONESIDED,FALSE,LOW,NORMAL,HIGH,NORMAL,LOW,FALSE,LOW,LOW,HIGH,HIGH,FALSE,FALSE,HIGH,NORMAL,LOW,FALSE,HIGH,LOW,NORMAL,FALSE,HIGH
FALSE,FALSE,NORMAL,FALSE,HIGH,TRUE,HIGH,NORMAL,NORMAL,HIGH,NORMAL,LOW,HIGH,HIGH,NORMAL,FALSE,NORMAL,NORMAL,HIGH,NORMAL,ZERO,FALSE,LOW,ZERO,LOW,HIGH,FALSE,FALSE,NORMAL,NORMAL,LOW,FALSE,HIGH,ZERO,NORMAL,FALSE,NORMAL
FALSE,FALSE,NORMAL,FALSE,HIGH,FALSE,NORMAL,HIGH,NORMAL,LOW,NORMAL,LOW,HIGH,NORMAL,NORMAL,TRUE,NORMAL,NORMAL,LOW,NORMAL,ZERO,FALSE,LOW,ZERO,LOW,HIGH,FALSE,FALSE,HIGH,NORMAL,LOW,FALSE,HIGH,ZERO,NORMAL,FALSE,NORMAL
FALSE,FALSE,NORMAL,FALSE,HIGH,FALSE,HIGH,LOW,NORMAL,LOW,HIGH,HIGH,HIGH,HIGH,NORMAL,FALSE,NORMAL,NORMAL,LOW,NORMAL,HIGH,FALSE,LOW,LOW,HIGH,HIGH,FALSE,FALSE,HIGH,NORMAL,LOW,FALSE,HIGH,LOW,NORMAL,FALSE,NORMAL
FALSE,FALSE,LOW,FALSE,HIGH,FALSE,HIGH,NORMAL,NORMAL,HIGH,NORMAL,LOW,HIGH,HIGH,NORMAL,FALSE,NORMAL,NORMAL,HIGH,NORMAL,HIGH,FALSE,LOW,HIGH,HIGH,HIGH,FALSE,FALSE,HIGH,NORMAL,LOW,FALSE,HIGH,LOW,NORMAL,FALSE,NORMAL
FALSE,FALSE,NORMAL,FALSE,NORMAL,FALSE,HIGH,LOW,NORMAL,LOW,NORMAL,LOW,HIGH,HIGH,NORMAL,FALSE,LOW,NORMAL,LOW,NORMAL,NORMAL,FALSE,LOW,ZERO,NORMAL,HIGH,FALSE,FALSE,HIGH,NORMAL,LOW,FALSE,HIGH,NORMAL,HIGH,FALSE,HIGH
FALSE,FALSE,NORMAL,FALSE,HIGH,FALSE,HIGH,LOW,NORMAL,NORMAL,NORMAL,LOW,HIGH,HIGH,NORMAL,FALSE,NORMAL,NORMAL,LOW,NORMAL,ZERO,FALSE,LOW,ZERO,LOW,HIGH,FALSE,FALSE,HIGH,NORMAL,LOW,FALSE,HIGH,ZERO,NORMAL,FALSE,NORMAL
FALSE,TRUE,NORMAL,FALSE,HIGH,FALSE,HIGH,NORMAL,NORMAL,LOW,NORMAL,LOW,HIGH,LOW,NORMAL,FALSE,HIGH,NORMAL,NORMAL,HIGH,ZERO,FALSE,LOW,ZERO,LOW,HIGH,FALSE,TRUE,HIGH,HIGH,LOW,FALSE,HIGH,ZERO,LOW,FALSE,NORMAL
FALSE,TRUE,NORMAL,FALSE,NORMAL,FALSE,LOW,ZERO,NORMAL,NORMAL,NORMAL,LOW,HIGH,NORMAL,ONESIDED,FALSE,NORMAL,NORMAL,NORMAL,NORMAL,ZERO,FALSE,LOW,NORMAL,LOW,LOW,FALSE,FALSE,LOW,NORMAL,LOW,FALSE,NORMAL,NORMAL,NORMAL,TRUE,HIGH
FALSE,FALSE,NORMAL,FALSE,HIGH,FALSE,HIGH,HIGH,NORMAL,HIGH,NORMAL,LOW,HIGH,HIGH,NORMAL,FALSE,NORMAL,NORMAL,NORMAL,NORMAL,ZERO,FALSE,LOW,ZERO,LOW,HIGH,FALSE,FALSE,HIGH,NORMAL,LOW,FALSE,HIGH,ZERO,NORMAL,FALSE,NORMAL
FALSE,FALSE,NORMAL,FALSE,HIGH,TRUE,HIGH,HIGH,NORMAL,HIGH,NORMAL,LOW,HIGH,HIGH,NORMAL,FALSE,NORMAL,NORMAL,HIGH,NORMAL,ZERO,FALSE,LOW,ZERO,LOW,NORMAL,FALSE,FALSE,NORMAL,NORMAL,LOW,FALSE,HIGH,ZERO,NORMAL,FALSE,NORMAL
FALSE,FALSE,HIGH,FALSE,HIGH,FALSE,HIGH,LOW,NORMAL,HIGH,NORMAL,LOW,HIGH,HIGH,NORMAL,FALSE,NORMAL,NORMAL,HIGH,NORMAL,ZERO,FALSE,LOW,ZERO,LOW,HIGH,FALSE,FALSE,HIGH,NORMAL,LOW,TRUE,HIGH,ZERO,NORMAL,FALSE,HIGH
TRUE,FALSE,NORMAL,FALSE,LOW,FALSE,LOW,HIGH,NORMAL,LOW,NORMAL,ZERO,HIGH,NORMAL,NORMAL,FALSE,NORMAL,NORMAL,NORMAL,NORMAL,LOW,FALSE,HIGH,HIGH,LOW,LOW,FALSE,FALSE,LOW,NORMAL,HIGH,FALSE,NORMAL,HIGH,NORMAL,FALSE,NORMAL
FALSE,FALSE,NORMAL,FALSE,LOW,FALSE,LOW,HIGH,NORMAL,HIGH,ZERO,ZERO,NORMAL,NORMAL,NORMAL,FALSE,NORMAL,NORMAL,HIGH,NORMAL,LOW,FALSE,HIGH,HIGH,LOW,LOW,FALSE,FALSE,LOW,NORMAL,HIGH,FALSE,NORMAL,HIGH,NORMAL,FALSE,NORMAL
FALSE,TRUE,NORMAL,TRUE,NORMAL,FALSE,HIGH,LOW,LOW,HIGH,NORMAL,HIGH,HIGH,LOW,NORMAL,FALSE,LOW,NORMAL,HIGH,LOW,LOW,FALSE,NORMAL,HIGH,ZERO,HIGH,TRUE,FALSE,HIGH,LOW,NORMAL,FALSE,HIGH,HIGH,LOW,FALSE,NORMAL
FALSE,FALSE,NORMAL,FALSE,HIGH,FALSE,HIGH,NORMAL,NORMAL,NORMAL,NORMAL,LOW,HIGH,HIGH,NORMAL,FALSE,NORMAL,NORMAL,LOW,LOW,ZERO,FALSE,LOW,ZERO,LOW,HIGH,FALSE,FALSE,HIGH,NORMAL,LOW,FALSE,HIGH,ZERO,NORMAL,FALSE,NORMAL
FALSE,FALSE,NORMAL,FALSE,HIGH,FALSE,HIGH,NORMAL,NORMAL,NORMAL,NORMAL,LOW,HIGH,HIGH,NORMAL,FALSE,NORMAL,NORMAL,LOW,NORMAL,ZERO,FALSE,LOW,ZERO,LOW,HIGH,FALSE,FALSE,HIGH,NORMAL,LOW,FALSE,HIGH,ZERO,NORMAL,FALSE,NORMAL
FALSE,FALSE,NORMAL,FALSE,HIGH,FALSE,NORMAL,LOW,NORMAL,LOW,NORMAL,LOW,HIGH,LOW,NORMAL,FALSE,NORMAL,NORMAL,NORMAL,HIGH,ZERO,FALSE,LOW,ZERO,LOW,HIGH,FALSE,TRUE,HIGH,HIGH,LOW,FALSE,HIGH,ZERO,LOW,FALSE,NORMAL
FALSE,FALSE,NORMAL,FALSE,HIGH,FALSE,HIGH,NORMAL,NORMAL,LOW,NORMAL,LOW,HIGH,HIGH,NORMAL,FALSE,NORMAL,NORMAL,LOW,NORMAL,ZERO,FALSE,LOW,ZERO,LOW,HIGH,FALSE,FALSE,HIGH,NORMAL,LOW,FALSE,HIGH,ZERO,NORMAL,FALSE,NORMAL
FALSE,FALSE,NORMAL,FALSE,HIGH,FALSE,HIGH,HIGH,NORMAL,NORMAL,NORMAL,LOW,HIGH,LOW,NORMAL,FALSE,HIGH,NORMAL,HIGH,HIGH,ZERO,FALSE,LOW,ZERO,LOW,HIGH,FALSE,TRUE,HIGH,HIGH,LOW,FALSE,HIGH,ZERO,LOW,FALSE,NORMAL
FALSE,FALSE,NORMAL,FALSE,HIGH,FALSE,HIGH,NORMAL,NORMAL,LOW,NORMAL,LOW,HIGH,HIGH,NORMAL,FALSE,NORMAL,NORMAL,LOW,LOW,ZERO,FALSE,LOW,ZERO,LOW,HIGH,FALSE,FALSE,HIGH,NORMAL,LOW,FALSE,HIGH,ZERO,NORMAL,FALSE,NORMAL
FALSE,FALSE,NORMAL,FALSE,HIGH,FALSE,HIGH,LOW,NORMAL,LOW,NORMAL,LOW,HIGH,HIGH,NORMAL,FALSE,NORMAL,NORMAL,LOW,HIGH,ZERO,FALSE,LOW,ZERO,LOW,HIGH,FALSE,FALSE,HIGH,NORMAL,LOW,FALSE,HIGH,ZERO,NORMAL,FALSE,NORMAL
FALSE,FALSE,NORMAL,TRUE,HIGH,FALSE,HIGH,LOW,NORMAL,LOW,NORMAL,LOW,HIGH,LOW,NORMAL,FALSE,LOW,NORMAL,NORMAL,LOW,ZERO,FALSE,LOW,ZERO,LOW,HIGH,TRUE,FALSE,HIGH,LOW,LOW,FALSE,HIGH,ZERO,LOW,FALSE,NORMAL
FALSE,FALSE,NORMAL,FALSE,HIGH,FALSE,HIGH,ZERO,NORMAL,HIGH,NORMAL,LOW,HIGH,HIGH,ONESIDED,FALSE,NORMAL,NORMAL,NORMAL,NORMAL,LOW,FALSE,LOW,ZERO,NORMAL,HIGH,FALSE,FALSE,HIGH,NORMAL,LOW,FALSE,HIGH,LOW,NORMAL,FALSE,HIGH
FALSE,FALSE,NORMAL,FALSE,NORMAL,FALSE,LOW,HIGH,NORMAL,HIGH,NORMAL,LOW,NORMAL,NORMAL,ONESIDED,FALSE,NORMAL,NORMAL,HIGH,NORMAL,ZERO,FALSE,LOW,ZERO,LOW,LOW,FALSE,FALSE,LOW,NORMAL,LOW,FALSE,NORMAL,NORMAL,NORMAL,FALSE,HIGH
FALSE,FALSE,NORMAL,FALSE,LOW,FALSE,LOW,HIGH,NORMAL,LOW,LOW,ZERO,HIGH,LOW,NORMAL,FALSE,HIGH,LOW,NORMAL,HIGH,LOW,FALSE,HIGH,NORMAL,LOW,LOW,FALSE,TRUE,LOW,HIGH,HIGH,FALSE,NORMAL,HIGH,LOW,FALSE,NORMAL
TRUE,FALSE,NORMAL,FALSE,HIGH,TRUE,HIGH,HIGH,NORMAL,LOW,NORMAL,ZERO,HIGH,LOW,NORMAL,FALSE,NORMAL,NORMAL,NORMAL,NORMAL,ZERO,FALSE,LOW,ZERO,LOW,NORMAL,FALSE,FALSE,NORMAL,NORMAL,LOW,FALSE,HIGH,ZERO,LOW,FALSE,NORMAL
FALSE,FALSE,NORMAL,FALSE,HIGH,FALSE,HIGH,NORMAL,NORMAL,LOW,NORMAL,LOW,HIGH,HIGH,NORMAL,FALSE,NORMAL,NORMAL,LOW,NORMAL,ZERO,FALSE,LOW,ZERO,LOW,HIGH,FALSE,FALSE,HIGH,NORMAL,LOW,FALSE,HIGH,ZERO,NORMAL,FALSE,NORMAL
FALSE,FALSE,NORMAL,FALSE,HIGH,FALSE,HIGH,NORMAL,NORMAL,HIGH,NORMAL,LOW,HIGH,HIGH,NORMAL,FALSE,NORMAL,NORMAL,NORMAL,NORMAL,ZERO,FALSE,LOW,ZERO,LOW,HIGH,FALSE,FALSE,HIGH,NORMAL,LOW,FALSE,HIGH,ZERO,NORMAL,FALSE,NORMAL
FALSE,TRUE,NORMAL,FALSE,HIGH,FALSE,HIGH,NORMAL,NORMAL,LOW,NORMAL,LOW,HIGH,HIGH,NORMAL,FALSE,NORMAL,NORMAL,LOW,NORMAL,ZERO,FALSE,LOW,ZERO,LOW,HIGH,FALSE,FALSE,HIGH,NORMAL,LOW,FALSE,HIGH,ZERO,NORMAL,FALSE,NORMAL
FALSE,FALSE,HIGH,FALSE,HIGH,TRUE,HIGH,HIGH,NORMAL,LOW,HIGH,NORMAL,HIGH,HIGH,NORMAL,FALSE,NORMAL,NORMAL,LOW,NORMAL,HIGH,FALSE,LOW,LOW,HIGH,NORMAL,FALSE,FALSE,NORMAL,NORMAL,LOW,TRUE,HIGH,LOW,NORMAL,FALSE,HIGH
FALSE,FALSE,HIGH,FALSE,HIGH,FALSE,HIGH,LOW,NORMAL,LOW,NORMAL,LOW,HIGH,LOW,NORMAL,FALSE,HIGH,NORMAL,NORMAL,HIGH,ZERO,FALSE,LOW,ZERO,LOW,HIGH,FALSE,FALSE,HIGH,HIGH,LOW,FALSE,HIGH,ZERO,LOW,FALSE,HIGH
FALSE,FALSE,NORMAL,FALSE,HIGH,FALSE,HIGH,NORMAL,NORMAL,LOW,NORMAL,LOW,HIGH,LOW,NORMAL,FALSE,HIGH,NORMAL,NORMAL,NORMAL,ZERO,FALSE,LOW,ZERO,LOW,HIGH,FALSE,TRUE,HIGH,HIGH,LOW,FALSE,HIGH,ZERO,LOW,FALSE,NORMAL
FALSE,FALSE,NORMAL,FALSE,HIGH,FALSE,HIGH,HIGH,LOW,HIGH,NORMAL,LOW,HIGH,HIGH,NORMAL,FALSE,NORMAL,NORMAL,HIGH,NORMAL,ZERO,FALSE,LOW,ZERO,LOW,HIGH,FALSE,FALSE,HIGH,NORMAL,LOW,FALSE,HIGH,ZERO,HIGH,FALSE,NORMAL
FALSE,FALSE,LOW,FALSE,LOW,FALSE,NORMAL,HIGH,NORMAL,NORMAL,LOW,ZERO,HIGH,HIGH,NORMAL,TRUE,NORMAL,LOW,HIGH,NORMAL,LOW,FALSE,HIGH,HIGH,LOW,HIGH,FALSE,FALSE,HIGH,NORMAL,HIGH,FALSE,HIGH,HIGH,NORMAL,FALSE,NORMAL
FALSE,FALSE,NORMAL,FALSE,NORMAL,FALSE,HIGH,NORMAL,NORMAL,LOW,NORMAL,LOW,HIGH,HIGH,NORMAL,FALSE,NORMAL,NORMAL,LOW,NORMAL,ZERO,FALSE,LOW,ZERO,LOW,HIGH,FALSE,FALSE,HIGH,NORMAL,LOW,FALSE,HIGH,NORMAL,NORMAL,FALSE,NORMAL
TRUE,FALSE,NORMAL,FALSE,HIGH,FALSE,HIGH,HIGH,NORMAL,HIGH,HIGH,NORMAL,HIGH,HIGH,NORMAL,FALSE,NORMAL,NORMAL,HIGH,NORMAL,HIGH,FALSE,LOW,LOW,HIGH,HIGH,FALSE,FALSE,HIGH,NORMAL,LOW,FALSE,HIGH,LOW,NORMAL,FALSE,NORMAL
FALSE,FALSE,NORMAL,FALSE,HIGH,FALSE,HIGH,HIGH,NORMAL,NORMAL,NORMAL,LOW,HIGH,HIGH,ESOPHAGEAL,FALSE,NORMAL,NORMAL,LOW,NORMAL,LOW,FALSE,LOW,ZERO,NORMAL,HIGH,FALSE,FALSE,HIGH,NORMAL,LOW,FALSE,HIGH,ZERO,NORMAL,FALSE,NORMAL
FALSE,FALSE,NORMAL,FALSE,HIGH,FALSE,HIGH,LOW,NORMAL,HIGH,NORMAL,LOW,HIGH,HIGH,NORMAL,FALSE,NORMAL,NORMAL,NORMAL,NORMAL,ZERO,FALSE,LOW,ZERO,LOW,HIGH,FALSE,FALSE,HIGH,NORMAL,LOW,FALSE,HIGH,ZERO,NORMAL,FALSE,NORMAL
FALSE,FALSE,NORMAL,FALSE,HIGH,TRUE,HIGH,ZERO,NORMAL,HIGH,ZERO,ZERO,HIGH,HIGH,NORMAL,FALSE,NORMAL,NORMAL,NORMAL,NORMAL,ZERO,FALSE,LOW,ZERO,LOW,NORMAL,FALSE,FALSE,NORMAL,NORMAL,LOW,FALSE,HIGH,ZERO,NORMAL,TRUE,NORMAL
FALSE,FALSE,NORMAL,FALSE,HIGH,FALSE,HIGH,NORMAL,NORMAL,HIGH,NORMAL,LOW,HIGH,HIGH,NORMAL,FALSE,NORMAL,NORMAL,NORMAL,NORMAL,ZERO,FALSE,LOW,ZERO,LOW,HIGH,FALSE,FALSE,HIGH,NORMAL,LOW,FALSE,HIGH,ZERO,NORMAL,FALSE,NORMAL
FALSE,FALSE,NORMAL,FALSE,NORMAL,TRUE,LOW,LOW,NORMAL,NORMAL,LOW,ZERO,HIGH,NORMAL,ONESIDED,FALSE,NORMAL,LOW,NORMAL,NORMAL,ZERO,FALSE,LOW,NORMAL,LOW,LOW,FALSE,FALSE,LOW,NORMAL,LOW,FALSE,NORMAL,NORMAL,NORMAL,FALSE,HIGH
FALSE,TRUE,NORMAL,FALSE,NORMAL,FALSE,LOW,HIGH,NORMAL,LOW,ZERO,ZERO,NORMAL,LOW,NORMAL,FALSE,HIGH,HIGH,HIGH,LOW,LOW,FALSE,HIGH,HIGH,ZERO,LOW,FALSE,TRUE,LOW,HIGH,HIGH,FALSE,NORMAL,HIGH,LOW,FALSE,NORMAL
FALSE,FALSE,NORMAL,FALSE,HIGH,FALSE,LOW,HIGH,NORMAL,LOW,NORMAL,LOW,HIGH,NORMAL,ONESIDED,FALSE,NORMAL,NORMAL,LOW,NORMAL,LOW,FALSE,LOW,ZERO,NORMAL,LOW,FALSE,FALSE,LOW,NORMAL,LOW,FALSE,NORMAL,LOW,NORMAL,FALSE,HIGH
FALSE,FALSE,NORMAL,FALSE,HIGH,FALSE,HIGH,HIGH,NORMAL,LOW,ZERO,ZERO,HIGH,HIGH,NORMAL,FALSE,LOW,NORMAL,LOW,LOW,ZERO,FALSE,LOW,ZERO,LOW,HIGH,FALSE,FALSE,HIGH,LOW,LOW,FALSE,HIGH,ZERO,NORMAL,FALSE,NORMAL
FALSE,FALSE,NORMAL,FALSE,HIGH,FALSE,HIGH,NORMAL,NORMAL,LOW,NORMAL,LOW,HIGH,HIGH,NORMAL,FALSE,NORMAL,NORMAL,LOW,LOW,ZERO,FALSE,LOW,ZERO,LOW,HIGH,FALSE,FALSE,HIGH,NORMAL,LOW,FALSE,HIGH,ZERO,NORMAL,FALSE,NORMAL
FALSE,FALSE,NORMAL,FALSE,HIGH,FALSE,HIGH,NORMAL,NORMAL,NORMAL,NORMAL,LOW,HIGH,HIGH,NORMAL,FALSE,NORMAL,NORMAL,HIGH,NORMAL,ZERO,FALSE,LOW,ZERO,LOW,HIGH,FALSE,FALSE,HIGH,NORMAL,LOW,FALSE,HIGH,ZERO,NORMAL,FALSE,NORMAL
FALSE,FALSE,NORMAL,FALSE,HIGH,FALSE,HIGH,LOW,NORMAL,HIGH,NORMAL,LOW,HIGH,HIGH,NORMAL,FALSE,NORMAL,NORMAL,HIGH,NORMAL,ZERO,FALSE,LOW,ZERO,LOW,HIGH,FALSE,FALSE,HIGH,NORMAL,LOW,FALSE,HIGH,ZERO,NORMAL,FALSE,NORMAL
FALSE,FALSE,NORMAL,FALSE,HIGH,FALSE,HIGH,NORMAL,NORMAL,LOW,NORMAL,LOW,HIGH,HIGH,NORMAL,FALSE,LOW,NORMAL,LOW,NORMAL,ZERO,FALSE,LOW,ZERO,LOW,HIGH,FALSE,FALSE,LOW,NORMAL,LOW,FALSE,HIGH,ZERO,NORMAL,FALSE,NORMAL
FALSE,FALSE,NORMAL,FALSE,NORMAL,FALSE,LOW,LOW,NORMAL,LOW,NORMAL,LOW,NORMAL,NORMAL,NORMAL,TRUE,NORMAL,NORMAL,HIGH,NORMAL,LOW,FALSE,HIGH,HIGH,ZERO,LOW,FALSE,FALSE,LOW,NORMAL,HIGH,FALSE,NORMAL,HIGH,NORMAL,FALSE,NORMAL
FALSE,FALSE,HIGH,FALSE,HIGH,FALSE,HIGH,HIGH,NORMAL,LOW,NORMAL,LOW,HIGH,HIGH,NORMAL,FALSE,NORMAL,NORMAL,LOW,NORMAL,ZERO,FALSE,LOW,ZERO,LOW,HIGH,FALSE,FALSE,HIGH,NORMAL,LOW,TRUE,HIGH,ZERO,NORMAL,FALSE,HIGH
FALSE,FALSE,NORMAL,FALSE,HIGH,TRUE,HIGH,LOW,NORMAL,LOW,NORMAL,LOW,HIGH,LOW,NORMAL,FALSE,HIGH,NORMAL,LOW,HIGH,ZERO,FALSE,LOW,ZERO,LOW,NORMAL,FALSE,TRUE,NORMAL,HIGH,LOW,FALSE,HIGH,ZERO,LOW,FALSE,NORMAL
TRUE,FALSE,NORMAL,TRUE,LOW,FALSE,HIGH,HIGH,NORMAL,HIGH,NORMAL,ZERO,NORMAL,NORMAL,NORMAL,FALSE,LOW,NORMAL,HIGH,LOW,LOW,FALSE,HIGH,NORMAL,LOW,HIGH,TRUE,FALSE,HIGH,LOW,HIGH,FALSE,HIGH,HIGH,LOW,FALSE,NORMAL
TRUE,FALSE,NORMAL,FALSE,LOW,TRUE,HIGH,HIGH,NORMAL,LOW,NORMAL,ZERO,HIGH,LOW,NORMAL,FALSE,NORMAL,NORMAL,NORMAL,NORMAL,LOW,FALSE,HIGH,HIGH,LOW,LOW,FALSE,FALSE,NORMAL,NORMAL,HIGH,FALSE,HIGH,HIGH,LOW,FALSE,NORMAL
FALSE,FALSE,NORMAL,FALSE,HIGH,FALSE,HIGH,LOW,NORMAL,NORMAL,NORMAL,LOW,HIGH,NORMAL,NORMAL,FALSE,NORMAL,NORMAL,HIGH,HIGH,ZERO,FALSE,LOW,ZERO,NORMAL,HIGH,FALSE,FALSE,HIGH,NORMAL,LOW,FALSE,HIGH,ZERO,NORMAL,FALSE,HIGH
FALSE,TRUE,NORMAL,FALSE,HIGH,FALSE,LOW,NORMAL,NORMAL,LOW,NORMAL,LOW,HIGH,LOW,NORMAL,FALSE,HIGH,NORMAL,LOW,NORMAL,ZERO,FALSE,LOW,ZERO,LOW,LOW,FALSE,TRUE,LOW,HIGH,LOW,FALSE,NORMAL,ZERO,LOW,FALSE,NORMAL
FALSE,FALSE,NORMAL,FALSE,HIGH,FALSE,HIGH,NORMAL,NORMAL,LOW,NORMAL,LOW,HIGH,HIGH,NORMAL,FALSE,NORMAL,NORMAL,LOW,NORMAL,ZERO,TRUE,LOW,ZERO,LOW,HIGH,FALSE,FALSE,HIGH,NORMAL,LOW,FALSE,HIGH,ZERO,NORMAL,FALSE,NORMAL
FALSE,FALSE,NORMAL,FALSE,HIGH,FALSE,HIGH,LOW,NORMAL,LOW,NORMAL,LOW,HIGH,HIGH,NORMAL,FALSE,LOW,NORMAL,LOW,NORMAL,ZERO,FALSE,LOW,ZERO,LOW,NORMAL,FALSE,FALSE,HIGH,NORMAL,LOW,FALSE,HIGH,ZERO,NORMAL,FALSE,NORMAL
FALSE,TRUE,NORMAL,FALSE,HIGH,FALSE,HIGH,HIGH,NORMAL,LOW,ZERO,ZERO,HIGH,HIGH,NORMAL,FALSE,NORMAL,NORMAL,LOW,NORMAL,ZERO,FALSE,LOW,ZERO,LOW,HIGH,FALSE,FALSE,HIGH,NORMAL,LOW,FALSE,HIGH,ZERO,NORMAL,FALSE,NORMAL
FALSE,FALSE,NORMAL,FALSE,HIGH,FALSE,HIGH,LOW,LOW,LOW,NORMAL,LOW,HIGH,HIGH,NORMAL,FALSE,NORMAL,NORMAL,LOW,NORMAL,ZERO,FALSE,LOW,ZERO,LOW,HIGH,FALSE,FALSE,HIGH,NORMAL,LOW,FALSE,HIGH,ZERO,NORMAL,FALSE,NORMAL
TRUE,FALSE,NORMAL,FALSE,HIGH,FALSE,HIGH,HIGH,NORMAL,HIGH,NORMAL,ZERO,HIGH,HIGH,NORMAL,FALSE,NORMAL,NORMAL,NORMAL,NORMAL,ZERO,FALSE,LOW,ZERO,LOW,HIGH,FALSE,FALSE,HIGH,NORMAL,LOW,FALSE,HIGH,ZERO,NORMAL,FALSE,NORMAL
FALSE,FALSE,NORMAL,FALSE,HIGH,FALSE,LOW,NORMAL,NORMAL,LOW,NORMAL,LOW,NORMAL,NORMAL,NORMAL,FALSE,NORMAL,NORMAL,LOW,NORMAL,ZERO,FALSE,LOW,ZERO,LOW,LOW,FALSE,FALSE,LOW,NORMAL,LOW,FALSE,NORMAL,LOW,NORMAL,FALSE,NORMAL
FALSE,FALSE,NORMAL,FALSE,HIGH,FALSE,HIGH,NORMAL,NORMAL,LOW,NORMAL,LOW,HIGH,HIGH,NORMAL,FALSE,NORMAL,NORMAL,LOW,NORMAL,ZERO,FALSE,LOW,ZERO,LOW,HIGH,FALSE,FALSE,HIGH,NORMAL,LOW,FALSE,HIGH,ZERO,NORMAL,FALSE,NORMAL
FALSE,FALSE,NORMAL,FALSE,HIGH,FALSE,HIGH,LOW,NORMAL,HIGH,NORMAL,LOW,HIGH,HIGH,NORMAL,FALSE,NORMAL,NORMAL,HIGH,NORMAL,ZERO,FALSE,LOW,ZERO,LOW,HIGH,FALSE,FALSE,HIGH,NORMAL,LOW,FALSE,HIGH,ZERO,NORMAL,FALSE,NORMAL
TRUE,FALSE,NORMAL,FALSE,LOW,FALSE,LOW,HIGH,NORMAL,HIGH,NORMAL,ZERO,NORMAL,NORMAL,NORMAL,FALSE,NORMAL,NORMAL,HIGH,NORMAL,LOW,FALSE,HIGH,HIGH,LOW,LOW,FALSE,FALSE,LOW,NORMAL,HIGH,FALSE,NORMAL,HIGH,NORMAL,FALSE,NORMAL
TRUE,FALSE,NORMAL,FALSE,NORMAL,FALSE,HIGH,LOW,NORMAL,LOW,NORMAL,ZERO,HIGH,HIGH,ONESIDED,FALSE,NORMAL,NORMAL,LOW,NORMAL,ZERO,FALSE,LOW,NORMAL,LOW,HIGH,FALSE,FALSE,HIGH,NORMAL,LOW,FALSE,HIGH,NORMAL,NORMAL,FALSE,HIGH
FALSE,FALSE,NORMAL,FALSE,HIGH,FALSE,HIGH,HIGH,NORMAL,NORMAL,NORMAL,LOW,HIGH,NORMAL,NORMAL,FALSE,LOW,NORMAL,NORMAL,NORMAL,ZERO,FALSE,LOW,ZERO,LOW,HIGH,FALSE,TRUE,HIGH,NORMAL,LOW,FALSE,HIGH,ZERO,LOW,FALSE,NORMAL
FALSE,FALSE,NORMAL,FALSE,LOW,FALSE,HIGH,HIGH,NORMAL,HIGH,ZERO,ZERO,NORMAL,NORMAL,NORMAL,TRUE,NORMAL,NORMAL,HIGH,NORMAL,LOW,FALSE,HIGH,HIGH,LOW,LOW,FALSE,TRUE,LOW,NORMAL,HIGH,FALSE,NORMAL,HIGH,NORMAL,FALSE,NORMAL
FALSE,FALSE,NORMAL,FALSE,HIGH,FALSE,HIGH,NORMAL,NORMAL,LOW,NORMAL,LOW,HIGH,HIGH,NORMAL,FALSE,NORMAL,NORMAL,NORMAL,NORMAL,ZERO,FALSE,LOW,ZERO,LOW,HIGH,FALSE,FALSE,HIGH,NORMAL,LOW,FALSE,HIGH,ZERO,NORMAL,FALSE,NORMAL
FALSE,FALSE,NORMAL,TRUE,HIGH,FALSE,HIGH,HIGH,NORMAL,NORMAL,NORMAL,LOW,HIGH,LOW,NORMAL,FALSE,LOW,NORMAL,HIGH,LOW,ZERO,FALSE,LOW,ZERO,LOW,HIGH,TRUE,TRUE,HIGH,LOW,LOW,FALSE,HIGH,ZERO,LOW,FALSE,NORMAL
FALSE,FALSE,NORMAL,FALSE,HIGH,FALSE,HIGH,HIGH,NORMAL,LOW,NORMAL,LOW,HIGH,HIGH,NORMAL,FALSE,NORMAL,NORMAL,LOW,NORMAL,ZERO,FALSE,LOW,ZERO,LOW,HIGH,FALSE,FALSE,HIGH,NORMAL,LOW,FALSE,HIGH,ZERO,NORMAL,FALSE,NORMAL
FALSE,FALSE,NORMAL,FALSE,LOW,TRUE,HIGH,HIGH,NORMAL,LOW,LOW,ZERO,HIGH,LOW,NORMAL,FALSE,NORMAL,LOW,NORMAL,NORMAL,LOW,FALSE,HIGH,HIGH,ZERO,NORMAL,FALSE,TRUE,NORMAL,NORMAL,HIGH,FALSE,HIGH,HIGH,LOW,FALSE,NORMAL
FALSE,FALSE,NORMAL,FALSE,HIGH,FALSE,LOW,LOW,NORMAL,LOW,NORMAL,LOW,NORMAL,NORMAL,NORMAL,FALSE,HIGH,NORMAL,LOW,HIGH,ZERO,FALSE,LOW,ZERO,LOW,LOW,FALSE,TRUE,LOW,HIGH,LOW,FALSE,NORMAL,ZERO,NORMAL,FALSE,NORMAL
FALSE,FALSE,NORMAL,FALSE,HIGH,FALSE,HIGH,NORMAL,NORMAL,LOW,NORMAL,LOW,HIGH,HIGH,NORMAL,FALSE,NORMAL,NORMAL,LOW,NORMAL,ZERO,FALSE,LOW,ZERO,LOW,HIGH,FALSE,FALSE,HIGH,NORMAL,LOW,FALSE,HIGH,ZERO,NORMAL,FALSE,NORMAL
FALSE,TRUE,NORMAL,FALSE,HIGH,FALSE,HIGH,HIGH,NORMAL,HIGH,NORMAL,LOW,HIGH,HIGH,NORMAL,FALSE,NORMAL,NORMAL,HIGH,NORMAL,ZERO,FALSE,LOW,ZERO,LOW,LOW,FALSE,FALSE,HIGH,NORMAL,LOW,FALSE,HIGH,ZERO,NORMAL,FALSE,NORMAL
FALSE,TRUE,NORMAL,FALSE,LOW,FALSE,NORMAL,LOW,NORMAL,NORMAL,HIGH,HIGH,NORMAL,LOW,NORMAL,FALSE,HIGH,HIGH,HIGH,HIGH,LOW,FALSE,HIGH,HIGH,LOW,NORMAL,FALSE,TRUE,LOW,HIGH,HIGH,FALSE,LOW,HIGH,NORMAL,FALSE,NORMAL
FALSE,FALSE,NORMAL,FALSE,HIGH,FALSE,HIGH,LOW,NORMAL,HIGH,NORMAL,LOW,HIGH,HIGH,NORMAL,FALSE,NORMAL,NORMAL,HIGH,NORMAL,ZERO,FALSE,LOW,ZERO,LOW,HIGH,FALSE,FALSE,HIGH,NORMAL,LOW,FALSE,HIGH,ZERO,HIGH,FALSE,NORMAL
FALSE,TRUE,NORMAL,FALSE,HIGH,FALSE,HIGH,NORMAL,NORMAL,LOW,NORMAL,LOW,HIGH,HIGH,NORMAL,FALSE,HIGH,NORMAL,LOW,HIGH,ZERO,FALSE,LOW,ZERO,LOW,NORMAL,FALSE,TRUE,HIGH,HIGH,LOW,FALSE,HIGH,ZERO,NORMAL,FALSE,NORMAL
FALSE,FALSE,NORMAL,FALSE,NORMAL,TRUE,LOW,HIGH,NORMAL,NORMAL,NORMAL,LOW,NORMAL,NORMAL,NORMAL,FALSE,HIGH,NORMAL,HIGH,NORMAL,ZERO,FALSE,LOW,ZERO,LOW,HIGH,FALSE,TRUE,NORMAL,HIGH,LOW,FALSE,NORMAL,NORMAL,NORMAL,FALSE,NORMAL
FALSE,FALSE,NORMAL,FALSE,LOW,FALSE,NORMAL,HIGH,NORMAL,LOW,ZERO,ZERO,HIGH,HIGH,NORMAL,TRUE,HIGH,NORMAL,LOW,HIGH,LOW,FALSE,HIGH,HIGH,LOW,HIGH,FALSE,TRUE,HIGH,HIGH,LOW,FALSE,HIGH,HIGH,NORMAL,FALSE,HIGH
FALSE,FALSE,NORMAL,FALSE,HIGH,FALSE,HIGH,HIGH,NORMAL,HIGH,LOW,ZERO,HIGH,HIGH,NORMAL,FALSE,NORMAL,LOW,NORMAL,HIGH,ZERO,FALSE,LOW,LOW,LOW,HIGH,FALSE,FALSE,HIGH,NORMAL,LOW,FALSE,HIGH,ZERO,NORMAL,FALSE,NORMAL
FALSE,FALSE,NORMAL,FALSE,HIGH,FALSE,NORMAL,NORMAL,NORMAL,NORMAL,NORMAL,LOW,HIGH,LOW,NORMAL,FALSE,NORMAL,NORMAL,NORMAL,HIGH,ZERO,FALSE,LOW,ZERO,LOW,NORMAL,FALSE,TRUE,NORMAL,HIGH,LOW,FALSE,LOW,ZERO,LOW,FALSE,NORMAL
FALSE,FALSE,NORMAL,FALSE,HIGH,FALSE,HIGH,HIGH,NORMAL,NORMAL,NORMAL,LOW,HIGH,NORMAL,NORMAL,FALSE,NORMAL,NORMAL,NORMAL,LOW,ZERO,FALSE,LOW,ZERO,ZERO,HIGH,FALSE,FALSE,HIGH,NORMAL,LOW,FALSE,HIGH,ZERO,NORMAL,FALSE,HIGH
FALSE,FALSE,NORMAL,FALSE,HIGH,FALSE,HIGH,HIGH,NORMAL,LOW,NORMAL,LOW,HIGH,HIGH,NORMAL,FALSE,NORMAL,NORMAL,LOW,NORMAL,ZERO,FALSE,LOW,ZERO,LOW,HIGH,FALSE,FALSE,HIGH,NORMAL,LOW,FALSE,HIGH,ZERO,NORMAL,FALSE,NORMAL
FALSE,FALSE,NORMAL,FALSE,HIGH,FALSE,HIGH,HIGH,NORMAL,HIGH,NORMAL,LOW,HIGH,HIGH,NORMAL,FALSE,NORMAL,NORMAL,HIGH,NORMAL,ZERO,FALSE,LOW,ZERO,LOW,HIGH,FALSE,FALSE,HIGH,NORMAL,LOW,FALSE,HIGH,ZERO,NORMAL,FALSE,NORMAL
FALSE,FALSE,NORMAL,FALSE,LOW,FALSE,LOW,NORMAL,NORMAL,HIGH,NORMAL,LOW,NORMAL,NORMAL,NORMAL,FALSE,HIGH,NORMAL,HIGH,HIGH,LOW,FALSE,HIGH,NORMAL,LOW,LOW,FALSE,TRUE,LOW,HIGH,HIGH,FALSE,NORMAL,HIGH,NORMAL,FALSE,NORMAL
FALSE,FALSE,NORMAL,FALSE,HIGH,FALSE,HIGH,NORMAL,NORMAL,HIGH,NORMAL,LOW,HIGH,HIGH,NORMAL,FALSE,LOW,NORMAL,NORMAL,NORMAL,ZERO,FALSE,LOW,ZERO,LOW,HIGH,FALSE,FALSE,HIGH,NORMAL,LOW,FALSE,HIGH,ZERO,NORMAL,FALSE,NORMAL
TRUE,FALSE,NORMAL,FALSE,LOW,FALSE,LOW,HIGH,NORMAL,HIGH,NORMAL,ZERO,NORMAL,NORMAL,NORMAL,FALSE,NORMAL,NORMAL,HIGH,NORMAL,LOW,FALSE,HIGH,HIGH,LOW,LOW,FALSE,FALSE,LOW,NORMAL,NORMAL,FALSE,NORMAL,HIGH,NORMAL,FALSE,NORMAL
FALSE,FALSE,NORMAL,FALSE,HIGH,FALSE,HIGH,HIGH,NORMAL,LOW,NORMAL,LOW,HIGH,HIGH,NORMAL,FALSE,NORMAL,NORMAL,LOW,NORMAL,ZERO,FALSE,LOW,ZERO,LOW,HIGH,FALSE,FALSE,HIGH,NORMAL,LOW,FALSE,HIGH,ZERO,NORMAL,FALSE,NORMAL
TRUE,FALSE,NORMAL,FALSE,LOW,FALSE,HIGH,HIGH,NORMAL,NORMAL,NORMAL,ZERO,HIGH,HIGH,NORMAL,FALSE,NORMAL,NORMAL,NORMAL,NORMAL,LOW,FALSE,HIGH,HIGH,LOW,HIGH,FALSE,FALSE,HIGH,NORMAL,HIGH,FALSE,HIGH,HIGH,NORMAL,FALSE,NORMAL
FALSE,FALSE,NORMAL,FALSE,HIGH,FALSE,NORMAL,HIGH,NORMAL,LOW,NORMAL,LOW,HIGH,LOW,NORMAL,TRUE,HIGH,NORMAL,NORMAL,HIGH,ZERO,FALSE,LOW,ZERO,LOW,HIGH,FALSE,TRUE,HIGH,HIGH,LOW,FALSE,HIGH,ZERO,LOW,FALSE,NORMAL
FALSE,FALSE,NORMAL,FALSE,LOW,FALSE,LOW,HIGH,NORMAL,HIGH,ZERO,ZERO,NORMAL,NORMAL,NORMAL,FALSE,NORMAL,NORMAL,HIGH,NORMAL,LOW,FALSE,HIGH,HIGH,LOW,LOW,FALSE,FALSE,LOW,NORMAL,HIGH,FALSE,NORMAL,HIGH,NORMAL,FALSE,NORMAL
FALSE,FALSE,NORMAL,FALSE,HIGH,FALSE,HIGH,HIGH,NORMAL,NORMAL,NORMAL,LOW,HIGH,LOW,NORMAL,FALSE,NORMAL,NORMAL,HIGH,NORMAL,ZERO,FALSE,LOW,ZERO,LOW,HIGH,FALSE,FALSE,HIGH,NORMAL,LOW,FALSE,HIGH,ZERO,LOW,FALSE,NORMAL
FALSE,FALSE,NORMAL,FALSE,HIGH,FALSE,HIGH,LOW,NORMAL,HIGH,NORMAL,LOW,HIGH,HIGH,NORMAL,FALSE,HIGH,NORMAL,NORMAL,NORMAL,ZERO,FALSE,LOW,ZERO,LOW,HIGH,FALSE,FALSE,HIGH,HIGH,LOW,FALSE,HIGH,ZERO,NORMAL,FALSE,NORMAL
FALSE,FALSE,NORMAL,TRUE,HIGH,FALSE,HIGH,HIGH,NORMAL,LOW,NORMAL,LOW,HIGH,LOW,NORMAL,FALSE,LOW,NORMAL,NORMAL,LOW,ZERO,FALSE,LOW,ZERO,LOW,HIGH,TRUE,FALSE,HIGH,LOW,LOW,FALSE,HIGH,ZERO,LOW,FALSE,NORMAL
FALSE,FALSE,NORMAL,FALSE,HIGH,FALSE,HIGH,ZERO,NORMAL,HIGH,NORMAL,LOW,HIGH,HIGH,NORMAL,FALSE,HIGH,NORMAL,NORMAL,NORMAL,ZERO,FALSE,LOW,ZERO,LOW,HIGH,FALSE,TRUE,HIGH,HIGH,LOW,FALSE,HIGH,ZERO,NORMAL,FALSE,NORMAL
TRUE,FALSE,NORMAL,TRUE,HIGH,FALSE,HIGH,HIGH,NORMAL,NORMAL,NORMAL,ZERO,HIGH,NORMAL,NORMAL,FALSE,LOW,NORMAL,NORMAL,LOW,ZERO,FALSE,LOW,ZERO,LOW,HIGH,TRUE,FALSE,HIGH,LOW,LOW,FALSE,HIGH,ZERO,LOW,FALSE,NORMAL
FALSE,FALSE,NORMAL,FALSE,HIGH,FALSE,HIGH,NORMAL,LOW,LOW,NORMAL,LOW,HIGH,LOW,NORMAL,FALSE,HIGH,NORMAL,NORMAL,HIGH,ZERO,FALSE,LOW,ZERO,LOW,HIGH,FALSE,TRUE,HIGH,HIGH,LOW,FALSE,HIGH,ZERO,LOW,FALSE,NORMAL
FALSE,FALSE,NORMAL,FALSE,LOW,FALSE,HIGH,HIGH,NORMAL,HIGH,NORMAL,LOW,HIGH,HIGH,NORMAL,FALSE,NORMAL,NORMAL,NORMAL,NORMAL,LOW,FALSE,HIGH,HIGH,LOW,HIGH,FALSE,FALSE,HIGH,NORMAL,HIGH,FALSE,HIGH,HIGH,NORMAL,FALSE,NORMAL
FALSE,FALSE,NORMAL,TRUE,LOW,FALSE,HIGH,NORMAL,NORMAL,LOW,HIGH,HIGH,NORMAL,LOW,NORMAL,FALSE,LOW,HIGH,HIGH,LOW,LOW,FALSE,HIGH,HIGH,LOW,HIGH,TRUE,FALSE,HIGH,LOW,HIGH,FALSE,HIGH,HIGH,LOW,FALSE,NORMAL
FALSE,FALSE,NORMAL,FALSE,HIGH,FALSE,LOW,HIGH,LOW,LOW,NORMAL,LOW,HIGH,LOW,NORMAL,FALSE,NORMAL,NORMAL,NORMAL,NORMAL,ZERO,FALSE,LOW,ZERO,LOW,LOW,FALSE,FALSE,LOW,NORMAL,LOW,FALSE,NORMAL,ZERO,LOW,FALSE,NORMAL
FALSE,FALSE,NORMAL,FALSE,HIGH,FALSE,NORMAL,LOW,NORMAL,LOW,NORMAL,LOW,HIGH,HIGH,NORMAL,TRUE,NORMAL,NORMAL,LOW,NORMAL,ZERO,FALSE,LOW,ZERO,LOW,HIGH,FALSE,FALSE,HIGH,NORMAL,LOW,FALSE,HIGH,ZERO,NORMAL,FALSE,NORMAL
FALSE,FALSE,NORMAL,FALSE,HIGH,FALSE,LOW,HIGH,NORMAL,HIGH,NORMAL,LOW,HIGH,NORMAL,NORMAL,FALSE,HIGH,NORMAL,HIGH,HIGH,ZERO,FALSE,LOW,ZERO,LOW,LOW,FALSE,TRUE,LOW,HIGH,LOW,FALSE,NORMAL,ZERO,NORMAL,FALSE,NORMAL
FALSE,FALSE,NORMAL,FALSE,HIGH,FALSE,HIGH,HIGH,NORMAL,LOW,NORMAL,LOW,HIGH,HIGH,NORMAL,FALSE,NORMAL,NORMAL,LOW,NORMAL,ZERO,FALSE,LOW,ZERO,LOW,HIGH,FALSE,FALSE,HIGH,NORMAL,LOW,FALSE,HIGH,ZERO,NORMAL,FALSE,NORMAL
FALSE,TRUE,NORMAL,FALSE,NORMAL,FALSE,HIGH,HIGH,NORMAL,LOW,NORMAL,LOW,HIGH,LOW,ONESIDED,FALSE,HIGH,NORMAL,NORMAL,HIGH,ZERO,FALSE,LOW,NORMAL,LOW,HIGH,FALSE,TRUE,HIGH,HIGH,LOW,FALSE,HIGH,NORMAL,LOW,FALSE,HIGH
FALSE,FALSE,NORMAL,FALSE,HIGH,FALSE,LOW,HIGH,NORMAL,NORMAL,NORMAL,LOW,HIGH,NORMAL,NORMAL,FALSE,NORMAL,NORMAL,NORMAL,NORMAL,ZERO,FALSE,LOW,ZERO,LOW,LOW,FALSE,FALSE,LOW,NORMAL,LOW,FALSE,NORMAL,ZERO,NORMAL,FALSE,NORMAL
FALSE,FALSE,NORMAL,FALSE,HIGH,FALSE,LOW,HIGH,NORMAL,HIGH,NORMAL,LOW,HIGH,HIGH,ONESIDED,FALSE,NORMAL,NORMAL,HIGH,NORMAL,LOW,FALSE,LOW,ZERO,NORMAL,HIGH,FALSE,FALSE,HIGH,NORMAL,LOW,FALSE,HIGH,LOW,NORMAL,FALSE,HIGH
FALSE,FALSE,NORMAL,FALSE,HIGH,FALSE,HIGH,NORMAL,NORMAL,HIGH,NORMAL,LOW,HIGH,HIGH,NORMAL,FALSE,NORMAL,NORMAL,NORMAL,NORMAL,ZERO,FALSE,LOW,ZERO,LOW,HIGH,FALSE,FALSE,HIGH,NORMAL,LOW,FALSE,HIGH,ZERO,NORMAL,FALSE,NORMAL
FALSE,FALSE,NORMAL,FALSE,NORMAL,TRUE,LOW,HIGH,NORMAL,NORMAL,NORMAL,LOW,HIGH,NORMAL,NORMAL,FALSE,NORMAL,NORMAL,NORMAL,NORMAL,ZERO,FALSE,LOW,ZERO,LOW,LOW,FALSE,FALSE,LOW,NORMAL,LOW,FALSE,NORMAL,NORMAL,NORMAL,FALSE,NORMAL
FALSE,TRUE,NORMAL,FALSE,HIGH,FALSE,HIGH,LOW,NORMAL,NORMAL,NORMAL,LOW,HIGH,HIGH,NORMAL,FALSE,NORMAL,NORMAL,LOW,NORMAL,ZERO,FALSE,LOW,ZERO,LOW,HIGH,FALSE,FALSE,HIGH,NORMAL,LOW,FALSE,HIGH,ZERO,NORMAL,FALSE,NORMAL
FALSE,FALSE,NORMAL,FALSE,HIGH,FALSE,HIGH,HIGH,NORMAL,HIGH,NORMAL,LOW,HIGH,HIGH,ONESIDED,FALSE,NORMAL,NORMAL,NORMAL,LOW,LOW,FALSE,LOW,ZERO,NORMAL,HIGH,FALSE,FALSE,HIGH,NORMAL,LOW,FALSE,HIGH,LOW,NORMAL,FALSE,HIGH
FALSE,FALSE,NORMAL,FALSE,LOW,FALSE,LOW,LOW,NORMAL,NORMAL,ZERO,HIGH,NORMAL,NORMAL,NORMAL,FALSE,NORMAL,NORMAL,HIGH,LOW,LOW,FALSE,HIGH,HIGH,LOW,LOW,FALSE,FALSE,LOW,LOW,HIGH,FALSE,NORMAL,HIGH,NORMAL,FALSE,NORMAL
FALSE,FALSE,HIGH,FALSE,HIGH,FALSE,HIGH,LOW,NORMAL,HIGH,NORMAL,LOW,HIGH,HIGH,NORMAL,FALSE,NORMAL,NORMAL,HIGH,NORMAL,ZERO,FALSE,LOW,ZERO,LOW,HIGH,FALSE,FALSE,HIGH,NORMAL,LOW,FALSE,HIGH,ZERO,NORMAL,FALSE,NORMAL
FALSE,TRUE,NORMAL,FALSE,HIGH,FALSE,HIGH,ZERO,NORMAL,HIGH,NORMAL,LOW,HIGH,HIGH,NORMAL,FALSE,NORMAL,NORMAL,NORMAL,NORMAL,ZERO,FALSE,LOW,ZERO,LOW,HIGH,FALSE,FALSE,HIGH,NORMAL,LOW,FALSE,HIGH,ZERO,NORMAL,TRUE,NORMAL
FALSE,TRUE,NORMAL,FALSE,HIGH,FALSE,HIGH,NORMAL,NORMAL,HIGH,NORMAL,LOW,HIGH,HIGH,NORMAL,FALSE,NORMAL,NORMAL,NORMAL,NORMAL,ZERO,FALSE,LOW,ZERO,LOW,HIGH,FALSE,FALSE,NORMAL,NORMAL,LOW,FALSE,HIGH,ZERO,NORMAL,FALSE,NORMAL
FALSE,FALSE,NORMAL,FALSE,LOW,FALSE,HIGH,HIGH,NORMAL,LOW,LOW,ZERO,HIGH,HIGH,NORMAL,FALSE,NORMAL,LOW,LOW,NORMAL,LOW,TRUE,HIGH,ZERO,LOW,HIGH,FALSE,FALSE,HIGH,NORMAL,HIGH,FALSE,HIGH,HIGH,NORMAL,FALSE,NORMAL
FALSE,FALSE,NORMAL,FALSE,HIGH,FALSE,NORMAL,LOW,NORMAL,LOW,NORMAL,LOW,HIGH,HIGH,NORMAL,TRUE,LOW,NORMAL,NORMAL,LOW,ZERO,FALSE,LOW,ZERO,LOW,HIGH,FALSE,FALSE,HIGH,LOW,LOW,FALSE,HIGH,ZERO,NORMAL,FALSE,NORMAL
FALSE,FALSE,NORMAL,FALSE,HIGH,FALSE,HIGH,HIGH,NORMAL,HIGH,NORMAL,LOW,HIGH,NORMAL,NORMAL,FALSE,NORMAL,NORMAL,HIGH,NORMAL,ZERO,FALSE,LOW,ZERO,LOW,HIGH,FALSE,FALSE,HIGH,NORMAL,LOW,FALSE,HIGH,ZERO,NORMAL,FALSE,NORMAL
FALSE,FALSE,NORMAL,FALSE,HIGH,FALSE,LOW,NORMAL,NORMAL,HIGH,NORMAL,LOW,NORMAL,NORMAL,NORMAL,FALSE,NORMAL,NORMAL,HIGH,NORMAL,ZERO,FALSE,LOW,ZERO,LOW,LOW,FALSE,FALSE,LOW,NORMAL,LOW,FALSE,NORMAL,ZERO,NORMAL,FALSE,NORMAL
FALSE,FALSE,NORMAL,FALSE,HIGH,FALSE,HIGH,LOW,NORMAL,HIGH,NORMAL,LOW,HIGH,HIGH,NORMAL,FALSE,NORMAL,NORMAL,HIGH,NORMAL,ZERO,FALSE,LOW,ZERO,LOW,HIGH,FALSE,FALSE,HIGH,NORMAL,LOW,FALSE,HIGH,ZERO,NORMAL,FALSE,NORMAL
FALSE,FALSE,NORMAL,TRUE,HIGH,FALSE,HIGH,NORMAL,NORMAL,LOW,NORMAL,LOW,HIGH,HIGH,NORMAL,FALSE,NORMAL,NORMAL,LOW,NORMAL,ZERO,FALSE,LOW,ZERO,LOW,HIGH,FALSE,FALSE,HIGH,NORMAL,LOW,FALSE,HIGH,ZERO,NORMAL,FALSE,NORMAL
FALSE,FALSE,NORMAL,FALSE,HIGH,FALSE,HIGH,LOW,NORMAL,LOW,NORMAL,LOW,HIGH,HIGH,NORMAL,FALSE,NORMAL,NORMAL,LOW,NORMAL,ZERO,FALSE,LOW,ZERO,LOW,HIGH,FALSE,FALSE,HIGH,NORMAL,HIGH,FALSE,HIGH,ZERO,NORMAL,FALSE,NORMAL
FALSE,FALSE,NORMAL,FALSE,HIGH,FALSE,HIGH,NORMAL,NORMAL,HIGH,NORMAL,LOW,HIGH,HIGH,NORMAL,FALSE,NORMAL,NORMAL,NORMAL,NORMAL,ZERO,FALSE,LOW,LOW,LOW,HIGH,FALSE,FALSE,LOW,NORMAL,LOW,FALSE,HIGH,ZERO,NORMAL,FALSE,NORMAL
FALSE,FALSE,NORMAL,FALSE,HIGH,FALSE,LOW,HIGH,NORMAL,NORMAL,NORMAL,LOW,NORMAL,NORMAL,NORMAL,FALSE,NORMAL,NORMAL,HIGH,NORMAL,ZERO,FALSE,LOW,ZERO,LOW,LOW,FALSE,FALSE,LOW,NORMAL,LOW,FALSE,NORMAL,ZERO,NORMAL,FALSE,NORMAL
FALSE,FALSE,NORMAL,FALSE,LOW,TRUE,HIGH,NORMAL,NORMAL,LOW,NORMAL,LOW,HIGH,HIGH,NORMAL,FALSE,NORMAL,NORMAL,LOW,NORMAL,ZERO,FALSE,HIGH,ZERO,ZERO,NORMAL,FALSE,FALSE,NORMAL,NORMAL,HIGH,FALSE,HIGH,HIGH,NORMAL,FALSE,NORMAL
TRUE,TRUE,NORMAL,FALSE,LOW,FALSE,LOW,HIGH,NORMAL,NORMAL,NORMAL,ZERO,HIGH,NORMAL,NORMAL,FALSE,NORMAL,NORMAL,NORMAL,NORMAL,LOW,FALSE,HIGH,HIGH,LOW,NORMAL,FALSE,FALSE,LOW,NORMAL,HIGH,FALSE,NORMAL,HIGH,NORMAL,FALSE,NORMAL
FALSE,FALSE,NORMAL,FALSE,NORMAL,FALSE,HIGH,LOW,NORMAL,HIGH,LOW,ZERO,HIGH,HIGH,ONESIDED,FALSE,NORMAL,LOW,NORMAL,NORMAL,ZERO,FALSE,LOW,NORMAL,LOW,HIGH,FALSE,FALSE,HIGH,NORMAL,LOW,FALSE,HIGH,NORMAL,NORMAL,FALSE,HIGH
FALSE,FALSE,NORMAL,FALSE,HIGH,FALSE,NORMAL,HIGH,NORMAL,HIGH,NORMAL,LOW,HIGH,HIGH,NORMAL,TRUE,LOW,NORMAL,HIGH,LOW,ZERO,FALSE,LOW,ZERO,LOW,HIGH,FALSE,FALSE,HIGH,LOW,LOW,FALSE,HIGH,ZERO,NORMAL,FALSE,NORMAL
FALSE,FALSE,NORMAL,FALSE,HIGH,FALSE,HIGH,HIGH,NORMAL,LOW,NORMAL,LOW,NORMAL,HIGH,ESOPHAGEAL,FALSE,NORMAL,NORMAL,LOW,NORMAL,LOW,FALSE,LOW,ZERO,NORMAL,HIGH,FALSE,FALSE,HIGH,NORMAL,LOW,FALSE,HIGH,ZERO,NORMAL,FALSE,NORMAL
TRUE,FALSE,NORMAL,FALSE,NORMAL,FALSE,HIGH,LOW,NORMAL,HIGH,NORMAL,ZERO,HIGH,HIGH,ONESIDED,FALSE,NORMAL,NORMAL,NORMAL,NORMAL,ZERO,FALSE,LOW,NORMAL,LOW,HIGH,FALSE,FALSE,HIGH,NORMAL,LOW,FALSE,HIGH,NORMAL,NORMAL,FALSE,HIGH
FALSE,FALSE,NORMAL,FALSE,HIGH,FALSE,HIGH,HIGH,NORMAL,HIGH,NORMAL,LOW,HIGH,HIGH,NORMAL,FALSE,NORMAL,NORMAL,NORMAL,NORMAL,ZERO,FALSE,LOW,ZERO,LOW,HIGH,FALSE,FALSE,HIGH,NORMAL,LOW,FALSE,HIGH,ZERO,NORMAL,FALSE,NORMAL
TRUE,FALSE,LOW,FALSE,HIGH,FALSE,HIGH,HIGH,NORMAL,HIGH,LOW,ZERO,HIGH,HIGH,NORMAL,FALSE,HIGH,LOW,HIGH,NORMAL,ZERO,FALSE,LOW,ZERO,LOW,HIGH,FALSE,TRUE,HIGH,HIGH,LOW,FALSE,HIGH,ZERO,NORMAL,FALSE,NORMAL
FALSE,FALSE,NORMAL,TRUE,LOW,FALSE,LOW,LOW,NORMAL,NORMAL,NORMAL,LOW,NORMAL,NORMAL,NORMAL,FALSE,LOW,NORMAL,HIGH,LOW,LOW,FALSE,HIGH,LOW,LOW,LOW,TRUE,FALSE,LOW,LOW,HIGH,FALSE,NORMAL,HIGH,LOW,FALSE,NORMAL
FALSE,TRUE,NORMAL,FALSE,HIGH,FALSE,NORMAL,HIGH,NORMAL,HIGH,NORMAL,LOW,HIGH,HIGH,NORMAL,FALSE,NORMAL,NORMAL,HIGH,LOW,ZERO,FALSE,LOW,ZERO,LOW,HIGH,FALSE,FALSE,HIGH,NORMAL,LOW,FALSE,HIGH,ZERO,NORMAL,FALSE,NORMAL
FALSE,FALSE,NORMAL,FALSE,HIGH,FALSE,HIGH,LOW,NORMAL,HIGH,NORMAL,LOW,HIGH,HIGH,NORMAL,FALSE,NORMAL,NORMAL,NORMAL,NORMAL,ZERO,FALSE,LOW,ZERO,LOW,HIGH,FALSE,FALSE,HIGH,NORMAL,LOW,FALSE,HIGH,ZERO,NORMAL,FALSE,NORMAL
FALSE,FALSE,LOW,FALSE,HIGH,FALSE,HIGH,NORMAL,LOW,HIGH,NORMAL,LOW,HIGH,HIGH,NORMAL,FALSE,NORMAL,NORMAL,NORMAL,NORMAL,ZERO,FALSE,LOW,ZERO,LOW,HIGH,FALSE,FALSE,HIGH,NORMAL,LOW,FALSE,HIGH,ZERO,NORMAL,FALSE,NORMAL
FALSE,FALSE,NORMAL,FALSE,HIGH,FALSE,HIGH,HIGH,NORMAL,NORMAL,NORMAL,LOW,HIGH,HIGH,NORMAL,FALSE,NORMAL,NORMAL,NORMAL,NORMAL,ZERO,FALSE,LOW,ZERO,LOW,HIGH,FALSE,FALSE,HIGH,NORMAL,LOW,FALSE,HIGH,ZERO,NORMAL,TRUE,NORMAL
FALSE,FALSE,NORMAL,FALSE,HIGH,FALSE,HIGH,HIGH,NORMAL,LOW,NORMAL,LOW,HIGH,HIGH,NORMAL,FALSE,HIGH,NORMAL,LOW,LOW,ZERO,FALSE,LOW,ZERO,LOW,HIGH,FALSE,TRUE,HIGH,HIGH,LOW,FALSE,HIGH,ZERO,NORMAL,FALSE,NORMAL
FALSE,FALSE,NORMAL,FALSE,HIGH,FALSE,HIGH,HIGH,NORMAL,LOW,NORMAL,LOW,HIGH,HIGH,ONESIDED,FALSE,NORMAL,NORMAL,LOW,NORMAL,LOW,FALSE,LOW,LOW,NORMAL,HIGH,FALSE,FALSE,HIGH,NORMAL,LOW,FALSE,HIGH,LOW,NORMAL,FALSE,HIGH
FALSE,FALSE,NORMAL,FALSE,HIGH,TRUE,HIGH,HIGH,NORMAL,LOW,NORMAL,LOW,HIGH,HIGH,NORMAL,FALSE,NORMAL,NORMAL,LOW,NORMAL,ZERO,FALSE,LOW,ZERO,LOW,NORMAL,FALSE,FALSE,NORMAL,NORMAL,LOW,FALSE,HIGH,ZERO,NORMAL,FALSE,NORMAL
FALSE,FALSE,LOW,TRUE,HIGH,TRUE,HIGH,HIGH,NORMAL,NORMAL,NORMAL,LOW,HIGH,LOW,NORMAL,FALSE,LOW,NORMAL,HIGH,LOW,ZERO,FALSE,LOW,ZERO,LOW,NORMAL,TRUE,FALSE,NORMAL,LOW,LOW,FALSE,HIGH,ZERO,LOW,FALSE,NORMAL
FALSE,FALSE,NORMAL,FALSE,HIGH,TRUE,HIGH,HIGH,NORMAL,HIGH,LOW,ZERO,HIGH,HIGH,NORMAL,FALSE,NORMAL,NORMAL,HIGH,NORMAL,LOW,FALSE,HIGH,HIGH,NORMAL,NORMAL,FALSE,FALSE,NORMAL,NORMAL,HIGH,FALSE,HIGH,HIGH,HIGH,FALSE,NORMAL
FALSE,FALSE,NORMAL,FALSE,HIGH,TRUE,HIGH,HIGH,NORMAL,LOW,NORMAL,LOW,HIGH,LOW,NORMAL,FALSE,HIGH,NORMAL,NORMAL,HIGH,ZERO,FALSE,LOW,ZERO,LOW,NORMAL,TRUE,TRUE,NORMAL,HIGH,LOW,FALSE,HIGH,ZERO,LOW,FALSE,HIGH
FALSE,FALSE,NORMAL,FALSE,HIGH,FALSE,HIGH,HIGH,NORMAL,NORMAL,NORMAL,LOW,HIGH,HIGH,NORMAL,FALSE,NORMAL,NORMAL,LOW,LOW,ZERO,FALSE,LOW,HIGH,LOW,HIGH,FALSE,FALSE,HIGH,NORMAL,LOW,FALSE,HIGH,ZERO,NORMAL,FALSE,NORMAL
FALSE,FALSE,NORMAL,FALSE,HIGH,TRUE,HIGH,LOW,NORMAL,LOW,NORMAL,LOW,HIGH,LOW,NORMAL,FALSE,NORMAL,NORMAL,LOW,NORMAL,ZERO,FALSE,LOW,ZERO,LOW,NORMAL,FALSE,FALSE,NORMAL,NORMAL,LOW,FALSE,HIGH,ZERO,NORMAL,FALSE,NORMAL
FALSE,FALSE,NORMAL,FALSE,HIGH,FALSE,HIGH,HIGH,NORMAL,LOW,NORMAL,LOW,HIGH,HIGH,NORMAL,FALSE,NORMAL,NORMAL,LOW,NORMAL,ZERO,FALSE,LOW,ZERO,LOW,HIGH,FALSE,FALSE,HIGH,NORMAL,LOW,FALSE,HIGH,ZERO,NORMAL,FALSE,NORMAL
FALSE,FALSE,NORMAL,FALSE,LOW,FALSE,HIGH,HIGH,NORMAL,LOW,LOW,ZERO,HIGH,LOW,NORMAL,FALSE,NORMAL,NORMAL,NORMAL,NORMAL,LOW,FALSE,HIGH,HIGH,LOW,HIGH,FALSE,FALSE,HIGH,NORMAL,HIGH,FALSE,HIGH,HIGH,LOW,FALSE,NORMAL
TRUE,FALSE,NORMAL,FALSE,HIGH,FALSE,HIGH,HIGH,NORMAL,HIGH,NORMAL,ZERO,HIGH,HIGH,NORMAL,FALSE,NORMAL,NORMAL,NORMAL,NORMAL,ZERO,FALSE,LOW,ZERO,LOW,HIGH,FALSE,FALSE,HIGH,NORMAL,LOW,FALSE,HIGH,ZERO,NORMAL,FALSE,NORMAL
FALSE,FALSE,NORMAL,FALSE,HIGH,FALSE,HIGH,LOW,NORMAL,LOW,NORMAL,LOW,HIGH,LOW,NORMAL,FALSE,NORMAL,NORMAL,NORMAL,NORMAL,HIGH,FALSE,LOW,LOW,HIGH,HIGH,FALSE,TRUE,HIGH,NORMAL,LOW,FALSE,HIGH,LOW,LOW,FALSE,NORMAL
FALSE,FALSE,NORMAL,FALSE,HIGH,FALSE,LOW,LOW,NORMAL,NORMAL,NORMAL,LOW,HIGH,NORMAL,NORMAL,FALSE,NORMAL,NORMAL,NORMAL,NORMAL,HIGH,FALSE,LOW,LOW,HIGH,LOW,FALSE,FALSE,LOW,NORMAL,LOW,FALSE,NORMAL,LOW,NORMAL,FALSE,NORMAL
FALSE,FALSE,NORMAL,FALSE,HIGH,TRUE,HIGH,LOW,NORMAL,HIGH,NORMAL,LOW,HIGH,HIGH,NORMAL,FALSE,LOW,NORMAL,NORMAL,LOW,ZERO,FALSE,LOW,LOW,LOW,NORMAL,FALSE,FALSE,NORMAL,LOW,LOW,FALSE,HIGH,ZERO,NORMAL,FALSE,NORMAL
FALSE,FALSE,NORMAL,FALSE,HIGH,FALSE,HIGH,LOW,NORMAL,HIGH,NORMAL,LOW,HIGH,HIGH,NORMAL,FALSE,NORMAL,NORMAL,NORMAL,NORMAL,ZERO,FALSE,LOW,ZERO,LOW,HIGH,FALSE,FALSE,HIGH,NORMAL,LOW,FALSE,HIGH,ZERO,NORMAL,FALSE,NORMAL
FALSE,FALSE,NORMAL,FALSE,HIGH,TRUE,LOW,LOW,NORMAL,NORMAL,NORMAL,LOW,HIGH,NORMAL,NORMAL,FALSE,NORMAL,NORMAL,NORMAL,NORMAL,ZERO,FALSE,LOW,ZERO,LOW,NORMAL,FALSE,FALSE,NORMAL,NORMAL,LOW,FALSE,NORMAL,ZERO,NORMAL,FALSE,NORMAL
FALSE,FALSE,NORMAL,TRUE,HIGH,FALSE,HIGH,NORMAL,NORMAL,LOW,NORMAL,LOW,HIGH,NORMAL,NORMAL,FALSE,LOW,NORMAL,NORMAL,LOW,ZERO,FALSE,LOW,ZERO,LOW,HIGH,TRUE,FALSE,HIGH,LOW,LOW,FALSE,HIGH,ZERO,LOW,FALSE,NORMAL
FALSE,FALSE,NORMAL,TRUE,LOW,FALSE,LOW,HIGH,NORMAL,LOW,ZERO,ZERO,NORMAL,LOW,NORMAL,FALSE,LOW,NORMAL,HIGH,LOW,LOW,FALSE,HIGH,HIGH,LOW,LOW,TRUE,TRUE,LOW,LOW,HIGH,FALSE,NORMAL,HIGH,LOW,FALSE,NORMAL
FALSE,FALSE,NORMAL,FALSE,HIGH,FALSE,HIGH,LOW,NORMAL,NORMAL,NORMAL,LOW,HIGH,HIGH,NORMAL,FALSE,HIGH,NORMAL,LOW,HIGH,ZERO,FALSE,LOW,ZERO,LOW,HIGH,FALSE,TRUE,HIGH,HIGH,LOW,FALSE,HIGH,ZERO,NORMAL,FALSE,NORMAL
FALSE,FALSE,NORMAL,FALSE,HIGH,TRUE,HIGH,NORMAL,NORMAL,LOW,NORMAL,LOW,HIGH,HIGH,NORMAL,FALSE,NORMAL,NORMAL,LOW,NORMAL,ZERO,FALSE,LOW,ZERO,LOW,NORMAL,FALSE,FALSE,NORMAL,NORMAL,LOW,FALSE,HIGH,ZERO,NORMAL,FALSE,NORMAL
FALSE,FALSE,NORMAL,TRUE,HIGH,FALSE,HIGH,HIGH,NORMAL,LOW,NORMAL,LOW,HIGH,LOW,NORMAL,FALSE,LOW,NORMAL,HIGH,LOW,ZERO,FALSE,LOW,ZERO,LOW,HIGH,TRUE,FALSE,HIGH,LOW,LOW,FALSE,HIGH,ZERO,LOW,FALSE,NORMAL
FALSE,FALSE,HIGH,FALSE,LOW,FALSE,HIGH,NORMAL,NORMAL,HIGH,NORMAL,LOW,HIGH,HIGH,NORMAL,FALSE,NORMAL,NORMAL,NORMAL,LOW,ZERO,FALSE,LOW,ZERO,ZERO,HIGH,FALSE,FALSE,HIGH,NORMAL,LOW,TRUE,HIGH,HIGH,NORMAL,FALSE,HIGH
FALSE,FALSE,NORMAL,FALSE,HIGH,FALSE,HIGH,NORMAL,NORMAL,HIGH,NORMAL,LOW,HIGH,HIGH,NORMAL,FALSE,NORMAL,NORMAL,HIGH,NORMAL,ZERO,FALSE,LOW,ZERO,LOW,HIGH,FALSE,FALSE,HIGH,NORMAL,LOW,FALSE,HIGH,ZERO,NORMAL,FALSE,NORMAL
FALSE,FALSE,NORMAL,FALSE,LOW,FALSE,LOW,HIGH,LOW,HIGH,ZERO,ZERO,NORMAL,NORMAL,NORMAL,FALSE,NORMAL,NORMAL,HIGH,NORMAL,LOW,FALSE,NORMAL,HIGH,LOW,LOW,FALSE,FALSE,LOW,NORMAL,NORMAL,FALSE,NORMAL,HIGH,NORMAL,FALSE,NORMAL
FALSE,FALSE,NORMAL,FALSE,HIGH,FALSE,HIGH,HIGH,NORMAL,HIGH,NORMAL,LOW,HIGH,HIGH,NORMAL,FALSE,NORMAL,NORMAL,HIGH,NORMAL,ZERO,FALSE,LOW,ZERO,LOW,HIGH,FALSE,FALSE,HIGH,NORMAL,LOW,FALSE,HIGH,ZERO,NORMAL,FALSE,NORMAL
FALSE,FALSE,NORMAL,FALSE,HIGH,FALSE,LOW,LOW,NORMAL,HIGH,NORMAL,LOW,HIGH,NORMAL,NORMAL,FALSE,LOW,NORMAL,NORMAL,NORMAL,ZERO,FALSE,LOW,ZERO,LOW,LOW,FALSE,FALSE,LOW,NORMAL,LOW,FALSE,NORMAL,ZERO,NORMAL,FALSE,NORMAL
FALSE,FALSE,NORMAL,FALSE,HIGH,FALSE,HIGH,HIGH,NORMAL,NORMAL,NORMAL,LOW,HIGH,HIGH,NORMAL,FALSE,NORMAL,NORMAL,LOW,NORMAL,ZERO,FALSE,LOW,ZERO,LOW,HIGH,FALSE,FALSE,HIGH,NORMAL,LOW,FALSE,HIGH,ZERO,NORMAL,FALSE,NORMAL
FALSE,FALSE,NORMAL,FALSE,HIGH,TRUE,HIGH,NORMAL,NORMAL,LOW,LOW,ZERO,HIGH,HIGH,ESOPHAGEAL,FALSE,HIGH,LOW,LOW,HIGH,ZERO,FALSE,LOW,LOW,LOW,NORMAL,FALSE,TRUE,NORMAL,HIGH,LOW,FALSE,HIGH,LOW,NORMAL,TRUE,NORMAL
FALSE,FALSE,HIGH,FALSE,LOW,FALSE,LOW,HIGH,NORMAL,HIGH,NORMAL,ZERO,NORMAL,HIGH,NORMAL,FALSE,NORMAL,NORMAL,HIGH,NORMAL,LOW,FALSE,HIGH,HIGH,LOW,NORMAL,FALSE,FALSE,LOW,NORMAL,HIGH,FALSE,NORMAL,HIGH,HIGH,FALSE,NORMAL
FALSE,FALSE,NORMAL,FALSE,HIGH,FALSE,HIGH,NORMAL,NORMAL,NORMAL,NORMAL,LOW,HIGH,HIGH,NORMAL,FALSE,NORMAL,NORMAL,NORMAL,NORMAL,ZERO,FALSE,LOW,ZERO,LOW,HIGH,FALSE,FALSE,HIGH,NORMAL,LOW,FALSE,HIGH,ZERO,NORMAL,FALSE,NORMAL
FALSE,FALSE,NORMAL,FALSE,HIGH,FALSE,HIGH,NORMAL,NORMAL,HIGH,NORMAL,LOW,HIGH,HIGH,NORMAL,FALSE,HIGH,NORMAL,HIGH,HIGH,ZERO,FALSE,LOW,ZERO,LOW,HIGH,FALSE,TRUE,HIGH,HIGH,LOW,FALSE,HIGH,ZERO,NORMAL,FALSE,NORMAL
FALSE,FALSE,NORMAL,FALSE,HIGH,FALSE,HIGH,NORMAL,NORMAL,HIGH,NORMAL,LOW,HIGH,HIGH,NORMAL,FALSE,HIGH,NORMAL,NORMAL,HIGH,ZERO,FALSE,LOW,ZERO,LOW,HIGH,FALSE,TRUE,HIGH,HIGH,LOW,FALSE,HIGH,ZERO,NORMAL,FALSE,NORMAL
FALSE,FALSE,NORMAL,FALSE,HIGH,FALSE,HIGH,ZERO,NORMAL,LOW,ZERO,ZERO,HIGH,HIGH,ESOPHAGEAL,FALSE,NORMAL,HIGH,LOW,NORMAL,ZERO,FALSE,LOW,LOW,LOW,HIGH,FALSE,FALSE,HIGH,NORMAL,LOW,FALSE,HIGH,NORMAL,NORMAL,FALSE,NORMAL
FALSE,FALSE,NORMAL,FALSE,HIGH,FALSE,HIGH,HIGH,NORMAL,LOW,NORMAL,LOW,HIGH,HIGH,NORMAL,FALSE,NORMAL,NORMAL,LOW,NORMAL,ZERO,FALSE,LOW,ZERO,LOW,HIGH,FALSE,FALSE,HIGH,NORMAL,LOW,FALSE,HIGH,ZERO,NORMAL,FALSE,NORMAL
FALSE,TRUE,NORMAL,FALSE,HIGH,FALSE,HIGH,NORMAL,NORMAL,HIGH,NORMAL,LOW,HIGH,HIGH,NORMAL,FALSE,LOW,NORMAL,NORMAL,LOW,ZERO,FALSE,LOW,HIGH,LOW,HIGH,FALSE,FALSE,HIGH,LOW,LOW,FALSE,HIGH,ZERO,NORMAL,FALSE,HIGH
FALSE,FALSE,NORMAL,FALSE,HIGH,FALSE,LOW,LOW,NORMAL,LOW,NORMAL,LOW,HIGH,HIGH,NORMAL,FALSE,NORMAL,NORMAL,LOW,NORMAL,ZERO,FALSE,LOW,ZERO,LOW,LOW,FALSE,FALSE,LOW,NORMAL,LOW,FALSE,NORMAL,ZERO,HIGH,FALSE,NORMAL
FALSE,FALSE,NORMAL,FALSE,HIGH,FALSE,HIGH,LOW,NORMAL,HIGH,NORMAL,LOW,HIGH,HIGH,NORMAL,FALSE,NORMAL,NORMAL,NORMAL,NORMAL,ZERO,FALSE,LOW,ZERO,LOW,HIGH,FALSE,FALSE,HIGH,NORMAL,LOW,FALSE,HIGH,ZERO,NORMAL,FALSE,NORMAL
FALSE,FALSE,NORMAL,FALSE,LOW,TRUE,HIGH,LOW,NORMAL,HIGH,NORMAL,HIGH,HIGH,HIGH,NORMAL,FALSE,NORMAL,NORMAL,NORMAL,LOW,LOW,FALSE,HIGH,HIGH,LOW,NORMAL,FALSE,FALSE,NORMAL,NORMAL,HIGH,FALSE,HIGH,HIGH,NORMAL,FALSE,NORMAL
FALSE,FALSE,NORMAL,FALSE,HIGH,TRUE,HIGH,HIGH,NORMAL,HIGH,NORMAL,LOW,HIGH,HIGH,NORMAL,FALSE,NORMAL,NORMAL,NORMAL,NORMAL,ZERO,FALSE,LOW,ZERO,LOW,NORMAL,FALSE,FALSE,NORMAL,NORMAL,LOW,FALSE,HIGH,ZERO,NORMAL,FALSE,NORMAL
FALSE,FALSE,NORMAL,FALSE,LOW,FALSE,HIGH,LOW,NORMAL,LOW,NORMAL,HIGH,HIGH,HIGH,NORMAL,FALSE,NORMAL,NORMAL,LOW,NORMAL,LOW,FALSE,HIGH,HIGH,LOW,HIGH,FALSE,FALSE,HIGH,NORMAL,HIGH,FALSE,HIGH,HIGH,NORMAL,FALSE,NORMAL
FALSE,FALSE,HIGH,FALSE,HIGH,FALSE,HIGH,LOW,NORMAL,HIGH,NORMAL,LOW,HIGH,HIGH,NORMAL,FALSE,LOW,NORMAL,NORMAL,LOW,ZERO,FALSE,LOW,ZERO,LOW,HIGH,FALSE,FALSE,HIGH,LOW,LOW,TRUE,HIGH,ZERO,NORMAL,FALSE,HIGH
FALSE,FALSE,NORMAL,FALSE,HIGH,FALSE,HIGH,NORMAL,NORMAL,HIGH,NORMAL,LOW,HIGH,HIGH,NORMAL,FALSE,NORMAL,NORMAL,NORMAL,NORMAL,ZERO,FALSE,LOW,ZERO,LOW,HIGH,FALSE,FALSE,HIGH,NORMAL,LOW,FALSE,HIGH,ZERO,NORMAL,FALSE,NORMAL
FALSE,FALSE,NORMAL,FALSE,HIGH,FALSE,HIGH,HIGH,NORMAL,HIGH,NORMAL,LOW,HIGH,HIGH,NORMAL,FALSE,NORMAL,NORMAL,HIGH,NORMAL,ZERO,FALSE,LOW,ZERO,LOW,HIGH,FALSE,FALSE,HIGH,NORMAL,LOW,FALSE,HIGH,ZERO,NORMAL,FALSE,NORMAL
TRUE,FALSE,NORMAL,FALSE,LOW,FALSE,LOW,HIGH,NORMAL,NORMAL,NORMAL,ZERO,NORMAL,NORMAL,NORMAL,FALSE,LOW,NORMAL,HIGH,NORMAL,LOW,FALSE,HIGH,HIGH,LOW,LOW,FALSE,FALSE,LOW,LOW,HIGH,FALSE,NORMAL,HIGH,NORMAL,FALSE,NORMAL
FALSE,FALSE,NORMAL,FALSE,LOW,FALSE,HIGH,HIGH,NORMAL,NORMAL,ZERO,ZERO,HIGH,HIGH,NORMAL,FALSE,NORMAL,NORMAL,LOW,NORMAL,LOW,FALSE,HIGH,HIGH,LOW,HIGH,FALSE,FALSE,HIGH,NORMAL,HIGH,FALSE,HIGH,HIGH,NORMAL,FALSE,NORMAL
FALSE,FALSE,NORMAL,FALSE,HIGH,FALSE,HIGH,NORMAL,NORMAL,HIGH,NORMAL,LOW,HIGH,HIGH,NORMAL,FALSE,LOW,NORMAL,HIGH,NORMAL,ZERO,FALSE,LOW,ZERO,ZERO,HIGH,FALSE,FALSE,HIGH,NORMAL,LOW,FALSE,HIGH,ZERO,NORMAL,FALSE,NORMAL
FALSE,FALSE,NORMAL,FALSE,HIGH,FALSE,HIGH,HIGH,NORMAL,LOW,NORMAL,LOW,HIGH,LOW,NORMAL,FALSE,HIGH,NORMAL,NORMAL,NORMAL,ZERO,FALSE,LOW,ZERO,LOW,HIGH,FALSE,TRUE,HIGH,HIGH,LOW,FALSE,HIGH,ZERO,LOW,FALSE,NORMAL
FALSE,FALSE,NORMAL,FALSE,HIGH,FALSE,HIGH,HIGH,NORMAL,HIGH,NORMAL,LOW,HIGH,HIGH,NORMAL,FALSE,NORMAL,NORMAL,HIGH,NORMAL,ZERO,FALSE,LOW,ZERO,LOW,HIGH,FALSE,FALSE,HIGH,NORMAL,LOW,FALSE,HIGH,ZERO,NORMAL,FALSE,NORMAL
FALSE,FALSE,HIGH,FALSE,HIGH,FALSE,HIGH,HIGH,NORMAL,LOW,NORMAL,LOW,HIGH,HIGH,NORMAL,FALSE,NORMAL,NORMAL,LOW,NORMAL,ZERO,FALSE,LOW,ZERO,LOW,HIGH,FALSE,FALSE,HIGH,NORMAL,LOW,FALSE,HIGH,ZERO,NORMAL,FALSE,NORMAL
FALSE,FALSE,NORMAL,FALSE,HIGH,FALSE,HIGH,LOW,NORMAL,LOW,NORMAL,LOW,HIGH,LOW,NORMAL,FALSE,HIGH,NORMAL,LOW,NORMAL,ZERO,FALSE,LOW,ZERO,LOW,HIGH,FALSE,TRUE,HIGH,HIGH,LOW,FALSE,HIGH,ZERO,LOW,FALSE,HIGH
FALSE,FALSE,NORMAL,FALSE,HIGH,FALSE,HIGH,NORMAL,NORMAL,HIGH,NORMAL,LOW,HIGH,HIGH,NORMAL,FALSE,NORMAL,NORMAL,HIGH,NORMAL,ZERO,FALSE,LOW,ZERO,LOW,HIGH,FALSE,FALSE,HIGH,NORMAL,LOW,FALSE,HIGH,ZERO,NORMAL,FALSE,NORMAL
FALSE,FALSE,NORMAL,FALSE,LOW,FALSE,HIGH,LOW,NORMAL,HIGH,NORMAL,HIGH,HIGH,HIGH,NORMAL,FALSE,NORMAL,NORMAL,NORMAL,NORMAL,LOW,FALSE,HIGH,HIGH,LOW,HIGH,FALSE,FALSE,HIGH,NORMAL,LOW,FALSE,HIGH,HIGH,NORMAL,FALSE,HIGH
FALSE,FALSE,NORMAL,FALSE,LOW,FALSE,LOW,HIGH,NORMAL,HIGH,ZERO,ZERO,NORMAL,NORMAL,NORMAL,FALSE,NORMAL,NORMAL,HIGH,NORMAL,LOW,FALSE,HIGH,HIGH,LOW,LOW,FALSE,FALSE,LOW,NORMAL,LOW,FALSE,NORMAL,HIGH,NORMAL,FALSE,NORMAL
FALSE,FALSE,NORMAL,FALSE,HIGH,FALSE,HIGH,NORMAL,LOW,LOW,NORMAL,LOW,HIGH,HIGH,NORMAL,FALSE,NORMAL,NORMAL,LOW,NORMAL,ZERO,FALSE,LOW,ZERO,LOW,HIGH,FALSE,FALSE,HIGH,NORMAL,LOW,FALSE,HIGH,ZERO,NORMAL,FALSE,HIGH
FALSE,FALSE,NORMAL,FALSE,HIGH,FALSE,HIGH,NORMAL,NORMAL,LOW,NORMAL,LOW,HIGH,LOW,NORMAL,FALSE,HIGH,NORMAL,NORMAL,HIGH,ZERO,FALSE,LOW,ZERO,LOW,HIGH,FALSE,TRUE,HIGH,HIGH,LOW,FALSE,HIGH,ZERO,LOW,FALSE,NORMAL
FALSE,FALSE,NORMAL,TRUE,HIGH,FALSE,LOW,LOW,NORMAL,LOW,NORMAL,LOW,HIGH,LOW,NORMAL,FALSE,LOW,NORMAL,NORMAL,LOW,ZERO,FALSE,LOW,ZERO,LOW,LOW,TRUE,TRUE,LOW,LOW,LOW,FALSE,NORMAL,ZERO,LOW,FALSE,NORMAL
FALSE,FALSE,NORMAL,FALSE,HIGH,FALSE,LOW,HIGH,NORMAL,HIGH,NORMAL,LOW,HIGH,NORMAL,NORMAL,FALSE,NORMAL,NORMAL,HIGH,NORMAL,ZERO,FALSE,LOW,ZERO,LOW,LOW,FALSE,FALSE,LOW,NORMAL,LOW,FALSE,NORMAL,ZERO,NORMAL,FALSE,NORMAL
FALSE,FALSE,NORMAL,FALSE,HIGH,FALSE,LOW,LOW,LOW,HIGH,NORMAL,LOW,HIGH,NORMAL,NORMAL,FALSE,LOW,NORMAL,HIGH,NORMAL,ZERO,FALSE,LOW,ZERO,LOW,HIGH,FALSE,FALSE,LOW,LOW,LOW,FALSE,LOW,ZERO,HIGH,FALSE,NORMAL
TRUE,FALSE,NORMAL,FALSE,HIGH,FALSE,HIGH,HIGH,NORMAL,LOW,NORMAL,ZERO,HIGH,HIGH,NORMAL,FALSE,NORMAL,NORMAL,LOW,NORMAL,ZERO,FALSE,LOW,ZERO,LOW,HIGH,FALSE,FALSE,HIGH,NORMAL,LOW,FALSE,HIGH,ZERO,NORMAL,FALSE,NORMAL
TRUE,FALSE,NORMAL,FALSE,HIGH,FALSE,HIGH,HIGH,NORMAL,LOW,NORMAL,ZERO,HIGH,HIGH,NORMAL,FALSE,NORMAL,NORMAL,LOW,NORMAL,ZERO,FALSE,LOW,ZERO,LOW,HIGH,FALSE,FALSE,HIGH,NORMAL,LOW,FALSE,HIGH,ZERO,NORMAL,FALSE,NORMAL
TRUE,FALSE,NORMAL,FALSE,HIGH,FALSE,LOW,HIGH,NORMAL,LOW,NORMAL,ZERO,HIGH,NORMAL,NORMAL,FALSE,NORMAL,NORMAL,LOW,NORMAL,ZERO,FALSE,LOW,ZERO,NORMAL,LOW,FALSE,FALSE,LOW,NORMAL,LOW,FALSE,NORMAL,ZERO,NORMAL,FALSE,NORMAL
FALSE,FALSE,NORMAL,FALSE,HIGH,FALSE,NORMAL,LOW,LOW,HIGH,NORMAL,LOW,HIGH,HIGH,NORMAL,TRUE,NORMAL,NORMAL,HIGH,NORMAL,ZERO,FALSE,LOW,ZERO,LOW,HIGH,FALSE,FALSE,HIGH,NORMAL,LOW,FALSE,HIGH,ZERO,NORMAL,FALSE,NORMAL
FALSE,TRUE,NORMAL,FALSE,HIGH,FALSE,NORMAL,NORMAL,NORMAL,HIGH,NORMAL,LOW,HIGH,HIGH,NORMAL,TRUE,LOW,NORMAL,HIGH,LOW,ZERO,FALSE,LOW,ZERO,LOW,HIGH,FALSE,FALSE,HIGH,LOW,LOW,FALSE,HIGH,ZERO,HIGH,FALSE,NORMAL
FALSE,FALSE,NORMAL,FALSE,HIGH,FALSE,HIGH,NORMAL,NORMAL,HIGH,NORMAL,LOW,HIGH,HIGH,NORMAL,FALSE,NORMAL,NORMAL,NORMAL,NORMAL,ZERO,FALSE,LOW,ZERO,LOW,HIGH,FALSE,FALSE,HIGH,NORMAL,LOW,FALSE,HIGH,ZERO,NORMAL,FALSE,HIGH
FALSE,FALSE,NORMAL,TRUE,HIGH,FALSE,HIGH,HIGH,NORMAL,HIGH,NORMAL,LOW,HIGH,HIGH,NORMAL,FALSE,NORMAL,NORMAL,HIGH,NORMAL,ZERO,FALSE,LOW,ZERO,LOW,HIGH,FALSE,FALSE,HIGH,NORMAL,LOW,FALSE,HIGH,ZERO,NORMAL,FALSE,NORMAL
FALSE,FALSE,NORMAL,FALSE,HIGH,FALSE,HIGH,LOW,NORMAL,NORMAL,NORMAL,LOW,HIGH,HIGH,NORMAL,FALSE,NORMAL,NORMAL,NORMAL,LOW,ZERO,FALSE,LOW,ZERO,LOW,HIGH,FALSE,FALSE,HIGH,NORMAL,LOW,FALSE,HIGH,ZERO,NORMAL,FALSE,NORMAL
FALSE,FALSE,NORMAL,FALSE,HIGH,TRUE,HIGH,LOW,NORMAL,NORMAL,NORMAL,LOW,HIGH,HIGH,NORMAL,FALSE,NORMAL,NORMAL,NORMAL,NORMAL,ZERO,FALSE,LOW,ZERO,LOW,NORMAL,FALSE,FALSE,NORMAL,NORMAL,LOW,FALSE,HIGH,ZERO,NORMAL,FALSE,NORMAL
FALSE,FALSE,NORMAL,FALSE,HIGH,FALSE,HIGH,HIGH,NORMAL,NORMAL,NORMAL,LOW,HIGH,HIGH,NORMAL,FALSE,NORMAL,NORMAL,NORMAL,NORMAL,ZERO,FALSE,LOW,ZERO,LOW,HIGH,FALSE,FALSE,HIGH,NORMAL,LOW,FALSE,HIGH,ZERO,NORMAL,FALSE,NORMAL
FALSE,FALSE,NORMAL,FALSE,HIGH,TRUE,LOW,NORMAL,NORMAL,LOW,NORMAL,LOW,HIGH,LOW,NORMAL,FALSE,HIGH,NORMAL,NORMAL,NORMAL,ZERO,FALSE,LOW,ZERO,LOW,HIGH,FALSE,TRUE,NORMAL,HIGH,LOW,FALSE,NORMAL,ZERO,LOW,FALSE,NORMAL
FALSE,FALSE,HIGH,FALSE,HIGH,FALSE,HIGH,NORMAL,NORMAL,HIGH,NORMAL,LOW,HIGH,HIGH,NORMAL,FALSE,NORMAL,NORMAL,NORMAL,NORMAL,ZERO,FALSE,LOW,ZERO,LOW,HIGH,FALSE,FALSE,HIGH,NORMAL,LOW,TRUE,HIGH,ZERO,NORMAL,FALSE,HIGH
FALSE,FALSE,NORMAL,FALSE,NORMAL,FALSE,HIGH,NORMAL,NORMAL,HIGH,NORMAL,LOW,HIGH,HIGH,NORMAL,FALSE,NORMAL,NORMAL,HIGH,HIGH,ZERO,FALSE,LOW,ZERO,LOW,HIGH,FALSE,FALSE,HIGH,NORMAL,LOW,FALSE,HIGH,ZERO,HIGH,FALSE,NORMAL
FALSE,FALSE,NORMAL,FALSE,HIGH,FALSE,HIGH,NORMAL,NORMAL,LOW,NORMAL,LOW,HIGH,LOW,NORMAL,FALSE,HIGH,NORMAL,NORMAL,NORMAL,ZERO,FALSE,LOW,ZERO,LOW,HIGH,FALSE,TRUE,HIGH,HIGH,LOW,FALSE,HIGH,ZERO,LOW,FALSE,NORMAL
FALSE,FALSE,HIGH,FALSE,HIGH,FALSE,HIGH,HIGH,NORMAL,NORMAL,NORMAL,LOW,HIGH,HIGH,NORMAL,FALSE,NORMAL,NORMAL,NORMAL,NORMAL,ZERO,FALSE,LOW,ZERO,LOW,HIGH,FALSE,FALSE,HIGH,NORMAL,LOW,FALSE,HIGH,ZERO,NORMAL,FALSE,NORMAL
FALSE,TRUE,NORMAL,FALSE,HIGH,FALSE,HIGH,HIGH,NORMAL,LOW,ZERO,ZERO,HIGH,HIGH,NORMAL,FALSE,NORMAL,NORMAL,LOW,NORMAL,ZERO,FALSE,LOW,ZERO,LOW,HIGH,FALSE,FALSE,HIGH,NORMAL,LOW,FALSE,HIGH,ZERO,NORMAL,FALSE,HIGH
FALSE,FALSE,NORMAL,FALSE,HIGH,FALSE,LOW,HIGH,NORMAL,NORMAL,NORMAL,LOW,HIGH,NORMAL,NORMAL,FALSE,HIGH,NORMAL,HIGH,HIGH,ZERO,FALSE,LOW,ZERO,LOW,LOW,FALSE,TRUE,LOW,HIGH,LOW,FALSE,NORMAL,ZERO,NORMAL,FALSE,NORMAL
FALSE,FALSE,NORMAL,FALSE,HIGH,TRUE,NORMAL,NORMAL,NORMAL,LOW,NORMAL,LOW,HIGH,HIGH,NORMAL,TRUE,NORMAL,NORMAL,NORMAL,NORMAL,ZERO,FALSE,LOW,NORMAL,LOW,NORMAL,FALSE,FALSE,NORMAL,NORMAL,LOW,FALSE,HIGH,ZERO,NORMAL,FALSE,NORMAL
FALSE,FALSE,NORMAL,FALSE,HIGH,FALSE,LOW,LOW,NORMAL,LOW,NORMAL,LOW,HIGH,NORMAL,NORMAL,FALSE,NORMAL,NORMAL,LOW,NORMAL,ZERO,FALSE,LOW,ZERO,LOW,LOW,FALSE,FALSE,LOW,NORMAL,LOW,FALSE,NORMAL,ZERO,NORMAL,FALSE,NORMAL
FALSE,FALSE,NORMAL,FALSE,HIGH,FALSE,HIGH,HIGH,NORMAL,NORMAL,NORMAL,LOW,HIGH,HIGH,NORMAL,FALSE,LOW,NORMAL,NORMAL,NORMAL,HIGH,FALSE,LOW,LOW,HIGH,HIGH,FALSE,FALSE,HIGH,NORMAL,LOW,FALSE,HIGH,LOW,NORMAL,FALSE,NORMAL
FALSE,FALSE,NORMAL,TRUE,LOW,FALSE,HIGH,HIGH,NORMAL,LOW,LOW,ZERO,HIGH,HIGH,NORMAL,FALSE,NORMAL,LOW,LOW,NORMAL,LOW,FALSE,HIGH,HIGH,LOW,HIGH,FALSE,FALSE,HIGH,NORMAL,HIGH,FALSE,HIGH,HIGH,NORMAL,FALSE,NORMAL
FALSE,FALSE,NORMAL,FALSE,HIGH,FALSE,HIGH,HIGH,NORMAL,NORMAL,NORMAL,LOW,HIGH,HIGH,ESOPHAGEAL,FALSE,HIGH,NORMAL,HIGH,NORMAL,ZERO,FALSE,LOW,LOW,LOW,HIGH,FALSE,TRUE,HIGH,HIGH,LOW,FALSE,HIGH,LOW,NORMAL,FALSE,NORMAL
FALSE,FALSE,NORMAL,FALSE,HIGH,FALSE,HIGH,NORMAL,NORMAL,HIGH,NORMAL,LOW,HIGH,HIGH,NORMAL,FALSE,NORMAL,NORMAL,NORMAL,NORMAL,ZERO,FALSE,LOW,ZERO,LOW,HIGH,FALSE,FALSE,HIGH,NORMAL,NORMAL,FALSE,HIGH,ZERO,NORMAL,FALSE,NORMAL
FALSE,FALSE,NORMAL,FALSE,HIGH,FALSE,HIGH,NORMAL,NORMAL,HIGH,NORMAL,LOW,HIGH,HIGH,NORMAL,FALSE,NORMAL,NORMAL,NORMAL,NORMAL,ZERO,FALSE,LOW,ZERO,LOW,HIGH,FALSE,FALSE,HIGH,NORMAL,LOW,FALSE,HIGH,ZERO,HIGH,FALSE,NORMAL
FALSE,FALSE,NORMAL,FALSE,HIGH,FALSE,HIGH,ZERO,NORMAL,HIGH,NORMAL,LOW,HIGH,HIGH,NORMAL,FALSE,NORMAL,NORMAL,NORMAL,NORMAL,ZERO,FALSE,LOW,ZERO,LOW,HIGH,FALSE,FALSE,HIGH,NORMAL,LOW,FALSE,HIGH,ZERO,NORMAL,FALSE,NORMAL
FALSE,FALSE,NORMAL,FALSE,NORMAL,FALSE,HIGH,HIGH,NORMAL,LOW,NORMAL,LOW,HIGH,LOW,ONESIDED,FALSE,NORMAL,NORMAL,LOW,NORMAL,ZERO,FALSE,LOW,NORMAL,NORMAL,HIGH,FALSE,FALSE,HIGH,NORMAL,LOW,FALSE,HIGH,NORMAL,LOW,FALSE,HIGH
FALSE,FALSE,HIGH,FALSE,HIGH,FALSE,HIGH,LOW,NORMAL,HIGH,NORMAL,LOW,HIGH,HIGH,NORMAL,FALSE,NORMAL,NORMAL,NORMAL,NORMAL,ZERO,FALSE,LOW,ZERO,LOW,HIGH,FALSE,FALSE,HIGH,NORMAL,LOW,FALSE,HIGH,ZERO,NORMAL,FALSE,NORMAL
FALSE,FALSE,NORMAL,FALSE,HIGH,FALSE,NORMAL,HIGH,NORMAL,LOW,NORMAL,LOW,HIGH,HIGH,NORMAL,TRUE,HIGH,NORMAL,LOW,NORMAL,ZERO,FALSE,LOW,ZERO,LOW,HIGH,FALSE,TRUE,HIGH,HIGH,LOW,FALSE,HIGH,ZERO,NORMAL,TRUE,NORMAL
FALSE,FALSE,NORMAL,FALSE,HIGH,FALSE,HIGH,NORMAL,NORMAL,HIGH,NORMAL,LOW,HIGH,HIGH,NORMAL,FALSE,NORMAL,NORMAL,NORMAL,NORMAL,ZERO,FALSE,LOW,ZERO,LOW,HIGH,FALSE,FALSE,HIGH,NORMAL,LOW,FALSE,HIGH,ZERO,NORMAL,FALSE,HIGH
FALSE,FALSE,NORMAL,FALSE,LOW,FALSE,HIGH,NORMAL,NORMAL,LOW,NORMAL,LOW,HIGH,HIGH,NORMAL,FALSE,NORMAL,NORMAL,LOW,NORMAL,ZERO,FALSE,HIGH,ZERO,ZERO,HIGH,FALSE,FALSE,HIGH,NORMAL,HIGH,FALSE,HIGH,HIGH,NORMAL,FALSE,NORMAL
FALSE,FALSE,NORMAL,FALSE,HIGH,FALSE,HIGH,NORMAL,NORMAL,HIGH,NORMAL,LOW,HIGH,HIGH,NORMAL,FALSE,HIGH,NORMAL,NORMAL,HIGH,ZERO,FALSE,LOW,ZERO,LOW,HIGH,FALSE,TRUE,HIGH,HIGH,HIGH,FALSE,HIGH,ZERO,NORMAL,FALSE,NORMAL
TRUE,FALSE,NORMAL,FALSE,LOW,FALSE,HIGH,HIGH,NORMAL,HIGH,NORMAL,ZERO,NORMAL,NORMAL,NORMAL,FALSE,NORMAL,NORMAL,HIGH,NORMAL,LOW,FALSE,HIGH,HIGH,HIGH,HIGH,FALSE,FALSE,HIGH,NORMAL,HIGH,FALSE,HIGH,HIGH,LOW,FALSE,NORMAL
FALSE,FALSE,NORMAL,FALSE,HIGH,FALSE,HIGH,HIGH,NORMAL,LOW,NORMAL,LOW,HIGH,HIGH,ESOPHAGEAL,FALSE,NORMAL,NORMAL,LOW,NORMAL,ZERO,FALSE,LOW,LOW,LOW,HIGH,FALSE,FALSE,HIGH,NORMAL,LOW,FALSE,HIGH,LOW,NORMAL,FALSE,NORMAL
FALSE,FALSE,NORMAL,FALSE,LOW,FALSE,HIGH,LOW,LOW,LOW,HIGH,HIGH,HIGH,NORMAL,NORMAL,FALSE,LOW,HIGH,LOW,LOW,LOW,TRUE,NORMAL,HIGH,LOW,HIGH,TRUE,FALSE,HIGH,LOW,NORMAL,FALSE,HIGH,HIGH,LOW,FALSE,NORMAL
FALSE,FALSE,NORMAL,FALSE,HIGH,FALSE,HIGH,HIGH,NORMAL,LOW,NORMAL,LOW,HIGH,LOW,NORMAL,FALSE,NORMAL,NORMAL,NORMAL,NORMAL,ZERO,FALSE,LOW,ZERO,LOW,HIGH,FALSE,TRUE,HIGH,NORMAL,LOW,FALSE,HIGH,ZERO,LOW,FALSE,NORMAL
FALSE,FALSE,NORMAL,FALSE,LOW,FALSE,HIGH,ZERO,NORMAL,LOW,LOW,ZERO,HIGH,HIGH,ESOPHAGEAL,FALSE,NORMAL,LOW,LOW,NORMAL,NORMAL,FALSE,HIGH,ZERO,NORMAL,HIGH,FALSE,FALSE,HIGH,NORMAL,HIGH,FALSE,HIGH,HIGH,NORMAL,FALSE,NORMAL
FALSE,TRUE,NORMAL,FALSE,HIGH,FALSE,HIGH,LOW,NORMAL,NORMAL,ZERO,LOW,HIGH,HIGH,NORMAL,FALSE,HIGH,NORMAL,NORMAL,NORMAL,ZERO,FALSE,LOW,ZERO,LOW,HIGH,FALSE,TRUE,HIGH,HIGH,LOW,FALSE,HIGH,ZERO,NORMAL,FALSE,NORMAL
FALSE,FALSE,NORMAL,FALSE,HIGH,FALSE,HIGH,LOW,NORMAL,HIGH,NORMAL,LOW,HIGH,HIGH,NORMAL,FALSE,NORMAL,NORMAL,NORMAL,NORMAL,ZERO,FALSE,LOW,ZERO,LOW,HIGH,FALSE,FALSE,HIGH,NORMAL,LOW,FALSE,HIGH,ZERO,NORMAL,FALSE,NORMAL
TRUE,FALSE,NORMAL,FALSE,LOW,FALSE,HIGH,HIGH,NORMAL,HIGH,NORMAL,ZERO,HIGH,HIGH,NORMAL,FALSE,NORMAL,NORMAL,NORMAL,NORMAL,LOW,FALSE,HIGH,HIGH,LOW,HIGH,FALSE,FALSE,HIGH,NORMAL,HIGH,FALSE,HIGH,HIGH,NORMAL,FALSE,NORMAL
FALSE,FALSE,NORMAL,FALSE,HIGH,FALSE,HIGH,HIGH,NORMAL,HIGH,NORMAL,LOW,HIGH,HIGH,NORMAL,FALSE,NORMAL,NORMAL,HIGH,NORMAL,ZERO,FALSE,LOW,HIGH,LOW,HIGH,FALSE,FALSE,HIGH,NORMAL,LOW,FALSE,HIGH,ZERO,NORMAL,FALSE,NORMAL
TRUE,FALSE,NORMAL,FALSE,HIGH,FALSE,HIGH,HIGH,NORMAL,HIGH,LOW,ZERO,HIGH,HIGH,NORMAL,FALSE,LOW,LOW,NORMAL,LOW,LOW,FALSE,LOW,HIGH,NORMAL,HIGH,FALSE,FALSE,HIGH,LOW,LOW,FALSE,HIGH,ZERO,NORMAL,FALSE,NORMAL
FALSE,FALSE,NORMAL,FALSE,LOW,FALSE,HIGH,LOW,NORMAL,LOW,NORMAL,HIGH,HIGH,HIGH,NORMAL,FALSE,NORMAL,NORMAL,LOW,NORMAL,LOW,FALSE,HIGH,HIGH,LOW,HIGH,FALSE,FALSE,HIGH,NORMAL,HIGH,FALSE,HIGH,HIGH,NORMAL,FALSE,NORMAL
FALSE,FALSE,NORMAL,FALSE,HIGH,FALSE,HIGH,HIGH,NORMAL,HIGH,ZERO,ZERO,HIGH,HIGH,NORMAL,FALSE,NORMAL,NORMAL,NORMAL,NORMAL,ZERO,FALSE,LOW,ZERO,LOW,HIGH,FALSE,FALSE,HIGH,NORMAL,LOW,FALSE,HIGH,ZERO,NORMAL,FALSE,NORMAL
FALSE,FALSE,NORMAL,FALSE,HIGH,FALSE,HIGH,LOW,NORMAL,HIGH,HIGH,HIGH,HIGH,HIGH,NORMAL,FALSE,HIGH,HIGH,NORMAL,NORMAL,ZERO,FALSE,LOW,ZERO,LOW,HIGH,FALSE,TRUE,HIGH,HIGH,LOW,FALSE,HIGH,ZERO,NORMAL,FALSE,NORMAL
FALSE,FALSE,NORMAL,TRUE,HIGH,FALSE,LOW,LOW,NORMAL,LOW,NORMAL,LOW,HIGH,LOW,NORMAL,FALSE,NORMAL,NORMAL,NORMAL,NORMAL,ZERO,FALSE,LOW,ZERO,LOW,LOW,FALSE,FALSE,LOW,NORMAL,LOW,FALSE,NORMAL,ZERO,LOW,FALSE,NORMAL
FALSE,FALSE,NORMAL,FALSE,HIGH,FALSE,LOW,NORMAL,NORMAL,HIGH,NORMAL,LOW,HIGH,NORMAL,NORMAL,FALSE,NORMAL,NORMAL,HIGH,NORMAL,ZERO,FALSE,LOW,ZERO,LOW,LOW,FALSE,FALSE,LOW,NORMAL,LOW,FALSE,NORMAL,ZERO,NORMAL,FALSE,HIGH
FALSE,FALSE,NORMAL,FALSE,HIGH,FALSE,HIGH,LOW,NORMAL,HIGH,NORMAL,LOW,HIGH,HIGH,NORMAL,FALSE,NORMAL,NORMAL,NORMAL,NORMAL,ZERO,FALSE,LOW,ZERO,LOW,HIGH,FALSE,FALSE,HIGH,NORMAL,LOW,FALSE,HIGH,ZERO,NORMAL,FALSE,NORMAL
FALSE,FALSE,NORMAL,FALSE,HIGH,FALSE,HIGH,NORMAL,NORMAL,HIGH,NORMAL,LOW,HIGH,HIGH,NORMAL,FALSE,HIGH,NORMAL,NORMAL,HIGH,ZERO,FALSE,LOW,ZERO,LOW,HIGH,FALSE,TRUE,HIGH,HIGH,LOW,FALSE,HIGH,ZERO,LOW,FALSE,NORMAL
FALSE,FALSE,HIGH,FALSE,HIGH,TRUE,HIGH,NORMAL,NORMAL,NORMAL,NORMAL,LOW,HIGH,HIGH,NORMAL,FALSE,HIGH,NORMAL,HIGH,NORMAL,ZERO,FALSE,LOW,ZERO,LOW,NORMAL,FALSE,TRUE,NORMAL,HIGH,LOW,FALSE,HIGH,ZERO,NORMAL,FALSE,NORMAL
FALSE,FALSE,NORMAL,FALSE,HIGH,FALSE,HIGH,HIGH,NORMAL,LOW,NORMAL,LOW,HIGH,LOW,NORMAL,FALSE,LOW,NORMAL,NORMAL,LOW,ZERO,FALSE,LOW,ZERO,LOW,HIGH,TRUE,FALSE,HIGH,LOW,LOW,FALSE,HIGH,ZERO,LOW,FALSE,NORMAL
FALSE,FALSE,NORMAL,FALSE,HIGH,FALSE,HIGH,LOW,NORMAL,HIGH,NORMAL,LOW,HIGH,HIGH,NORMAL,FALSE,NORMAL,NORMAL,NORMAL,NORMAL,ZERO,FALSE,LOW,ZERO,NORMAL,HIGH,FALSE,FALSE,HIGH,NORMAL,LOW,FALSE,HIGH,ZERO,NORMAL,FALSE,NORMAL
FALSE,FALSE,NORMAL,FALSE,HIGH,FALSE,HIGH,HIGH,NORMAL,HIGH,NORMAL,LOW,HIGH,HIGH,NORMAL,FALSE,NORMAL,NORMAL,NORMAL,NORMAL,ZERO,FALSE,LOW,ZERO,LOW,HIGH,FALSE,FALSE,HIGH,NORMAL,LOW,FALSE,HIGH,ZERO,NORMAL,FALSE,NORMAL
FALSE,FALSE,NORMAL,FALSE,LOW,FALSE,LOW,LOW,NORMAL,HIGH,HIGH,HIGH,NORMAL,NORMAL,NORMAL,FALSE,NORMAL,HIGH,HIGH,NORMAL,LOW,FALSE,HIGH,HIGH,LOW,LOW,FALSE,FALSE,LOW,NORMAL,HIGH,FALSE,NORMAL,HIGH,NORMAL,FALSE,NORMAL
FALSE,FALSE,NORMAL,FALSE,HIGH,FALSE,HIGH,LOW,NORMAL,LOW,NORMAL,LOW,HIGH,LOW,NORMAL,FALSE,NORMAL,NORMAL,HIGH,NORMAL,ZERO,FALSE,LOW,ZERO,LOW,HIGH,FALSE,TRUE,HIGH,NORMAL,LOW,FALSE,HIGH,ZERO,LOW,FALSE,NORMAL
FALSE,FALSE,NORMAL,FALSE,HIGH,FALSE,HIGH,LOW,NORMAL,HIGH,NORMAL,LOW,HIGH,HIGH,NORMAL,FALSE,HIGH,NORMAL,NORMAL,HIGH,ZERO,FALSE,LOW,ZERO,LOW,HIGH,FALSE,TRUE,HIGH,HIGH,LOW,FALSE,HIGH,ZERO,NORMAL,FALSE,NORMAL
FALSE,FALSE,LOW,FALSE,HIGH,TRUE,HIGH,HIGH,NORMAL,HIGH,NORMAL,LOW,HIGH,HIGH,NORMAL,FALSE,HIGH,NORMAL,NORMAL,NORMAL,ZERO,FALSE,LOW,ZERO,LOW,NORMAL,FALSE,FALSE,NORMAL,HIGH,LOW,FALSE,HIGH,ZERO,NORMAL,FALSE,NORMAL
FALSE,FALSE,NORMAL,FALSE,HIGH,FALSE,HIGH,NORMAL,NORMAL,HIGH,NORMAL,LOW,HIGH,HIGH,NORMAL,FALSE,NORMAL,NORMAL,NORMAL,NORMAL,ZERO,FALSE,LOW,ZERO,LOW,HIGH,FALSE,FALSE,HIGH,NORMAL,LOW,FALSE,HIGH,ZERO,NORMAL,FALSE,NORMAL
FALSE,TRUE,HIGH,FALSE,HIGH,FALSE,LOW,LOW,NORMAL,LOW,NORMAL,LOW,HIGH,LOW,NORMAL,FALSE,NORMAL,NORMAL,LOW,NORMAL,ZERO,FALSE,LOW,ZERO,LOW,LOW,FALSE,FALSE,LOW,NORMAL,LOW,FALSE,NORMAL,ZERO,LOW,FALSE,NORMAL
FALSE,FALSE,NORMAL,FALSE,NORMAL,TRUE,HIGH,HIGH,NORMAL,LOW,ZERO,ZERO,HIGH,HIGH,NORMAL,FALSE,NORMAL,NORMAL,LOW,NORMAL,LOW,FALSE,LOW,HIGH,ZERO,NORMAL,FALSE,FALSE,NORMAL,NORMAL,LOW,FALSE,HIGH,NORMAL,NORMAL,FALSE,NORMAL
FALSE,FALSE,NORMAL,FALSE,HIGH,FALSE,HIGH,HIGH,NORMAL,LOW,NORMAL,LOW,HIGH,LOW,ESOPHAGEAL,FALSE,LOW,NORMAL,LOW,HIGH,LOW,FALSE,LOW,ZERO,NORMAL,HIGH,FALSE,TRUE,HIGH,HIGH,LOW,FALSE,HIGH,ZERO,LOW,FALSE,NORMAL
FALSE,TRUE,NORMAL,FALSE,HIGH,FALSE,HIGH,HIGH,NORMAL,NORMAL,ZERO,ZERO,HIGH,LOW,NORMAL,FALSE,HIGH,NORMAL,HIGH,NORMAL,ZERO,FALSE,LOW,ZERO,LOW,HIGH,FALSE,TRUE,HIGH,HIGH,LOW,FALSE,HIGH,ZERO,LOW,FALSE,NORMAL
TRUE,FALSE,NORMAL,FALSE,LOW,FALSE,HIGH,HIGH,NORMAL,LOW,NORMAL,ZERO,HIGH,LOW,NORMAL,FALSE,NORMAL,NORMAL,LOW,NORMAL,LOW,FALSE,HIGH,HIGH,LOW,HIGH,FALSE,FALSE,HIGH,NORMAL,HIGH,FALSE,HIGH,HIGH,LOW,FALSE,NORMAL
FALSE,FALSE,NORMAL,FALSE,HIGH,FALSE,HIGH,NORMAL,NORMAL,HIGH,NORMAL,LOW,HIGH,HIGH,NORMAL,FALSE,NORMAL,NORMAL,HIGH,NORMAL,ZERO,FALSE,LOW,ZERO,LOW,HIGH,FALSE,FALSE,HIGH,NORMAL,LOW,FALSE,HIGH,ZERO,NORMAL,FALSE,HIGH
FALSE,FALSE,NORMAL,FALSE,HIGH,FALSE,HIGH,LOW,NORMAL,HIGH,NORMAL,LOW,HIGH,HIGH,NORMAL,FALSE,NORMAL,NORMAL,HIGH,NORMAL,ZERO,FALSE,LOW,ZERO,LOW,HIGH,FALSE,FALSE,HIGH,NORMAL,LOW,FALSE,HIGH,ZERO,NORMAL,FALSE,NORMAL
FALSE,FALSE,NORMAL,FALSE,HIGH,FALSE,HIGH,ZERO,NORMAL,LOW,NORMAL,LOW,HIGH,HIGH,ESOPHAGEAL,FALSE,NORMAL,NORMAL,NORMAL,NORMAL,ZERO,FALSE,LOW,LOW,LOW,HIGH,FALSE,FALSE,HIGH,NORMAL,LOW,FALSE,HIGH,LOW,NORMAL,FALSE,NORMAL
FALSE,FALSE,NORMAL,FALSE,HIGH,FALSE,HIGH,NORMAL,NORMAL,HIGH,NORMAL,LOW,HIGH,HIGH,NORMAL,FALSE,NORMAL,NORMAL,NORMAL,NORMAL,ZERO,FALSE,LOW,ZERO,LOW,HIGH,FALSE,FALSE,HIGH,NORMAL,LOW,FALSE,HIGH,ZERO,NORMAL,FALSE,HIGH
FALSE,FALSE,NORMAL,FALSE,HIGH,FALSE,HIGH,LOW,NORMAL,HIGH,NORMAL,LOW,HIGH,HIGH,NORMAL,FALSE,NORMAL,NORMAL,LOW,NORMAL,ZERO,FALSE,LOW,ZERO,LOW,HIGH,FALSE,FALSE,HIGH,NORMAL,LOW,FALSE,HIGH,ZERO,NORMAL,FALSE,NORMAL
FALSE,TRUE,NORMAL,FALSE,HIGH,FALSE,HIGH,HIGH,NORMAL,LOW,NORMAL,LOW,HIGH,LOW,NORMAL,FALSE,HIGH,NORMAL,NORMAL,HIGH,ZERO,FALSE,LOW,ZERO,LOW,HIGH,FALSE,TRUE,HIGH,HIGH,LOW,FALSE,HIGH,ZERO,LOW,FALSE,NORMAL
FALSE,FALSE,NORMAL,FALSE,HIGH,FALSE,HIGH,HIGH,NORMAL,HIGH,NORMAL,LOW,HIGH,HIGH,NORMAL,FALSE,NORMAL,NORMAL,NORMAL,NORMAL,ZERO,FALSE,LOW,ZERO,LOW,HIGH,FALSE,FALSE,HIGH,NORMAL,LOW,FALSE,HIGH,ZERO,NORMAL,TRUE,NORMAL
FALSE,FALSE,NORMAL,FALSE,LOW,FALSE,HIGH,NORMAL,NORMAL,LOW,HIGH,HIGH,HIGH,HIGH,NORMAL,FALSE,NORMAL,HIGH,LOW,NORMAL,LOW,FALSE,NORMAL,HIGH,LOW,HIGH,FALSE,FALSE,HIGH,NORMAL,NORMAL,FALSE,HIGH,HIGH,NORMAL,FALSE,NORMAL
FALSE,FALSE,NORMAL,FALSE,NORMAL,FALSE,NORMAL,HIGH,NORMAL,HIGH,NORMAL,LOW,NORMAL,NORMAL,NORMAL,TRUE,NORMAL,NORMAL,HIGH,NORMAL,ZERO,FALSE,LOW,ZERO,LOW,LOW,FALSE,FALSE,LOW,NORMAL,LOW,FALSE,NORMAL,NORMAL,NORMAL,TRUE,NORMAL
FALSE,TRUE,NORMAL,FALSE,HIGH,FALSE,HIGH,NORMAL,NORMAL,HIGH,NORMAL,LOW,HIGH,HIGH,NORMAL,FALSE,HIGH,NORMAL,NORMAL,HIGH,ZERO,FALSE,LOW,ZERO,LOW,HIGH,FALSE,TRUE,HIGH,HIGH,LOW,FALSE,HIGH,ZERO,NORMAL,FALSE,NORMAL
FALSE,FALSE,NORMAL,FALSE,HIGH,FALSE,HIGH,LOW,NORMAL,HIGH,NORMAL,LOW,HIGH,HIGH,NORMAL,FALSE,NORMAL,NORMAL,NORMAL,NORMAL,ZERO,FALSE,LOW,ZERO,LOW,HIGH,FALSE,FALSE,HIGH,NORMAL,LOW,FALSE,HIGH,ZERO,NORMAL,FALSE,NORMAL
FALSE,FALSE,NORMAL,TRUE,HIGH,TRUE,HIGH,HIGH,NORMAL,HIGH,NORMAL,LOW,HIGH,NORMAL,NORMAL,FALSE,NORMAL,NORMAL,NORMAL,NORMAL,ZERO,FALSE,LOW,ZERO,LOW,NORMAL,TRUE,TRUE,NORMAL,NORMAL,LOW,FALSE,HIGH,ZERO,LOW,TRUE,NORMAL
FALSE,TRUE,NORMAL,FALSE,NORMAL,FALSE,HIGH,NORMAL,NORMAL,LOW,NORMAL,LOW,HIGH,LOW,NORMAL,FALSE,HIGH,NORMAL,NORMAL,HIGH,ZERO,FALSE,LOW,ZERO,LOW,HIGH,FALSE,TRUE,HIGH,HIGH,LOW,FALSE,HIGH,NORMAL,LOW,FALSE,NORMAL
FALSE,TRUE,LOW,FALSE,HIGH,FALSE,HIGH,HIGH,NORMAL,LOW,LOW,ZERO,HIGH,HIGH,NORMAL,FALSE,NORMAL,LOW,LOW,NORMAL,ZERO,FALSE,LOW,ZERO,LOW,HIGH,FALSE,FALSE,HIGH,NORMAL,LOW,FALSE,HIGH,ZERO,NORMAL,FALSE,NORMAL
FALSE,FALSE,NORMAL,FALSE,HIGH,FALSE,HIGH,NORMAL,LOW,HIGH,NORMAL,LOW,HIGH,HIGH,NORMAL,FALSE,NORMAL,NORMAL,HIGH,NORMAL,ZERO,FALSE,LOW,ZERO,LOW,HIGH,FALSE,FALSE,HIGH,NORMAL,LOW,FALSE,HIGH,ZERO,NORMAL,FALSE,NORMAL
FALSE,FALSE,NORMAL,FALSE,HIGH,FALSE,HIGH,HIGH,NORMAL,NORMAL,NORMAL,LOW,HIGH,NORMAL,NORMAL,FALSE,NORMAL,NORMAL,NORMAL,NORMAL,ZERO,FALSE,LOW,ZERO,LOW,HIGH,FALSE,FALSE,HIGH,NORMAL,LOW,FALSE,HIGH,ZERO,NORMAL,FALSE,NORMAL
FALSE,FALSE,HIGH,FALSE,HIGH,TRUE,HIGH,HIGH,NORMAL,HIGH,NORMAL,LOW,HIGH,HIGH,NORMAL,FALSE,NORMAL,NORMAL,NORMAL,NORMAL,ZERO,FALSE,LOW,ZERO,LOW,NORMAL,FALSE,FALSE,NORMAL,NORMAL,LOW,FALSE,HIGH,ZERO,NORMAL,FALSE,NORMAL
TRUE,FALSE,NORMAL,FALSE,NORMAL,FALSE,HIGH,LOW,NORMAL,HIGH,NORMAL,ZERO,HIGH,HIGH,ONESIDED,FALSE,NORMAL,NORMAL,NORMAL,NORMAL,ZERO,FALSE,LOW,NORMAL,LOW,HIGH,FALSE,FALSE,HIGH,NORMAL,LOW,FALSE,HIGH,NORMAL,NORMAL,FALSE,HIGH
FALSE,TRUE,NORMAL,FALSE,HIGH,FALSE,HIGH,LOW,LOW,NORMAL,NORMAL,LOW,HIGH,HIGH,NORMAL,FALSE,NORMAL,NORMAL,NORMAL,NORMAL,ZERO,FALSE,LOW,ZERO,LOW,HIGH,FALSE,FALSE,HIGH,NORMAL,LOW,FALSE,HIGH,ZERO,NORMAL,FALSE,NORMAL
FALSE,FALSE,NORMAL,FALSE,LOW,FALSE,HIGH,HIGH,NORMAL,NORMAL,LOW,ZERO,HIGH,HIGH,NORMAL,FALSE,LOW,LOW,NORMAL,NORMAL,LOW,FALSE,HIGH,HIGH,LOW,HIGH,FALSE,FALSE,HIGH,NORMAL,HIGH,FALSE,HIGH,HIGH,NORMAL,FALSE,NORMAL
FALSE,TRUE,NORMAL,FALSE,HIGH,FALSE,NORMAL,HIGH,NORMAL,NORMAL,NORMAL,LOW,HIGH,LOW,NORMAL,FALSE,NORMAL,NORMAL,HIGH,NORMAL,ZERO,FALSE,LOW,ZERO,LOW,NORMAL,FALSE,FALSE,HIGH,NORMAL,LOW,FALSE,LOW,ZERO,NORMAL,FALSE,NORMAL
FALSE,FALSE,NORMAL,FALSE,HIGH,TRUE,HIGH,NORMAL,NORMAL,HIGH,NORMAL,LOW,HIGH,HIGH,NORMAL,FALSE,HIGH,NORMAL,NORMAL,HIGH,ZERO,FALSE,LOW,ZERO,LOW,NORMAL,FALSE,TRUE,NORMAL,HIGH,LOW,FALSE,HIGH,ZERO,NORMAL,FALSE,NORMAL
FALSE,FALSE,NORMAL,FALSE,LOW,FALSE,HIGH,LOW,NORMAL,HIGH,HIGH,HIGH,HIGH,HIGH,NORMAL,FALSE,NORMAL,HIGH,NORMAL,NORMAL,LOW,FALSE,HIGH,LOW,LOW,HIGH,FALSE,FALSE,NORMAL,NORMAL,NORMAL,FALSE,HIGH,HIGH,NORMAL,FALSE,HIGH
FALSE,FALSE,NORMAL,FALSE,HIGH,FALSE,LOW,HIGH,NORMAL,NORMAL,NORMAL,LOW,HIGH,NORMAL,ONESIDED,FALSE,NORMAL,NORMAL,NORMAL,NORMAL,LOW,FALSE,LOW,ZERO,NORMAL,LOW,FALSE,FALSE,LOW,NORMAL,LOW,FALSE,NORMAL,LOW,NORMAL,FALSE,NORMAL
FALSE,FALSE,NORMAL,FALSE,HIGH,FALSE,HIGH,HIGH,NORMAL,HIGH,LOW,ZERO,HIGH,HIGH,NORMAL,FALSE,LOW,LOW,NORMAL,NORMAL,ZERO,FALSE,LOW,ZERO,LOW,HIGH,FALSE,FALSE,HIGH,NORMAL,LOW,FALSE,HIGH,ZERO,NORMAL,FALSE,NORMAL
FALSE,FALSE,NORMAL,FALSE,HIGH,FALSE,HIGH,HIGH,NORMAL,LOW,NORMAL,ZERO,HIGH,HIGH,NORMAL,FALSE,NORMAL,NORMAL,LOW,NORMAL,ZERO,FALSE,LOW,ZERO,LOW,HIGH,FALSE,FALSE,HIGH,NORMAL,LOW,FALSE,HIGH,ZERO,NORMAL,FALSE,NORMAL
TRUE,TRUE,HIGH,FALSE,LOW,FALSE,LOW,HIGH,NORMAL,LOW,NORMAL,ZERO,NORMAL,NORMAL,NORMAL,FALSE,LOW,NORMAL,HIGH,NORMAL,LOW,FALSE,HIGH,HIGH,LOW,LOW,FALSE,FALSE,LOW,NORMAL,LOW,FALSE,NORMAL,HIGH,NORMAL,FALSE,NORMAL
FALSE,FALSE,NORMAL,FALSE,LOW,FALSE,HIGH,LOW,NORMAL,LOW,HIGH,HIGH,HIGH,HIGH,NORMAL,FALSE,NORMAL,HIGH,LOW,NORMAL,LOW,FALSE,HIGH,HIGH,LOW,HIGH,FALSE,FALSE,HIGH,NORMAL,HIGH,FALSE,HIGH,HIGH,NORMAL,FALSE,NORMAL
FALSE,FALSE,LOW,FALSE,NORMAL,FALSE,HIGH,HIGH,NORMAL,HIGH,NORMAL,LOW,HIGH,HIGH,NORMAL,FALSE,LOW,NORMAL,NORMAL,LOW,NORMAL,FALSE,LOW,LOW,NORMAL,HIGH,FALSE,FALSE,HIGH,LOW,LOW,FALSE,HIGH,NORMAL,NORMAL,FALSE,NORMAL
FALSE,FALSE,NORMAL,FALSE,HIGH,FALSE,LOW,ZERO,NORMAL,LOW,ZERO,ZERO,HIGH,NORMAL,ESOPHAGEAL,FALSE,NORMAL,NORMAL,LOW,HIGH,ZERO,FALSE,LOW,LOW,LOW,LOW,FALSE,TRUE,LOW,NORMAL,LOW,FALSE,NORMAL,LOW,NORMAL,FALSE,NORMAL
FALSE,FALSE,NORMAL,FALSE,LOW,FALSE,HIGH,LOW,NORMAL,LOW,HIGH,HIGH,HIGH,HIGH,NORMAL,FALSE,LOW,HIGH,LOW,LOW,LOW,FALSE,HIGH,HIGH,LOW,HIGH,FALSE,FALSE,HIGH,LOW,HIGH,FALSE,HIGH,HIGH,NORMAL,FALSE,NORMAL
FALSE,TRUE,NORMAL,FALSE,HIGH,FALSE,HIGH,NORMAL,NORMAL,HIGH,NORMAL,LOW,HIGH,HIGH,NORMAL,FALSE,HIGH,NORMAL,HIGH,LOW,ZERO,FALSE,LOW,ZERO,LOW,HIGH,FALSE,FALSE,HIGH,LOW,LOW,FALSE,HIGH,ZERO,NORMAL,FALSE,NORMAL
FALSE,FALSE,NORMAL,FALSE,NORMAL,FALSE,LOW,HIGH,NORMAL,HIGH,LOW,ZERO,NORMAL,NORMAL,NORMAL,FALSE,NORMAL,LOW,HIGH,NORMAL,LOW,FALSE,HIGH,HIGH,ZERO,LOW,FALSE,FALSE,LOW,NORMAL,HIGH,FALSE,NORMAL,HIGH,NORMAL,FALSE,NORMAL
TRUE,FALSE,NORMAL,FALSE,HIGH,FALSE,HIGH,HIGH,LOW,HIGH,HIGH,NORMAL,HIGH,HIGH,NORMAL,FALSE,NORMAL,HIGH,HIGH,NORMAL,HIGH,FALSE,LOW,LOW,HIGH,HIGH,FALSE,FALSE,HIGH,NORMAL,LOW,FALSE,HIGH,LOW,NORMAL,FALSE,NORMAL
FALSE,FALSE,NORMAL,FALSE,HIGH,FALSE,HIGH,NORMAL,NORMAL,HIGH,NORMAL,LOW,HIGH,HIGH,NORMAL,FALSE,LOW,NORMAL,HIGH,NORMAL,ZERO,FALSE,LOW,ZERO,LOW,HIGH,FALSE,FALSE,HIGH,NORMAL,LOW,FALSE,HIGH,ZERO,NORMAL,FALSE,NORMAL
FALSE,FALSE,NORMAL,FALSE,HIGH,FALSE,HIGH,HIGH,NORMAL,HIGH,NORMAL,LOW,HIGH,HIGH,NORMAL,FALSE,NORMAL,NORMAL,HIGH,NORMAL,ZERO,FALSE,LOW,NORMAL,LOW,HIGH,FALSE,FALSE,HIGH,NORMAL,LOW,FALSE,HIGH,ZERO,NORMAL,FALSE,NORMAL
FALSE,FALSE,NORMAL,FALSE,HIGH,FALSE,HIGH,HIGH,NORMAL,NORMAL,NORMAL,LOW,HIGH,HIGH,NORMAL,FALSE,HIGH,NORMAL,NORMAL,HIGH,ZERO,FALSE,LOW,ZERO,LOW,HIGH,FALSE,TRUE,HIGH,HIGH,LOW,FALSE,HIGH,ZERO,NORMAL,FALSE,NORMAL
FALSE,FALSE,NORMAL,TRUE,HIGH,FALSE,HIGH,LOW,NORMAL,LOW,NORMAL,LOW,HIGH,LOW,NORMAL,FALSE,LOW,NORMAL,LOW,LOW,ZERO,FALSE,LOW,ZERO,LOW,HIGH,TRUE,FALSE,HIGH,LOW,LOW,FALSE,HIGH,ZERO,LOW,FALSE,NORMAL
FALSE,FALSE,NORMAL,FALSE,LOW,FALSE,LOW,LOW,NORMAL,NORMAL,HIGH,HIGH,NORMAL,NORMAL,NORMAL,FALSE,NORMAL,HIGH,HIGH,NORMAL,LOW,FALSE,HIGH,HIGH,LOW,LOW,FALSE,FALSE,LOW,NORMAL,HIGH,FALSE,NORMAL,HIGH,NORMAL,FALSE,NORMAL
FALSE,FALSE,NORMAL,FALSE,LOW,FALSE,HIGH,LOW,NORMAL,NORMAL,HIGH,HIGH,HIGH,HIGH,NORMAL,FALSE,NORMAL,NORMAL,NORMAL,NORMAL,LOW,FALSE,HIGH,HIGH,LOW,HIGH,FALSE,FALSE,HIGH,NORMAL,HIGH,FALSE,HIGH,HIGH,NORMAL,FALSE,NORMAL
FALSE,TRUE,NORMAL,FALSE,HIGH,FALSE,HIGH,HIGH,NORMAL,LOW,NORMAL,LOW,HIGH,LOW,NORMAL,FALSE,HIGH,NORMAL,NORMAL,HIGH,ZERO,FALSE,LOW,ZERO,LOW,HIGH,FALSE,TRUE,HIGH,HIGH,LOW,FALSE,HIGH,ZERO,LOW,FALSE,NORMAL
FALSE,FALSE,NORMAL,FALSE,HIGH,FALSE,HIGH,HIGH,NORMAL,LOW,NORMAL,LOW,HIGH,LOW,NORMAL,FALSE,HIGH,NORMAL,NORMAL,HIGH,ZERO,FALSE,LOW,ZERO,LOW,HIGH,FALSE,TRUE,HIGH,HIGH,LOW,FALSE,HIGH,ZERO,LOW,FALSE,NORMAL
FALSE,FALSE,NORMAL,FALSE,HIGH,FALSE,HIGH,LOW,NORMAL,LOW,NORMAL,LOW,HIGH,HIGH,NORMAL,FALSE,NORMAL,NORMAL,NORMAL,NORMAL,ZERO,FALSE,LOW,ZERO,LOW,HIGH,FALSE,FALSE,HIGH,NORMAL,LOW,FALSE,HIGH,ZERO,NORMAL,FALSE,NORMAL
FALSE,FALSE,LOW,FALSE,HIGH,TRUE,HIGH,HIGH,NORMAL,NORMAL,NORMAL,LOW,HIGH,HIGH,ONESIDED,FALSE,NORMAL,NORMAL,NORMAL,NORMAL,LOW,FALSE,LOW,ZERO,NORMAL,NORMAL,FALSE,FALSE,NORMAL,NORMAL,LOW,FALSE,HIGH,LOW,NORMAL,FALSE,HIGH
FALSE,FALSE,NORMAL,FALSE,LOW,FALSE,LOW,LOW,NORMAL,NORMAL,HIGH,HIGH,NORMAL,NORMAL,NORMAL,FALSE,LOW,HIGH,HIGH,LOW,LOW,FALSE,HIGH,HIGH,LOW,LOW,FALSE,FALSE,LOW,LOW,HIGH,FALSE,NORMAL,HIGH,NORMAL,FALSE,NORMAL
FALSE,FALSE,NORMAL,FALSE,HIGH,FALSE,LOW,HIGH,NORMAL,HIGH,ZERO,ZERO,NORMAL,NORMAL,NORMAL,FALSE,NORMAL,NORMAL,HIGH,NORMAL,ZERO,FALSE,LOW,ZERO,LOW,LOW,FALSE,FALSE,LOW,NORMAL,LOW,FALSE,NORMAL,ZERO,NORMAL,FALSE,NORMAL
FALSE,FALSE,NORMAL,FALSE,HIGH,FALSE,HIGH,HIGH,NORMAL,LOW,NORMAL,LOW,HIGH,LOW,NORMAL,FALSE,HIGH,NORMAL,LOW,NORMAL,ZERO,FALSE,LOW,ZERO,LOW,HIGH,FALSE,TRUE,HIGH,HIGH,LOW,FALSE,HIGH,ZERO,LOW,FALSE,HIGH
TRUE,FALSE,NORMAL,FALSE,HIGH,FALSE,HIGH,ZERO,NORMAL,HIGH,HIGH,NORMAL,HIGH,HIGH,NORMAL,FALSE,LOW,HIGH,HIGH,LOW,ZERO,FALSE,LOW,ZERO,LOW,HIGH,FALSE,FALSE,HIGH,LOW,LOW,FALSE,HIGH,ZERO,NORMAL,TRUE,NORMAL
FALSE,FALSE,NORMAL,FALSE,HIGH,FALSE,HIGH,NORMAL,NORMAL,NORMAL,NORMAL,LOW,HIGH,HIGH,NORMAL,FALSE,NORMAL,NORMAL,HIGH,NORMAL,ZERO,FALSE,LOW,ZERO,LOW,HIGH,FALSE,FALSE,HIGH,NORMAL,LOW,FALSE,HIGH,ZERO,NORMAL,TRUE,NORMAL
FALSE,FALSE,HIGH,FALSE,HIGH,FALSE,HIGH,NORMAL,NORMAL,LOW,NORMAL,LOW,HIGH,HIGH,NORMAL,FALSE,NORMAL,NORMAL,LOW,NORMAL,ZERO,FALSE,LOW,ZERO,LOW,HIGH,FALSE,FALSE,HIGH,NORMAL,LOW,FALSE,HIGH,ZERO,NORMAL,FALSE,NORMAL
FALSE,FALSE,NORMAL,FALSE,HIGH,FALSE,HIGH,HIGH,NORMAL,LOW,LOW,ZERO,HIGH,LOW,NORMAL,FALSE,NORMAL,LOW,LOW,NORMAL,ZERO,FALSE,LOW,ZERO,LOW,HIGH,FALSE,FALSE,HIGH,NORMAL,LOW,FALSE,HIGH,ZERO,LOW,FALSE,NORMAL
FALSE,FALSE,NORMAL,FALSE,HIGH,FALSE,HIGH,HIGH,NORMAL,HIGH,NORMAL,LOW,HIGH,HIGH,NORMAL,FALSE,HIGH,NORMAL,HIGH,HIGH,ZERO,FALSE,LOW,NORMAL,LOW,LOW,FALSE,TRUE,HIGH,HIGH,LOW,FALSE,HIGH,ZERO,NORMAL,FALSE,NORMAL
TRUE,FALSE,NORMAL,FALSE,NORMAL,FALSE,LOW,LOW,NORMAL,NORMAL,NORMAL,ZERO,NORMAL,NORMAL,ONESIDED,FALSE,HIGH,NORMAL,HIGH,HIGH,ZERO,FALSE,LOW,NORMAL,LOW,LOW,FALSE,FALSE,LOW,HIGH,LOW,FALSE,NORMAL,NORMAL,NORMAL,FALSE,HIGH
FALSE,FALSE,NORMAL,FALSE,HIGH,FALSE,LOW,NORMAL,NORMAL,NORMAL,NORMAL,LOW,HIGH,NORMAL,NORMAL,FALSE,HIGH,NORMAL,NORMAL,HIGH,ZERO,FALSE,LOW,ZERO,LOW,LOW,FALSE,TRUE,LOW,HIGH,LOW,FALSE,NORMAL,ZERO,NORMAL,FALSE,NORMAL
TRUE,FALSE,NORMAL,FALSE,LOW,FALSE,HIGH,HIGH,NORMAL,LOW,NORMAL,ZERO,HIGH,NORMAL,NORMAL,FALSE,NORMAL,NORMAL,LOW,NORMAL,LOW,FALSE,HIGH,HIGH,LOW,HIGH,FALSE,FALSE,HIGH,NORMAL,HIGH,FALSE,HIGH,HIGH,NORMAL,FALSE,NORMAL
FALSE,FALSE,NORMAL,FALSE,HIGH,TRUE,HIGH,HIGH,NORMAL,HIGH,NORMAL,LOW,HIGH,HIGH,NORMAL,FALSE,NORMAL,NORMAL,HIGH,HIGH,ZERO,FALSE,LOW,ZERO,LOW,NORMAL,FALSE,FALSE,NORMAL,HIGH,LOW,FALSE,HIGH,ZERO,HIGH,FALSE,NORMAL
FALSE,FALSE,NORMAL,TRUE,HIGH,FALSE,HIGH,LOW,LOW,NORMAL,NORMAL,LOW,HIGH,NORMAL,NORMAL,FALSE,LOW,NORMAL,NORMAL,LOW,ZERO,FALSE,LOW,ZERO,LOW,HIGH,TRUE,FALSE,HIGH,LOW,LOW,FALSE,HIGH,ZERO,LOW,FALSE,NORMAL
FALSE,FALSE,HIGH,FALSE,LOW,FALSE,LOW,HIGH,NORMAL,HIGH,LOW,ZERO,NORMAL,HIGH,NORMAL,FALSE,NORMAL,LOW,HIGH,NORMAL,LOW,FALSE,HIGH,HIGH,LOW,LOW,FALSE,FALSE,LOW,NORMAL,HIGH,FALSE,NORMAL,HIGH,HIGH,FALSE,NORMAL
TRUE,FALSE,NORMAL,FALSE,LOW,FALSE,HIGH,HIGH,NORMAL,HIGH,NORMAL,ZERO,HIGH,HIGH,NORMAL,FALSE,NORMAL,NORMAL,NORMAL,NORMAL,LOW,FALSE,HIGH,HIGH,LOW,HIGH,FALSE,FALSE,HIGH,NORMAL,LOW,FALSE,HIGH,HIGH,NORMAL,FALSE,HIGH
FALSE,FALSE,NORMAL,FALSE,HIGH,TRUE,LOW,HIGH,NORMAL,NORMAL,NORMAL,LOW,NORMAL,NORMAL,NORMAL,FALSE,NORMAL,NORMAL,HIGH,NORMAL,ZERO,FALSE,LOW,ZERO,LOW,HIGH,FALSE,FALSE,NORMAL,NORMAL,LOW,FALSE,NORMAL,ZERO,NORMAL,FALSE,NORMAL
FALSE,FALSE,NORMAL,FALSE,HIGH,FALSE,HIGH,NORMAL,NORMAL,LOW,NORMAL,LOW,HIGH,LOW,NORMAL,FALSE,NORMAL,NORMAL,NORMAL,NORMAL,ZERO,FALSE,LOW,ZERO,LOW,HIGH,FALSE,FALSE,HIGH,NORMAL,LOW,FALSE,HIGH,ZERO,LOW,FALSE,NORMAL
FALSE,FALSE,NORMAL,FALSE,HIGH,FALSE,HIGH,NORMAL,NORMAL,HIGH,NORMAL,LOW,HIGH,HIGH,NORMAL,FALSE,NORMAL,NORMAL,HIGH,NORMAL,ZERO,FALSE,LOW,ZERO,LOW,HIGH,FALSE,FALSE,HIGH,NORMAL,LOW,FALSE,HIGH,ZERO,NORMAL,FALSE,NORMAL
FALSE,FALSE,NORMAL,FALSE,HIGH,FALSE,LOW,LOW,NORMAL,NORMAL,NORMAL,LOW,HIGH,HIGH,NORMAL,FALSE,NORMAL,NORMAL,NORMAL,NORMAL,ZERO,FALSE,LOW,ZERO,LOW,LOW,FALSE,FALSE,HIGH,NORMAL,LOW,FALSE,HIGH,ZERO,NORMAL,FALSE,NORMAL
FALSE,FALSE,NORMAL,FALSE,LOW,FALSE,HIGH,HIGH,NORMAL,HIGH,NORMAL,LOW,HIGH,HIGH,NORMAL,FALSE,NORMAL,NORMAL,NORMAL,NORMAL,LOW,FALSE,HIGH,HIGH,LOW,HIGH,FALSE,FALSE,HIGH,NORMAL,HIGH,FALSE,HIGH,HIGH,NORMAL,FALSE,NORMAL
FALSE,FALSE,NORMAL,FALSE,HIGH,FALSE,HIGH,HIGH,NORMAL,LOW,NORMAL,LOW,HIGH,LOW,NORMAL,FALSE,HIGH,NORMAL,LOW,HIGH,ZERO,FALSE,LOW,ZERO,LOW,HIGH,FALSE,TRUE,HIGH,HIGH,LOW,FALSE,HIGH,LOW,LOW,FALSE,NORMAL
FALSE,TRUE,NORMAL,FALSE,HIGH,FALSE,LOW,LOW,NORMAL,NORMAL,NORMAL,LOW,HIGH,LOW,NORMAL,FALSE,HIGH,NORMAL,HIGH,NORMAL,ZERO,FALSE,LOW,ZERO,LOW,LOW,FALSE,TRUE,LOW,HIGH,LOW,FALSE,NORMAL,ZERO,LOW,FALSE,NORMAL
FALSE,FALSE,NORMAL,FALSE,NORMAL,FALSE,HIGH,NORMAL,NORMAL,NORMAL,NORMAL,LOW,HIGH,HIGH,NORMAL,FALSE,NORMAL,NORMAL,NORMAL,NORMAL,NORMAL,FALSE,LOW,ZERO,NORMAL,HIGH,FALSE,FALSE,HIGH,NORMAL,NORMAL,FALSE,HIGH,NORMAL,NORMAL,FALSE,NORMAL
FALSE,FALSE,NORMAL,FALSE,HIGH,FALSE,NORMAL,LOW,NORMAL,HIGH,NORMAL,LOW,HIGH,HIGH,NORMAL,FALSE,NORMAL,NORMAL,HIGH,NORMAL,ZERO,FALSE,LOW,ZERO,ZERO,HIGH,FALSE,FALSE,NORMAL,NORMAL,LOW,FALSE,HIGH,ZERO,NORMAL,FALSE,NORMAL
FALSE,TRUE,NORMAL,FALSE,HIGH,FALSE,LOW,LOW,NORMAL,LOW,NORMAL,LOW,HIGH,LOW,NORMAL,FALSE,HIGH,NORMAL,NORMAL,NORMAL,ZERO,FALSE,LOW,ZERO,LOW,HIGH,FALSE,TRUE,HIGH,HIGH,LOW,FALSE,HIGH,ZERO,LOW,TRUE,NORMAL
FALSE,FALSE,NORMAL,FALSE,LOW,FALSE,HIGH,LOW,NORMAL,LOW,HIGH,HIGH,HIGH,HIGH,NORMAL,FALSE,NORMAL,HIGH,LOW,NORMAL,LOW,FALSE,HIGH,HIGH,LOW,HIGH,FALSE,FALSE,HIGH,NORMAL,HIGH,FALSE,HIGH,HIGH,NORMAL,FALSE,NORMAL
FALSE,FALSE,NORMAL,FALSE,HIGH,FALSE,HIGH,LOW,NORMAL,LOW,NORMAL,LOW,HIGH,HIGH,NORMAL,FALSE,NORMAL,NORMAL,LOW,NORMAL,ZERO,FALSE,NORMAL,ZERO,LOW,LOW,FALSE,FALSE,HIGH,NORMAL,NORMAL,FALSE,HIGH,ZERO,NORMAL,FALSE,NORMAL
FALSE,FALSE,NORMAL,FALSE,HIGH,FALSE,HIGH,HIGH,NORMAL,LOW,NORMAL,LOW,HIGH,HIGH,NORMAL,FALSE,NORMAL,NORMAL,LOW,NORMAL,ZERO,TRUE,LOW,ZERO,LOW,HIGH,FALSE,FALSE,HIGH,NORMAL,LOW,FALSE,HIGH,ZERO,NORMAL,FALSE,NORMAL
FALSE,TRUE,NORMAL,TRUE,HIGH,FALSE,HIGH,HIGH,NORMAL,HIGH,NORMAL,LOW,HIGH,HIGH,ESOPHAGEAL,FALSE,NORMAL,NORMAL,HIGH,NORMAL,ZERO,FALSE,LOW,LOW,LOW,HIGH,FALSE,FALSE,HIGH,NORMAL,LOW,FALSE,HIGH,LOW,NORMAL,FALSE,NORMAL
FALSE,FALSE,NORMAL,FALSE,NORMAL,FALSE,HIGH,HIGH,NORMAL,NORMAL,NORMAL,LOW,HIGH,HIGH,ONESIDED,FALSE,NORMAL,NORMAL,LOW,NORMAL,ZERO,FALSE,LOW,NORMAL,LOW,LOW,FALSE,FALSE,HIGH,NORMAL,LOW,FALSE,HIGH,NORMAL,NORMAL,FALSE,HIGH
FALSE,FALSE,NORMAL,FALSE,LOW,FALSE,LOW,HIGH,NORMAL,NORMAL,LOW,ZERO,NORMAL,LOW,NORMAL,FALSE,NORMAL,LOW,HIGH,NORMAL,LOW,FALSE,HIGH,HIGH,LOW,LOW,FALSE,FALSE,LOW,NORMAL,HIGH,FALSE,NORMAL,HIGH,NORMAL,FALSE,NORMAL
FALSE,FALSE,NORMAL,FALSE,HIGH,FALSE,NORMAL,LOW,NORMAL,LOW,NORMAL,LOW,HIGH,LOW,NORMAL,FALSE,NORMAL,NORMAL,LOW,NORMAL,ZERO,FALSE,LOW,NORMAL,LOW,HIGH,FALSE,FALSE,NORMAL,NORMAL,LOW,FALSE,LOW,ZERO,NORMAL,FALSE,NORMAL
FALSE,FALSE,NORMAL,FALSE,HIGH,FALSE,HIGH,HIGH,NORMAL,HIGH,ZERO,NORMAL,HIGH,HIGH,NORMAL,FALSE,NORMAL,NORMAL,HIGH,NORMAL,ZERO,FALSE,LOW,ZERO,LOW,HIGH,FALSE,FALSE,HIGH,NORMAL,LOW,FALSE,HIGH,ZERO,NORMAL,FALSE,NORMAL
FALSE,FALSE,NORMAL,FALSE,HIGH,FALSE,HIGH,NORMAL,NORMAL,HIGH,NORMAL,LOW,HIGH,HIGH,NORMAL,FALSE,NORMAL,NORMAL,HIGH,NORMAL,ZERO,FALSE,LOW,ZERO,LOW,HIGH,FALSE,FALSE,HIGH,NORMAL,LOW,FALSE,HIGH,ZERO,NORMAL,FALSE,NORMAL
FALSE,FALSE,NORMAL,FALSE,HIGH,FALSE,HIGH,HIGH,NORMAL,NORMAL,NORMAL,LOW,HIGH,HIGH,NORMAL,FALSE,NORMAL,NORMAL,LOW,NORMAL,ZERO,FALSE,LOW,ZERO,LOW,HIGH,FALSE,FALSE,HIGH,NORMAL,LOW,FALSE,HIGH,ZERO,NORMAL,FALSE,NORMAL
FALSE,FALSE,HIGH,FALSE,HIGH,FALSE,LOW,HIGH,NORMAL,HIGH,NORMAL,LOW,NORMAL,NORMAL,NORMAL,FALSE,HIGH,NORMAL,HIGH,NORMAL,ZERO,FALSE,LOW,ZERO,LOW,LOW,FALSE,TRUE,LOW,HIGH,LOW,FALSE,NORMAL,ZERO,NORMAL,FALSE,NORMAL
TRUE,FALSE,NORMAL,FALSE,LOW,FALSE,LOW,HIGH,NORMAL,HIGH,NORMAL,ZERO,NORMAL,NORMAL,NORMAL,FALSE,NORMAL,NORMAL,HIGH,NORMAL,LOW,FALSE,HIGH,HIGH,LOW,LOW,FALSE,FALSE,LOW,NORMAL,HIGH,FALSE,NORMAL,HIGH,NORMAL,FALSE,NORMAL
FALSE,FALSE,NORMAL,FALSE,HIGH,FALSE,HIGH,NORMAL,NORMAL,HIGH,NORMAL,LOW,HIGH,HIGH,NORMAL,FALSE,NORMAL,NORMAL,HIGH,NORMAL,ZERO,FALSE,LOW,ZERO,LOW,HIGH,FALSE,FALSE,HIGH,NORMAL,LOW,FALSE,HIGH,ZERO,NORMAL,FALSE,NORMAL
FALSE,FALSE,NORMAL,FALSE,HIGH,TRUE,HIGH,HIGH,NORMAL,HIGH,NORMAL,LOW,HIGH,HIGH,NORMAL,FALSE,NORMAL,NORMAL,NORMAL,NORMAL,ZERO,FALSE,LOW,ZERO,LOW,NORMAL,FALSE,FALSE,NORMAL,NORMAL,LOW,FALSE,HIGH,ZERO,NORMAL,FALSE,NORMAL
FALSE,FALSE,NORMAL,FALSE,HIGH,FALSE,HIGH,HIGH,NORMAL,HIGH,NORMAL,LOW,HIGH,HIGH,NORMAL,FALSE,NORMAL,NORMAL,NORMAL,NORMAL,ZERO,FALSE,LOW,ZERO,LOW,HIGH,FALSE,FALSE,HIGH,NORMAL,LOW,FALSE,HIGH,ZERO,NORMAL,FALSE,NORMAL
FALSE,FALSE,NORMAL,FALSE,HIGH,FALSE,HIGH,HIGH,NORMAL,HIGH,NORMAL,LOW,HIGH,HIGH,NORMAL,FALSE,NORMAL,NORMAL,HIGH,NORMAL,ZERO,FALSE,LOW,ZERO,LOW,HIGH,FALSE,FALSE,HIGH,NORMAL,LOW,FALSE,HIGH,ZERO,NORMAL,FALSE,NORMAL
FALSE,FALSE,NORMAL,FALSE,LOW,TRUE,NORMAL,LOW,NORMAL,LOW,HIGH,HIGH,HIGH,HIGH,NORMAL,TRUE,NORMAL,HIGH,LOW,NORMAL,LOW,FALSE,HIGH,LOW,LOW,NORMAL,FALSE,FALSE,HIGH,NORMAL,HIGH,FALSE,HIGH,HIGH,NORMAL,FALSE,NORMAL
FALSE,TRUE,NORMAL,FALSE,LOW,FALSE,HIGH,LOW,NORMAL,LOW,HIGH,HIGH,HIGH,LOW,NORMAL,FALSE,NORMAL,HIGH,NORMAL,NORMAL,LOW,FALSE,HIGH,HIGH,LOW,HIGH,FALSE,TRUE,HIGH,NORMAL,HIGH,FALSE,HIGH,HIGH,LOW,FALSE,NORMAL
FALSE,FALSE,NORMAL,FALSE,HIGH,FALSE,HIGH,HIGH,NORMAL,HIGH,NORMAL,LOW,HIGH,HIGH,NORMAL,FALSE,NORMAL,NORMAL,HIGH,NORMAL,ZERO,FALSE,LOW,ZERO,LOW,HIGH,FALSE,FALSE,HIGH,NORMAL,LOW,FALSE,HIGH,ZERO,NORMAL,FALSE,NORMAL
FALSE,FALSE,NORMAL,FALSE,HIGH,FALSE,HIGH,NORMAL,NORMAL,NORMAL,NORMAL,LOW,HIGH,HIGH,NORMAL,FALSE,NORMAL,NORMAL,NORMAL,NORMAL,ZERO,FALSE,LOW,ZERO,LOW,HIGH,FALSE,FALSE,HIGH,NORMAL,LOW,FALSE,HIGH,ZERO,NORMAL,FALSE,NORMAL
FALSE,FALSE,NORMAL,FALSE,HIGH,FALSE,LOW,HIGH,NORMAL,NORMAL,NORMAL,LOW,HIGH,NORMAL,NORMAL,FALSE,NORMAL,NORMAL,HIGH,NORMAL,ZERO,FALSE,LOW,ZERO,LOW,LOW,FALSE,FALSE,LOW,NORMAL,LOW,FALSE,NORMAL,ZERO,NORMAL,FALSE,NORMAL
FALSE,FALSE,NORMAL,FALSE,HIGH,FALSE,HIGH,HIGH,NORMAL,HIGH,NORMAL,LOW,HIGH,HIGH,NORMAL,FALSE,NORMAL,NORMAL,HIGH,NORMAL,ZERO,FALSE,LOW,ZERO,NORMAL,HIGH,FALSE,FALSE,HIGH,NORMAL,LOW,FALSE,HIGH,ZERO,NORMAL,FALSE,HIGH
FALSE,FALSE,NORMAL,FALSE,HIGH,TRUE,HIGH,LOW,NORMAL,HIGH,NORMAL,LOW,HIGH,HIGH,NORMAL,FALSE,NORMAL,NORMAL,HIGH,LOW,ZERO,FALSE,LOW,ZERO,LOW,NORMAL,FALSE,FALSE,NORMAL,NORMAL,LOW,FALSE,HIGH,ZERO,NORMAL,TRUE,NORMAL
FALSE,TRUE,NORMAL,FALSE,HIGH,FALSE,HIGH,LOW,NORMAL,NORMAL,NORMAL,LOW,HIGH,HIGH,NORMAL,FALSE,NORMAL,NORMAL,LOW,NORMAL,ZERO,FALSE,LOW,ZERO,ZERO,HIGH,FALSE,FALSE,HIGH,NORMAL,LOW,FALSE,HIGH,ZERO,NORMAL,FALSE,NORMAL
FALSE,FALSE,NORMAL,FALSE,HIGH,TRUE,HIGH,HIGH,NORMAL,HIGH,NORMAL,LOW,HIGH,HIGH,NORMAL,FALSE,HIGH,NORMAL,NORMAL,HIGH,ZERO,FALSE,LOW,ZERO,LOW,NORMAL,FALSE,TRUE,NORMAL,HIGH,LOW,FALSE,HIGH,ZERO,NORMAL,FALSE,NORMAL
FALSE,FALSE,NORMAL,FALSE,HIGH,FALSE,LOW,HIGH,NORMAL,LOW,NORMAL,LOW,HIGH,LOW,NORMAL,FALSE,NORMAL,NORMAL,HIGH,NORMAL,ZERO,FALSE,LOW,ZERO,LOW,LOW,FALSE,TRUE,LOW,NORMAL,LOW,FALSE,NORMAL,ZERO,LOW,FALSE,NORMAL
FALSE,FALSE,NORMAL,FALSE,NORMAL,FALSE,LOW,LOW,NORMAL,NORMAL,NORMAL,HIGH,NORMAL,NORMAL,NORMAL,FALSE,NORMAL,NORMAL,HIGH,NORMAL,LOW,FALSE,HIGH,HIGH,ZERO,LOW,FALSE,FALSE,LOW,NORMAL,HIGH,FALSE,NORMAL,HIGH,NORMAL,FALSE,NORMAL
FALSE,TRUE,HIGH,FALSE,HIGH,FALSE,HIGH,HIGH,NORMAL,NORMAL,NORMAL,LOW,HIGH,NORMAL,ESOPHAGEAL,FALSE,LOW,NORMAL,NORMAL,LOW,ZERO,FALSE,LOW,NORMAL,LOW,HIGH,FALSE,FALSE,HIGH,LOW,LOW,TRUE,HIGH,ZERO,NORMAL,FALSE,HIGH
FALSE,FALSE,NORMAL,FALSE,HIGH,TRUE,HIGH,NORMAL,NORMAL,LOW,NORMAL,LOW,HIGH,HIGH,NORMAL,FALSE,NORMAL,NORMAL,LOW,NORMAL,ZERO,FALSE,LOW,ZERO,LOW,NORMAL,FALSE,FALSE,NORMAL,NORMAL,LOW,FALSE,HIGH,ZERO,NORMAL,FALSE,NORMAL
FALSE,FALSE,NORMAL,FALSE,HIGH,FALSE,HIGH,HIGH,NORMAL,HIGH,NORMAL,LOW,HIGH,HIGH,NORMAL,FALSE,NORMAL,NORMAL,NORMAL,NORMAL,ZERO,FALSE,LOW,ZERO,LOW,HIGH,FALSE,FALSE,HIGH,NORMAL,LOW,FALSE,HIGH,ZERO,NORMAL,FALSE,NORMAL
FALSE,FALSE,NORMAL,FALSE,LOW,FALSE,HIGH,LOW,NORMAL,NORMAL,NORMAL,LOW,HIGH,HIGH,NORMAL,FALSE,NORMAL,NORMAL,NORMAL,NORMAL,ZERO,FALSE,LOW,ZERO,ZERO,HIGH,FALSE,FALSE,HIGH,NORMAL,LOW,FALSE,HIGH,ZERO,NORMAL,FALSE,NORMAL
FALSE,TRUE,NORMAL,FALSE,LOW,FALSE,LOW,LOW,NORMAL,HIGH,HIGH,HIGH,NORMAL,NORMAL,NORMAL,FALSE,NORMAL,HIGH,HIGH,NORMAL,LOW,FALSE,HIGH,HIGH,LOW,LOW,FALSE,FALSE,LOW,NORMAL,HIGH,FALSE,NORMAL,HIGH,NORMAL,FALSE,NORMAL
FALSE,FALSE,NORMAL,FALSE,HIGH,TRUE,HIGH,LOW,NORMAL,LOW,NORMAL,LOW,HIGH,HIGH,NORMAL,FALSE,NORMAL,NORMAL,LOW,NORMAL,ZERO,FALSE,LOW,ZERO,LOW,NORMAL,FALSE,FALSE,NORMAL,NORMAL,LOW,FALSE,HIGH,ZERO,NORMAL,FALSE,NORMAL
FALSE,TRUE,NORMAL,FALSE,NORMAL,FALSE,HIGH,NORMAL,NORMAL,LOW,NORMAL,LOW,HIGH,HIGH,NORMAL,FALSE,NORMAL,NORMAL,LOW,NORMAL,ZERO,FALSE,LOW,ZERO,LOW,HIGH,FALSE,FALSE,NORMAL,NORMAL,LOW,FALSE,HIGH,NORMAL,NORMAL,FALSE,NORMAL
FALSE,FALSE,NORMAL,FALSE,HIGH,FALSE,HIGH,NORMAL,NORMAL,LOW,NORMAL,LOW,HIGH,HIGH,NORMAL,FALSE,NORMAL,NORMAL,LOW,NORMAL,ZERO,FALSE,LOW,ZERO,LOW,HIGH,FALSE,FALSE,HIGH,NORMAL,LOW,FALSE,HIGH,ZERO,NORMAL,FALSE,NORMAL
FALSE,FALSE,NORMAL,FALSE,HIGH,FALSE,HIGH,HIGH,NORMAL,LOW,NORMAL,LOW,HIGH,HIGH,NORMAL,FALSE,HIGH,NORMAL,NORMAL,HIGH,ZERO,FALSE,LOW,ZERO,LOW,HIGH,FALSE,TRUE,HIGH,HIGH,LOW,FALSE,HIGH,ZERO,NORMAL,FALSE,NORMAL
FALSE,FALSE,NORMAL,FALSE,HIGH,FALSE,HIGH,HIGH,NORMAL,LOW,NORMAL,LOW,HIGH,LOW,NORMAL,FALSE,NORMAL,NORMAL,NORMAL,NORMAL,ZERO,FALSE,LOW,ZERO,LOW,HIGH,FALSE,FALSE,HIGH,NORMAL,LOW,FALSE,HIGH,ZERO,LOW,FALSE,NORMAL
FALSE,FALSE,NORMAL,FALSE,HIGH,TRUE,NORMAL,NORMAL,NORMAL,HIGH,NORMAL,LOW,HIGH,HIGH,NORMAL,TRUE,HIGH,NORMAL,HIGH,HIGH,ZERO,FALSE,LOW,ZERO,LOW,NORMAL,FALSE,TRUE,NORMAL,HIGH,LOW,FALSE,HIGH,ZERO,NORMAL,FALSE,NORMAL
FALSE,FALSE,NORMAL,FALSE,HIGH,FALSE,LOW,NORMAL,NORMAL,NORMAL,NORMAL,LOW,HIGH,NORMAL,NORMAL,FALSE,NORMAL,NORMAL,NORMAL,NORMAL,ZERO,FALSE,LOW,ZERO,LOW,LOW,FALSE,FALSE,LOW,NORMAL,LOW,FALSE,NORMAL,ZERO,NORMAL,FALSE,NORMAL
FALSE,FALSE,NORMAL,FALSE,LOW,FALSE,HIGH,HIGH,NORMAL,HIGH,NORMAL,LOW,HIGH,HIGH,NORMAL,FALSE,NORMAL,NORMAL,NORMAL,NORMAL,ZERO,FALSE,HIGH,ZERO,ZERO,HIGH,FALSE,FALSE,HIGH,NORMAL,HIGH,FALSE,HIGH,HIGH,NORMAL,FALSE,NORMAL
FALSE,FALSE,NORMAL,FALSE,HIGH,FALSE,HIGH,HIGH,NORMAL,NORMAL,NORMAL,LOW,HIGH,HIGH,NORMAL,FALSE,NORMAL,NORMAL,NORMAL,NORMAL,ZERO,FALSE,LOW,ZERO,ZERO,HIGH,FALSE,FALSE,HIGH,NORMAL,LOW,FALSE,HIGH,LOW,NORMAL,FALSE,NORMAL
FALSE,FALSE,NORMAL,FALSE,LOW,FALSE,HIGH,HIGH,LOW,HIGH,ZERO,ZERO,HIGH,HIGH,NORMAL,FALSE,HIGH,NORMAL,NORMAL,HIGH,LOW,FALSE,NORMAL,HIGH,LOW,HIGH,FALSE,TRUE,HIGH,HIGH,NORMAL,FALSE,HIGH,HIGH,NORMAL,FALSE,NORMAL
TRUE,TRUE,NORMAL,FALSE,HIGH,FALSE,HIGH,HIGH,NORMAL,HIGH,NORMAL,ZERO,HIGH,NORMAL,NORMAL,FALSE,HIGH,NORMAL,NORMAL,HIGH,LOW,FALSE,HIGH,HIGH,NORMAL,HIGH,FALSE,TRUE,HIGH,HIGH,HIGH,FALSE,HIGH,NORMAL,LOW,FALSE,NORMAL
FALSE,FALSE,NORMAL,FALSE,HIGH,FALSE,HIGH,HIGH,NORMAL,NORMAL,NORMAL,LOW,HIGH,NORMAL,NORMAL,FALSE,HIGH,NORMAL,HIGH,HIGH,ZERO,FALSE,LOW,ZERO,LOW,HIGH,FALSE,TRUE,HIGH,HIGH,LOW,FALSE,HIGH,ZERO,LOW,FALSE,HIGH
FALSE,FALSE,NORMAL,FALSE,HIGH,FALSE,HIGH,HIGH,LOW,HIGH,NORMAL,LOW,HIGH,HIGH,NORMAL,FALSE,NORMAL,NORMAL,HIGH,NORMAL,ZERO,FALSE,LOW,ZERO,LOW,HIGH,FALSE,FALSE,HIGH,NORMAL,LOW,FALSE,HIGH,ZERO,NORMAL,FALSE,NORMAL
FALSE,FALSE,NORMAL,FALSE,HIGH,FALSE,HIGH,NORMAL,NORMAL,HIGH,NORMAL,LOW,HIGH,HIGH,NORMAL,FALSE,NORMAL,NORMAL,HIGH,NORMAL,ZERO,FALSE,LOW,ZERO,LOW,HIGH,FALSE,FALSE,HIGH,NORMAL,LOW,FALSE,HIGH,ZERO,HIGH,FALSE,NORMAL
FALSE,FALSE,NORMAL,FALSE,LOW,FALSE,HIGH,LOW,NORMAL,LOW,HIGH,HIGH,HIGH,HIGH,NORMAL,FALSE,NORMAL,HIGH,LOW,NORMAL,LOW,FALSE,HIGH,HIGH,LOW,HIGH,FALSE,FALSE,HIGH,NORMAL,HIGH,FALSE,HIGH,HIGH,NORMAL,FALSE,NORMAL
FALSE,FALSE,LOW,FALSE,HIGH,FALSE,NORMAL,HIGH,NORMAL,LOW,NORMAL,LOW,HIGH,LOW,NORMAL,TRUE,HIGH,NORMAL,NORMAL,HIGH,ZERO,FALSE,LOW,ZERO,LOW,HIGH,FALSE,TRUE,HIGH,HIGH,LOW,FALSE,HIGH,ZERO,LOW,FALSE,HIGH
FALSE,FALSE,NORMAL,FALSE,HIGH,FALSE,LOW,HIGH,NORMAL,NORMAL,NORMAL,LOW,HIGH,NORMAL,NORMAL,FALSE,NORMAL,NORMAL,HIGH,NORMAL,ZERO,FALSE,LOW,ZERO,LOW,LOW,FALSE,FALSE,LOW,NORMAL,LOW,FALSE,NORMAL,ZERO,NORMAL,FALSE,NORMAL
FALSE,TRUE,NORMAL,FALSE,HIGH,FALSE,HIGH,LOW,NORMAL,HIGH,NORMAL,LOW,HIGH,HIGH,NORMAL,FALSE,HIGH,NORMAL,NORMAL,HIGH,ZERO,FALSE,LOW,NORMAL,LOW,HIGH,FALSE,TRUE,HIGH,HIGH,LOW,FALSE,HIGH,ZERO,NORMAL,FALSE,NORMAL
FALSE,FALSE,NORMAL,FALSE,HIGH,FALSE,HIGH,HIGH,NORMAL,HIGH,NORMAL,LOW,HIGH,HIGH,NORMAL,FALSE,NORMAL,NORMAL,HIGH,NORMAL,ZERO,FALSE,LOW,ZERO,LOW,HIGH,FALSE,FALSE,HIGH,NORMAL,LOW,FALSE,HIGH,ZERO,NORMAL,FALSE,NORMAL
FALSE,FALSE,NORMAL,FALSE,HIGH,TRUE,HIGH,LOW,NORMAL,LOW,NORMAL,LOW,HIGH,HIGH,NORMAL,FALSE,NORMAL,NORMAL,LOW,NORMAL,ZERO,FALSE,LOW,ZERO,LOW,NORMAL,FALSE,FALSE,NORMAL,NORMAL,LOW,FALSE,HIGH,ZERO,NORMAL,FALSE,NORMAL
FALSE,FALSE,NORMAL,FALSE,HIGH,FALSE,HIGH,NORMAL,NORMAL,LOW,NORMAL,LOW,HIGH,HIGH,NORMAL,FALSE,NORMAL,NORMAL,LOW,NORMAL,ZERO,FALSE,LOW,ZERO,LOW,HIGH,FALSE,FALSE,HIGH,NORMAL,LOW,FALSE,HIGH,ZERO,NORMAL,FALSE,NORMAL
FALSE,FALSE,NORMAL,FALSE,LOW,FALSE,LOW,HIGH,NORMAL,HIGH,LOW,ZERO,NORMAL,NORMAL,NORMAL,FALSE,NORMAL,LOW,HIGH,NORMAL,LOW,FALSE,HIGH,HIGH,LOW,LOW,FALSE,FALSE,LOW,NORMAL,HIGH,FALSE,NORMAL,HIGH,NORMAL,FALSE,NORMAL
FALSE,FALSE,NORMAL,FALSE,HIGH,FALSE,HIGH,HIGH,NORMAL,NORMAL,NORMAL,LOW,HIGH,HIGH,NORMAL,FALSE,NORMAL,NORMAL,NORMAL,NORMAL,ZERO,FALSE,LOW,ZERO,LOW,HIGH,FALSE,FALSE,HIGH,NORMAL,LOW,FALSE,HIGH,ZERO,NORMAL,FALSE,NORMAL
FALSE,FALSE,NORMAL,FALSE,HIGH,TRUE,LOW,NORMAL,NORMAL,LOW,NORMAL,LOW,HIGH,LOW,NORMAL,FALSE,NORMAL,NORMAL,NORMAL,NORMAL,ZERO,FALSE,LOW,ZERO,LOW,NORMAL,FALSE,FALSE,HIGH,NORMAL,LOW,FALSE,NORMAL,ZERO,NORMAL,FALSE,NORMAL
FALSE,FALSE,NORMAL,TRUE,HIGH,TRUE,HIGH,NORMAL,NORMAL,LOW,NORMAL,LOW,HIGH,LOW,NORMAL,FALSE,LOW,NORMAL,NORMAL,LOW,ZERO,FALSE,LOW,ZERO,LOW,NORMAL,TRUE,TRUE,NORMAL,LOW,LOW,FALSE,HIGH,ZERO,LOW,FALSE,NORMAL
FALSE,FALSE,NORMAL,FALSE,HIGH,TRUE,HIGH,NORMAL,LOW,HIGH,NORMAL,LOW,HIGH,HIGH,NORMAL,FALSE,NORMAL,NORMAL,HIGH,NORMAL,ZERO,FALSE,LOW,ZERO,LOW,NORMAL,FALSE,FALSE,NORMAL,NORMAL,LOW,FALSE,HIGH,ZERO,NORMAL,FALSE,NORMAL
FALSE,FALSE,NORMAL,FALSE,HIGH,FALSE,HIGH,HIGH,NORMAL,HIGH,NORMAL,LOW,HIGH,HIGH,NORMAL,FALSE,HIGH,NORMAL,NORMAL,NORMAL,ZERO,FALSE,LOW,ZERO,LOW,HIGH,FALSE,FALSE,HIGH,HIGH,LOW,FALSE,HIGH,ZERO,NORMAL,FALSE,NORMAL
FALSE,FALSE,NORMAL,FALSE,HIGH,FALSE,HIGH,LOW,NORMAL,HIGH,NORMAL,LOW,HIGH,HIGH,NORMAL,FALSE,NORMAL,NORMAL,NORMAL,NORMAL,ZERO,FALSE,LOW,ZERO,LOW,HIGH,FALSE,FALSE,HIGH,NORMAL,LOW,FALSE,HIGH,ZERO,NORMAL,FALSE,HIGH
FALSE,FALSE,NORMAL,FALSE,HIGH,FALSE,HIGH,HIGH,NORMAL,HIGH,NORMAL,LOW,HIGH,HIGH,NORMAL,FALSE,NORMAL,NORMAL,NORMAL,NORMAL,ZERO,FALSE,LOW,ZERO,LOW,HIGH,FALSE,FALSE,HIGH,NORMAL,LOW,FALSE,HIGH,ZERO,NORMAL,FALSE,NORMAL
FALSE,FALSE,NORMAL,FALSE,NORMAL,TRUE,LOW,LOW,NORMAL,HIGH,NORMAL,LOW,NORMAL,NORMAL,NORMAL,FALSE,NORMAL,NORMAL,HIGH,NORMAL,ZERO,FALSE,HIGH,ZERO,LOW,NORMAL,FALSE,FALSE,HIGH,NORMAL,HIGH,FALSE,NORMAL,HIGH,NORMAL,FALSE,NORMAL
FALSE,FALSE,NORMAL,FALSE,HIGH,FALSE,HIGH,LOW,NORMAL,HIGH,NORMAL,LOW,HIGH,HIGH,NORMAL,FALSE,NORMAL,NORMAL,NORMAL,NORMAL,ZERO,FALSE,LOW,ZERO,LOW,HIGH,FALSE,FALSE,HIGH,NORMAL,LOW,FALSE,HIGH,ZERO,NORMAL,FALSE,NORMAL
FALSE,FALSE,NORMAL,FALSE,HIGH,FALSE,HIGH,HIGH,NORMAL,LOW,NORMAL,LOW,HIGH,HIGH,NORMAL,FALSE,NORMAL,NORMAL,LOW,NORMAL,ZERO,FALSE,LOW,ZERO,LOW,HIGH,FALSE,FALSE,HIGH,NORMAL,LOW,FALSE,HIGH,ZERO,NORMAL,FALSE,NORMAL
FALSE,FALSE,NORMAL,FALSE,HIGH,FALSE,HIGH,HIGH,NORMAL,HIGH,NORMAL,LOW,HIGH,HIGH,NORMAL,FALSE,HIGH,NORMAL,NORMAL,HIGH,ZERO,FALSE,LOW,ZERO,LOW,HIGH,FALSE,TRUE,HIGH,HIGH,LOW,FALSE,HIGH,ZERO,NORMAL,FALSE,NORMAL
FALSE,TRUE,NORMAL,FALSE,HIGH,TRUE,HIGH,HIGH,NORMAL,NORMAL,NORMAL,LOW,HIGH,HIGH,ONESIDED,FALSE,NORMAL,NORMAL,NORMAL,NORMAL,LOW,FALSE,LOW,HIGH,NORMAL,NORMAL,FALSE,FALSE,NORMAL,NORMAL,LOW,FALSE,HIGH,LOW,NORMAL,FALSE,HIGH
FALSE,FALSE,NORMAL,FALSE,HIGH,FALSE,HIGH,HIGH,NORMAL,LOW,NORMAL,LOW,HIGH,HIGH,NORMAL,FALSE,NORMAL,NORMAL,LOW,NORMAL,ZERO,FALSE,LOW,ZERO,LOW,HIGH,FALSE,FALSE,HIGH,NORMAL,LOW,FALSE,HIGH,ZERO,NORMAL,FALSE,NORMAL
FALSE,FALSE,NORMAL,FALSE,HIGH,FALSE,HIGH,LOW,NORMAL,HIGH,NORMAL,LOW,HIGH,HIGH,NORMAL,FALSE,NORMAL,NORMAL,NORMAL,NORMAL,ZERO,FALSE,LOW,ZERO,LOW,HIGH,FALSE,FALSE,HIGH,NORMAL,LOW,FALSE,HIGH,ZERO,NORMAL,FALSE,NORMAL
FALSE,FALSE,NORMAL,FALSE,HIGH,FALSE,HIGH,NORMAL,NORMAL,HIGH,NORMAL,LOW,HIGH,HIGH,NORMAL,FALSE,HIGH,NORMAL,NORMAL,HIGH,ZERO,FALSE,LOW,ZERO,LOW,HIGH,FALSE,TRUE,HIGH,HIGH,LOW,FALSE,HIGH,ZERO,NORMAL,FALSE,NORMAL
FALSE,FALSE,NORMAL,FALSE,HIGH,FALSE,HIGH,HIGH,NORMAL,HIGH,NORMAL,LOW,HIGH,HIGH,NORMAL,FALSE,NORMAL,NORMAL,HIGH,NORMAL,ZERO,FALSE,LOW,LOW,LOW,HIGH,FALSE,FALSE,HIGH,NORMAL,LOW,FALSE,HIGH,ZERO,NORMAL,FALSE,NORMAL
FALSE,FALSE,NORMAL,FALSE,HIGH,FALSE,HIGH,HIGH,NORMAL,HIGH,NORMAL,LOW,HIGH,HIGH,ESOPHAGEAL,FALSE,NORMAL,NORMAL,HIGH,NORMAL,LOW,FALSE,LOW,ZERO,HIGH,HIGH,FALSE,FALSE,HIGH,NORMAL,LOW,FALSE,HIGH,ZERO,NORMAL,FALSE,NORMAL
FALSE,FALSE,NORMAL,TRUE,HIGH,FALSE,HIGH,NORMAL,NORMAL,LOW,NORMAL,LOW,HIGH,LOW,NORMAL,FALSE,LOW,NORMAL,LOW,LOW,ZERO,FALSE,LOW,ZERO,LOW,HIGH,TRUE,FALSE,HIGH,LOW,LOW,FALSE,HIGH,ZERO,LOW,FALSE,NORMAL
TRUE,FALSE,HIGH,FALSE,LOW,TRUE,HIGH,HIGH,NORMAL,LOW,NORMAL,ZERO,HIGH,LOW,NORMAL,FALSE,HIGH,NORMAL,LOW,HIGH,LOW,FALSE,HIGH,HIGH,LOW,LOW,FALSE,TRUE,NORMAL,HIGH,HIGH,FALSE,HIGH,HIGH,LOW,FALSE,NORMAL
FALSE,FALSE,NORMAL,FALSE,HIGH,FALSE,HIGH,NORMAL,NORMAL,HIGH,NORMAL,LOW,HIGH,HIGH,NORMAL,FALSE,NORMAL,NORMAL,HIGH,NORMAL,ZERO,FALSE,LOW,ZERO,LOW,HIGH,FALSE,FALSE,HIGH,NORMAL,LOW,FALSE,HIGH,ZERO,NORMAL,TRUE,NORMAL
FALSE,FALSE,NORMAL,FALSE,HIGH,FALSE,LOW,HIGH,NORMAL,LOW,NORMAL,LOW,NORMAL,LOW,NORMAL,FALSE,HIGH,NORMAL,LOW,HIGH,ZERO,FALSE,LOW,ZERO,HIGH,LOW,FALSE,TRUE,LOW,HIGH,LOW,FALSE,LOW,ZERO,LOW,FALSE,NORMAL
FALSE,FALSE,NORMAL,FALSE,HIGH,FALSE,HIGH,LOW,NORMAL,LOW,NORMAL,LOW,HIGH,HIGH,NORMAL,FALSE,NORMAL,NORMAL,LOW,NORMAL,ZERO,FALSE,LOW,ZERO,LOW,HIGH,FALSE,FALSE,HIGH,NORMAL,LOW,FALSE,HIGH,ZERO,NORMAL,FALSE,NORMAL
FALSE,TRUE,NORMAL,FALSE,HIGH,FALSE,HIGH,HIGH,NORMAL,HIGH,NORMAL,LOW,HIGH,HIGH,NORMAL,FALSE,NORMAL,NORMAL,NORMAL,LOW,ZERO,FALSE,LOW,ZERO,LOW,HIGH,FALSE,FALSE,HIGH,NORMAL,LOW,FALSE,HIGH,ZERO,NORMAL,FALSE,NORMAL
FALSE,FALSE,NORMAL,FALSE,HIGH,FALSE,HIGH,HIGH,LOW,LOW,NORMAL,LOW,HIGH,HIGH,NORMAL,FALSE,NORMAL,NORMAL,LOW,NORMAL,ZERO,FALSE,LOW,ZERO,LOW,HIGH,FALSE,FALSE,HIGH,NORMAL,LOW,FALSE,HIGH,ZERO,HIGH,FALSE,HIGH
FALSE,FALSE,NORMAL,FALSE,HIGH,FALSE,HIGH,HIGH,NORMAL,HIGH,NORMAL,LOW,HIGH,NORMAL,NORMAL,FALSE,HIGH,NORMAL,NORMAL,NORMAL,ZERO,FALSE,LOW,ZERO,LOW,HIGH,FALSE,TRUE,HIGH,HIGH,LOW,FALSE,HIGH,ZERO,LOW,FALSE,NORMAL
FALSE,FALSE,NORMAL,FALSE,LOW,FALSE,HIGH,LOW,NORMAL,LOW,HIGH,HIGH,HIGH,HIGH,NORMAL,FALSE,HIGH,NORMAL,LOW,NORMAL,LOW,FALSE,HIGH,HIGH,LOW,HIGH,FALSE,TRUE,HIGH,HIGH,HIGH,FALSE,HIGH,HIGH,NORMAL,FALSE,NORMAL
FALSE,FALSE,NORMAL,FALSE,HIGH,TRUE,HIGH,NORMAL,NORMAL,HIGH,NORMAL,LOW,HIGH,HIGH,NORMAL,FALSE,NORMAL,NORMAL,NORMAL,NORMAL,ZERO,FALSE,LOW,ZERO,LOW,NORMAL,FALSE,FALSE,NORMAL,NORMAL,LOW,FALSE,HIGH,ZERO,NORMAL,FALSE,NORMAL
TRUE,FALSE,NORMAL,FALSE,LOW,FALSE,HIGH,HIGH,NORMAL,HIGH,NORMAL,ZERO,NORMAL,HIGH,NORMAL,FALSE,NORMAL,NORMAL,HIGH,NORMAL,LOW,FALSE,HIGH,HIGH,LOW,HIGH,FALSE,FALSE,HIGH,NORMAL,HIGH,FALSE,HIGH,HIGH,NORMAL,FALSE,NORMAL
FALSE,FALSE,NORMAL,TRUE,HIGH,FALSE,HIGH,LOW,NORMAL,LOW,NORMAL,LOW,HIGH,LOW,NORMAL,FALSE,LOW,NORMAL,LOW,LOW,ZERO,FALSE,LOW,ZERO,LOW,HIGH,TRUE,FALSE,HIGH,LOW,LOW,FALSE,HIGH,ZERO,LOW,TRUE,NORMAL
FALSE,FALSE,NORMAL,FALSE,HIGH,FALSE,HIGH,NORMAL,NORMAL,LOW,NORMAL,LOW,HIGH,LOW,NORMAL,FALSE,HIGH,NORMAL,NORMAL,HIGH,ZERO,FALSE,LOW,ZERO,LOW,HIGH,FALSE,TRUE,HIGH,HIGH,LOW,FALSE,HIGH,ZERO,LOW,FALSE,NORMAL
FALSE,TRUE,HIGH,FALSE,HIGH,FALSE,LOW,HIGH,NORMAL,HIGH,NORMAL,LOW,NORMAL,NORMAL,NORMAL,FALSE,NORMAL,NORMAL,HIGH,NORMAL,ZERO,FALSE,LOW,ZERO,LOW,LOW,FALSE,FALSE,LOW,NORMAL,LOW,FALSE,NORMAL,ZERO,NORMAL,FALSE,NORMAL
FALSE,FALSE,NORMAL,FALSE,HIGH,FALSE,HIGH,LOW,NORMAL,HIGH,NORMAL,LOW,HIGH,HIGH,NORMAL,FALSE,LOW,NORMAL,NORMAL,LOW,ZERO,FALSE,LOW,ZERO,LOW,HIGH,FALSE,FALSE,HIGH,LOW,LOW,FALSE,HIGH,ZERO,NORMAL,FALSE,NORMAL
FALSE,FALSE,NORMAL,FALSE,LOW,FALSE,LOW,LOW,NORMAL,NORMAL,HIGH,HIGH,NORMAL,LOW,NORMAL,FALSE,HIGH,HIGH,HIGH,NORMAL,LOW,FALSE,HIGH,HIGH,LOW,NORMAL,FALSE,TRUE,LOW,HIGH,HIGH,FALSE,NORMAL,HIGH,LOW,FALSE,NORMAL
FALSE,FALSE,NORMAL,FALSE,HIGH,FALSE,HIGH,HIGH,NORMAL,LOW,NORMAL,LOW,HIGH,HIGH,NORMAL,FALSE,NORMAL,NORMAL,LOW,NORMAL,ZERO,FALSE,LOW,ZERO,LOW,HIGH,FALSE,FALSE,HIGH,NORMAL,LOW,FALSE,HIGH,ZERO,NORMAL,FALSE,NORMAL
FALSE,FALSE,NORMAL,FALSE,HIGH,FALSE,HIGH,NORMAL,NORMAL,HIGH,NORMAL,LOW,HIGH,HIGH,NORMAL,FALSE,LOW,NORMAL,HIGH,NORMAL,ZERO,FALSE,LOW,ZERO,LOW,HIGH,FALSE,FALSE,HIGH,NORMAL,LOW,FALSE,HIGH,ZERO,NORMAL,FALSE,NORMAL
TRUE,TRUE,NORMAL,FALSE,HIGH,FALSE,HIGH,ZERO,NORMAL,NORMAL,NORMAL,ZERO,HIGH,NORMAL,ESOPHAGEAL,FALSE,NORMAL,NORMAL,NORMAL,NORMAL,ZERO,FALSE,LOW,LOW,LOW,HIGH,FALSE,FALSE,HIGH,NORMAL,LOW,FALSE,HIGH,LOW,NORMAL,FALSE,NORMAL
FALSE,TRUE,NORMAL,FALSE,HIGH,FALSE,HIGH,NORMAL,LOW,HIGH,NORMAL,LOW,HIGH,HIGH,NORMAL,FALSE,LOW,NORMAL,HIGH,NORMAL,ZERO,FALSE,LOW,ZERO,LOW,HIGH,FALSE,FALSE,HIGH,NORMAL,LOW,FALSE,HIGH,ZERO,NORMAL,FALSE,NORMAL
FALSE,FALSE,NORMAL,FALSE,HIGH,FALSE,HIGH,LOW,NORMAL,LOW,NORMAL,LOW,HIGH,HIGH,NORMAL,FALSE,NORMAL,NORMAL,LOW,NORMAL,ZERO,FALSE,LOW,ZERO,LOW,HIGH,FALSE,FALSE,HIGH,NORMAL,LOW,FALSE,HIGH,ZERO,NORMAL,FALSE,NORMAL
TRUE,FALSE,HIGH,TRUE,HIGH,FALSE,HIGH,HIGH,NORMAL,LOW,NORMAL,ZERO,HIGH,LOW,NORMAL,FALSE,LOW,NORMAL,LOW,LOW,ZERO,FALSE,LOW,ZERO,LOW,HIGH,TRUE,FALSE,HIGH,LOW,LOW,FALSE,HIGH,ZERO,LOW,FALSE,NORMAL
FALSE,FALSE,NORMAL,FALSE,HIGH,TRUE,LOW,HIGH,NORMAL,NORMAL,NORMAL,LOW,HIGH,NORMAL,ESOPHAGEAL,FALSE,NORMAL,NORMAL,NORMAL,NORMAL,ZERO,FALSE,LOW,LOW,LOW,NORMAL,FALSE,FALSE,NORMAL,NORMAL,LOW,FALSE,NORMAL,LOW,HIGH,FALSE,NORMAL
FALSE,FALSE,NORMAL,FALSE,HIGH,FALSE,HIGH,HIGH,NORMAL,HIGH,NORMAL,LOW,HIGH,HIGH,NORMAL,FALSE,NORMAL,NORMAL,HIGH,NORMAL,ZERO,FALSE,LOW,ZERO,LOW,HIGH,FALSE,FALSE,HIGH,NORMAL,LOW,FALSE,HIGH,ZERO,NORMAL,FALSE,NORMAL
FALSE,FALSE,NORMAL,FALSE,HIGH,TRUE,HIGH,HIGH,NORMAL,NORMAL,NORMAL,LOW,HIGH,HIGH,NORMAL,FALSE,HIGH,NORMAL,NORMAL,HIGH,ZERO,FALSE,LOW,ZERO,LOW,NORMAL,FALSE,TRUE,NORMAL,HIGH,LOW,FALSE,HIGH,ZERO,NORMAL,FALSE,NORMAL
FALSE,FALSE,NORMAL,FALSE,HIGH,FALSE,HIGH,HIGH,NORMAL,HIGH,NORMAL,LOW,HIGH,HIGH,NORMAL,FALSE,NORMAL,NORMAL,NORMAL,NORMAL,ZERO,FALSE,LOW,ZERO,LOW,LOW,FALSE,FALSE,HIGH,NORMAL,LOW,FALSE,HIGH,ZERO,NORMAL,FALSE,NORMAL
FALSE,FALSE,NORMAL,FALSE,HIGH,FALSE,NORMAL,ZERO,NORMAL,LOW,NORMAL,LOW,HIGH,HIGH,ONESIDED,FALSE,NORMAL,NORMAL,LOW,NORMAL,NORMAL,FALSE,LOW,ZERO,ZERO,HIGH,FALSE,FALSE,HIGH,NORMAL,LOW,FALSE,HIGH,ZERO,NORMAL,TRUE,HIGH
FALSE,FALSE,NORMAL,FALSE,HIGH,FALSE,NORMAL,LOW,NORMAL,HIGH,NORMAL,LOW,HIGH,HIGH,NORMAL,FALSE,NORMAL,NORMAL,NORMAL,NORMAL,ZERO,FALSE,LOW,ZERO,LOW,HIGH,FALSE,FALSE,HIGH,NORMAL,LOW,FALSE,HIGH,ZERO,NORMAL,FALSE,NORMAL
FALSE,FALSE,NORMAL,FALSE,HIGH,FALSE,NORMAL,LOW,NORMAL,HIGH,LOW,LOW,HIGH,HIGH,NORMAL,TRUE,NORMAL,LOW,HIGH,NORMAL,ZERO,FALSE,LOW,ZERO,LOW,HIGH,FALSE,FALSE,HIGH,NORMAL,LOW,FALSE,HIGH,ZERO,NORMAL,FALSE,NORMAL
FALSE,FALSE,NORMAL,FALSE,HIGH,FALSE,HIGH,NORMAL,NORMAL,HIGH,NORMAL,LOW,HIGH,HIGH,NORMAL,FALSE,NORMAL,NORMAL,NORMAL,NORMAL,ZERO,FALSE,LOW,ZERO,LOW,HIGH,FALSE,FALSE,HIGH,NORMAL,LOW,FALSE,HIGH,ZERO,NORMAL,FALSE,NORMAL
FALSE,FALSE,HIGH,FALSE,HIGH,FALSE,HIGH,NORMAL,NORMAL,HIGH,NORMAL,LOW,HIGH,HIGH,NORMAL,FALSE,NORMAL,NORMAL,NORMAL,NORMAL,ZERO,FALSE,LOW,ZERO,LOW,HIGH,FALSE,FALSE,HIGH,NORMAL,LOW,FALSE,HIGH,ZERO,NORMAL,FALSE,NORMAL
FALSE,FALSE,NORMAL,FALSE,HIGH,FALSE,HIGH,ZERO,NORMAL,LOW,LOW,ZERO,HIGH,HIGH,ESOPHAGEAL,FALSE,HIGH,NORMAL,LOW,HIGH,ZERO,FALSE,LOW,LOW,LOW,HIGH,FALSE,TRUE,HIGH,HIGH,LOW,FALSE,HIGH,LOW,NORMAL,FALSE,NORMAL
FALSE,FALSE,NORMAL,FALSE,NORMAL,FALSE,HIGH,LOW,NORMAL,NORMAL,HIGH,HIGH,HIGH,HIGH,NORMAL,FALSE,NORMAL,HIGH,LOW,NORMAL,LOW,FALSE,HIGH,HIGH,ZERO,HIGH,FALSE,FALSE,HIGH,NORMAL,HIGH,FALSE,HIGH,HIGH,NORMAL,FALSE,NORMAL
TRUE,FALSE,HIGH,FALSE,LOW,TRUE,HIGH,HIGH,NORMAL,NORMAL,NORMAL,ZERO,HIGH,HIGH,NORMAL,FALSE,NORMAL,NORMAL,LOW,NORMAL,LOW,FALSE,HIGH,HIGH,LOW,NORMAL,FALSE,FALSE,NORMAL,NORMAL,HIGH,FALSE,HIGH,HIGH,HIGH,FALSE,NORMAL
FALSE,FALSE,LOW,FALSE,NORMAL,FALSE,HIGH,HIGH,NORMAL,HIGH,NORMAL,LOW,HIGH,HIGH,NORMAL,FALSE,NORMAL,NORMAL,NORMAL,NORMAL,ZERO,FALSE,LOW,ZERO,LOW,HIGH,FALSE,FALSE,HIGH,NORMAL,LOW,FALSE,HIGH,ZERO,NORMAL,FALSE,NORMAL
FALSE,FALSE,NORMAL,FALSE,HIGH,FALSE,LOW,NORMAL,NORMAL,HIGH,NORMAL,LOW,NORMAL,NORMAL,NORMAL,FALSE,NORMAL,NORMAL,HIGH,LOW,ZERO,FALSE,LOW,ZERO,LOW,LOW,FALSE,FALSE,LOW,NORMAL,LOW,FALSE,NORMAL,ZERO,NORMAL,FALSE,NORMAL
FALSE,FALSE,NORMAL,FALSE,HIGH,FALSE,HIGH,HIGH,NORMAL,NORMAL,NORMAL,LOW,HIGH,NORMAL,NORMAL,TRUE,HIGH,NORMAL,HIGH,HIGH,ZERO,FALSE,LOW,ZERO,LOW,NORMAL,FALSE,TRUE,LOW,HIGH,LOW,FALSE,NORMAL,ZERO,NORMAL,TRUE,NORMAL
FALSE,FALSE,NORMAL,FALSE,HIGH,FALSE,HIGH,HIGH,NORMAL,HIGH,NORMAL,LOW,HIGH,HIGH,NORMAL,FALSE,HIGH,NORMAL,HIGH,NORMAL,ZERO,FALSE,LOW,ZERO,LOW,HIGH,FALSE,TRUE,HIGH,HIGH,LOW,FALSE,HIGH,ZERO,NORMAL,FALSE,NORMAL
FALSE,FALSE,HIGH,FALSE,HIGH,FALSE,HIGH,NORMAL,NORMAL,HIGH,NORMAL,LOW,HIGH,HIGH,NORMAL,FALSE,NORMAL,NORMAL,NORMAL,NORMAL,HIGH,FALSE,LOW,LOW,HIGH,HIGH,FALSE,FALSE,HIGH,NORMAL,LOW,FALSE,HIGH,LOW,NORMAL,TRUE,NORMAL
FALSE,FALSE,NORMAL,FALSE,HIGH,FALSE,HIGH,HIGH,NORMAL,LOW,NORMAL,LOW,HIGH,HIGH,ONESIDED,FALSE,NORMAL,NORMAL,LOW,NORMAL,LOW,FALSE,LOW,ZERO,NORMAL,HIGH,FALSE,FALSE,HIGH,NORMAL,LOW,FALSE,HIGH,LOW,NORMAL,FALSE,NORMAL
FALSE,FALSE,NORMAL,FALSE,HIGH,TRUE,NORMAL,NORMAL,NORMAL,NORMAL,NORMAL,LOW,NORMAL,LOW,NORMAL,TRUE,HIGH,NORMAL,HIGH,HIGH,ZERO,FALSE,LOW,ZERO,LOW,NORMAL,FALSE,TRUE,HIGH,HIGH,LOW,FALSE,NORMAL,ZERO,LOW,TRUE,NORMAL
FALSE,FALSE,NORMAL,FALSE,NORMAL,FALSE,LOW,HIGH,LOW,NORMAL,NORMAL,NORMAL,NORMAL,NORMAL,NORMAL,FALSE,LOW,NORMAL,NORMAL,NORMAL,HIGH,FALSE,LOW,LOW,HIGH,LOW,FALSE,TRUE,LOW,NORMAL,LOW,FALSE,NORMAL,NORMAL,NORMAL,FALSE,NORMAL
FALSE,FALSE,NORMAL,FALSE,LOW,FALSE,LOW,NORMAL,NORMAL,LOW,NORMAL,LOW,HIGH,LOW,NORMAL,FALSE,NORMAL,NORMAL,LOW,NORMAL,ZERO,FALSE,HIGH,ZERO,ZERO,LOW,FALSE,FALSE,LOW,NORMAL,HIGH,FALSE,NORMAL,HIGH,LOW,FALSE,NORMAL
FALSE,FALSE,NORMAL,FALSE,HIGH,FALSE,HIGH,HIGH,NORMAL,HIGH,NORMAL,LOW,HIGH,HIGH,NORMAL,FALSE,NORMAL,NORMAL,NORMAL,NORMAL,ZERO,FALSE,LOW,ZERO,LOW,HIGH,FALSE,FALSE,HIGH,NORMAL,LOW,FALSE,HIGH,ZERO,NORMAL,FALSE,NORMAL
FALSE,FALSE,NORMAL,FALSE,HIGH,FALSE,HIGH,NORMAL,LOW,NORMAL,NORMAL,LOW,HIGH,NORMAL,NORMAL,FALSE,NORMAL,NORMAL,HIGH,NORMAL,ZERO,FALSE,LOW,ZERO,LOW,HIGH,FALSE,FALSE,HIGH,NORMAL,LOW,FALSE,HIGH,ZERO,NORMAL,FALSE,NORMAL
FALSE,FALSE,NORMAL,FALSE,HIGH,FALSE,HIGH,NORMAL,NORMAL,LOW,NORMAL,LOW,HIGH,LOW,NORMAL,FALSE,NORMAL,NORMAL,NORMAL,NORMAL,ZERO,FALSE,LOW,ZERO,LOW,HIGH,FALSE,TRUE,HIGH,NORMAL,LOW,FALSE,HIGH,ZERO,LOW,FALSE,NORMAL
FALSE,TRUE,NORMAL,FALSE,HIGH,FALSE,NORMAL,NORMAL,NORMAL,LOW,NORMAL,LOW,HIGH,LOW,NORMAL,TRUE,HIGH,NORMAL,NORMAL,HIGH,ZERO,FALSE,LOW,ZERO,LOW,HIGH,FALSE,TRUE,NORMAL,HIGH,LOW,FALSE,HIGH,ZERO,LOW,FALSE,NORMAL
FALSE,TRUE,NORMAL,FALSE,HIGH,FALSE,HIGH,NORMAL,NORMAL,HIGH,NORMAL,LOW,HIGH,HIGH,NORMAL,FALSE,NORMAL,NORMAL,HIGH,LOW,ZERO,FALSE,LOW,ZERO,LOW,HIGH,FALSE,TRUE,HIGH,HIGH,LOW,FALSE,HIGH,ZERO,NORMAL,FALSE,NORMAL
FALSE,FALSE,NORMAL,FALSE,HIGH,FALSE,LOW,HIGH,NORMAL,LOW,NORMAL,LOW,HIGH,NORMAL,NORMAL,FALSE,HIGH,NORMAL,LOW,HIGH,ZERO,FALSE,LOW,ZERO,LOW,LOW,FALSE,TRUE,LOW,HIGH,LOW,FALSE,NORMAL,ZERO,NORMAL,FALSE,NORMAL
FALSE,FALSE,NORMAL,TRUE,LOW,FALSE,HIGH,HIGH,NORMAL,HIGH,ZERO,ZERO,HIGH,HIGH,NORMAL,FALSE,NORMAL,NORMAL,NORMAL,NORMAL,LOW,FALSE,HIGH,HIGH,LOW,HIGH,FALSE,FALSE,HIGH,NORMAL,HIGH,FALSE,HIGH,HIGH,NORMAL,FALSE,NORMAL
FALSE,FALSE,NORMAL,FALSE,HIGH,FALSE,HIGH,HIGH,NORMAL,LOW,NORMAL,LOW,HIGH,HIGH,ONESIDED,FALSE,HIGH,NORMAL,LOW,HIGH,LOW,FALSE,LOW,LOW,NORMAL,HIGH,FALSE,TRUE,HIGH,HIGH,LOW,FALSE,HIGH,LOW,NORMAL,FALSE,HIGH
FALSE,FALSE,NORMAL,FALSE,HIGH,FALSE,HIGH,NORMAL,NORMAL,HIGH,NORMAL,LOW,HIGH,HIGH,NORMAL,FALSE,NORMAL,NORMAL,HIGH,NORMAL,ZERO,FALSE,LOW,ZERO,LOW,HIGH,FALSE,FALSE,HIGH,NORMAL,LOW,FALSE,HIGH,ZERO,HIGH,FALSE,NORMAL
FALSE,FALSE,NORMAL,FALSE,LOW,FALSE,HIGH,LOW,NORMAL,LOW,LOW,ZERO,HIGH,LOW,ONESIDED,FALSE,NORMAL,LOW,NORMAL,HIGH,ZERO,FALSE,LOW,NORMAL,ZERO,NORMAL,FALSE,TRUE,HIGH,HIGH,LOW,FALSE,HIGH,NORMAL,LOW,FALSE,HIGH
FALSE,FALSE,NORMAL,TRUE,HIGH,FALSE,HIGH,HIGH,NORMAL,LOW,NORMAL,LOW,HIGH,LOW,NORMAL,FALSE,NORMAL,NORMAL,LOW,NORMAL,ZERO,FALSE,LOW,ZERO,LOW,HIGH,TRUE,FALSE,HIGH,LOW,LOW,FALSE,HIGH,ZERO,LOW,FALSE,NORMAL
FALSE,TRUE,NORMAL,FALSE,LOW,FALSE,HIGH,ZERO,LOW,HIGH,ZERO,ZERO,NORMAL,HIGH,ONESIDED,FALSE,HIGH,NORMAL,HIGH,HIGH,ZERO,FALSE,NORMAL,NORMAL,ZERO,HIGH,FALSE,TRUE,HIGH,HIGH,LOW,FALSE,HIGH,HIGH,NORMAL,FALSE,HIGH
FALSE,FALSE,NORMAL,FALSE,HIGH,FALSE,HIGH,NORMAL,NORMAL,LOW,NORMAL,LOW,HIGH,HIGH,NORMAL,FALSE,NORMAL,NORMAL,LOW,NORMAL,ZERO,FALSE,LOW,ZERO,LOW,HIGH,FALSE,FALSE,HIGH,NORMAL,HIGH,FALSE,HIGH,ZERO,NORMAL,FALSE,NORMAL
FALSE,FALSE,NORMAL,FALSE,LOW,TRUE,HIGH,HIGH,NORMAL,LOW,ZERO,ZERO,HIGH,HIGH,NORMAL,FALSE,NORMAL,NORMAL,LOW,NORMAL,LOW,FALSE,HIGH,HIGH,LOW,NORMAL,FALSE,FALSE,NORMAL,NORMAL,HIGH,FALSE,HIGH,HIGH,NORMAL,FALSE,NORMAL
FALSE,FALSE,NORMAL,FALSE,HIGH,FALSE,HIGH,NORMAL,NORMAL,HIGH,NORMAL,LOW,HIGH,HIGH,NORMAL,FALSE,NORMAL,NORMAL,HIGH,NORMAL,ZERO,FALSE,LOW,ZERO,LOW,HIGH,FALSE,FALSE,HIGH,NORMAL,LOW,FALSE,HIGH,ZERO,NORMAL,FALSE,NORMAL
FALSE,FALSE,NORMAL,FALSE,HIGH,FALSE,NORMAL,NORMAL,NORMAL,NORMAL,NORMAL,LOW,HIGH,HIGH,NORMAL,TRUE,NORMAL,NORMAL,NORMAL,NORMAL,ZERO,FALSE,LOW,ZERO,LOW,HIGH,FALSE,FALSE,HIGH,NORMAL,LOW,FALSE,HIGH,ZERO,NORMAL,FALSE,NORMAL
FALSE,FALSE,NORMAL,FALSE,HIGH,FALSE,HIGH,HIGH,NORMAL,LOW,NORMAL,LOW,HIGH,HIGH,NORMAL,FALSE,NORMAL,NORMAL,LOW,NORMAL,ZERO,FALSE,LOW,ZERO,LOW,HIGH,FALSE,FALSE,HIGH,NORMAL,LOW,FALSE,HIGH,ZERO,NORMAL,FALSE,NORMAL
FALSE,FALSE,NORMAL,FALSE,HIGH,FALSE,HIGH,HIGH,NORMAL,HIGH,NORMAL,LOW,HIGH,HIGH,NORMAL,FALSE,NORMAL,HIGH,NORMAL,NORMAL,HIGH,FALSE,LOW,LOW,HIGH,HIGH,FALSE,FALSE,HIGH,NORMAL,LOW,FALSE,HIGH,ZERO,HIGH,FALSE,NORMAL
FALSE,FALSE,NORMAL,FALSE,LOW,FALSE,HIGH,HIGH,NORMAL,HIGH,LOW,ZERO,HIGH,HIGH,NORMAL,FALSE,NORMAL,LOW,NORMAL,NORMAL,LOW,FALSE,HIGH,HIGH,LOW,HIGH,FALSE,FALSE,HIGH,NORMAL,HIGH,FALSE,HIGH,HIGH,NORMAL,FALSE,NORMAL
FALSE,FALSE,LOW,FALSE,HIGH,FALSE,HIGH,NORMAL,NORMAL,LOW,NORMAL,LOW,HIGH,HIGH,NORMAL,FALSE,HIGH,NORMAL,LOW,HIGH,ZERO,FALSE,LOW,ZERO,LOW,HIGH,FALSE,TRUE,HIGH,HIGH,LOW,FALSE,HIGH,ZERO,NORMAL,FALSE,NORMAL
TRUE,FALSE,NORMAL,FALSE,HIGH,FALSE,HIGH,HIGH,NORMAL,HIGH,NORMAL,ZERO,HIGH,HIGH,NORMAL,FALSE,NORMAL,NORMAL,NORMAL,NORMAL,ZERO,FALSE,LOW,ZERO,LOW,HIGH,FALSE,FALSE,HIGH,NORMAL,LOW,FALSE,HIGH,ZERO,NORMAL,FALSE,HIGH
FALSE,FALSE,NORMAL,FALSE,HIGH,FALSE,HIGH,HIGH,NORMAL,HIGH,NORMAL,LOW,HIGH,HIGH,NORMAL,FALSE,NORMAL,NORMAL,NORMAL,NORMAL,ZERO,FALSE,LOW,ZERO,LOW,HIGH,FALSE,FALSE,HIGH,NORMAL,LOW,FALSE,HIGH,ZERO,HIGH,FALSE,NORMAL
FALSE,FALSE,NORMAL,FALSE,HIGH,TRUE,HIGH,NORMAL,NORMAL,NORMAL,NORMAL,LOW,HIGH,HIGH,NORMAL,FALSE,NORMAL,NORMAL,LOW,NORMAL,ZERO,FALSE,LOW,HIGH,LOW,NORMAL,FALSE,FALSE,NORMAL,NORMAL,LOW,FALSE,HIGH,ZERO,NORMAL,FALSE,NORMAL
FALSE,TRUE,HIGH,FALSE,HIGH,FALSE,HIGH,LOW,NORMAL,LOW,NORMAL,LOW,HIGH,HIGH,NORMAL,FALSE,NORMAL,NORMAL,LOW,NORMAL,ZERO,FALSE,LOW,ZERO,LOW,HIGH,FALSE,FALSE,HIGH,NORMAL,LOW,TRUE,HIGH,ZERO,HIGH,FALSE,HIGH
FALSE,FALSE,NORMAL,FALSE,HIGH,FALSE,HIGH,HIGH,NORMAL,LOW,NORMAL,LOW,HIGH,HIGH,NORMAL,FALSE,NORMAL,NORMAL,LOW,NORMAL,ZERO,FALSE,LOW,ZERO,LOW,HIGH,FALSE,FALSE,HIGH,NORMAL,LOW,FALSE,HIGH,ZERO,NORMAL,FALSE,HIGH
FALSE,FALSE,NORMAL,FALSE,HIGH,FALSE,HIGH,HIGH,NORMAL,NORMAL,NORMAL,LOW,HIGH,HIGH,NORMAL,FALSE,NORMAL,NORMAL,HIGH,NORMAL,ZERO,FALSE,LOW,ZERO,LOW,HIGH,FALSE,FALSE,HIGH,NORMAL,LOW,FALSE,HIGH,ZERO,NORMAL,FALSE,NORMAL
FALSE,FALSE,NORMAL,FALSE,HIGH,FALSE,NORMAL,NORMAL,NORMAL,NORMAL,NORMAL,LOW,HIGH,LOW,NORMAL,TRUE,HIGH,NORMAL,HIGH,NORMAL,ZERO,FALSE,LOW,ZERO,LOW,HIGH,FALSE,TRUE,HIGH,HIGH,LOW,FALSE,HIGH,ZERO,LOW,TRUE,NORMAL
FALSE,TRUE,NORMAL,FALSE,LOW,FALSE,HIGH,HIGH,NORMAL,HIGH,LOW,ZERO,HIGH,HIGH,NORMAL,FALSE,NORMAL,LOW,NORMAL,NORMAL,LOW,FALSE,HIGH,HIGH,LOW,HIGH,FALSE,FALSE,HIGH,NORMAL,HIGH,FALSE,HIGH,HIGH,NORMAL,FALSE,NORMAL
FALSE,FALSE,NORMAL,FALSE,HIGH,FALSE,HIGH,NORMAL,NORMAL,LOW,NORMAL,LOW,HIGH,LOW,NORMAL,FALSE,HIGH,NORMAL,NORMAL,HIGH,ZERO,FALSE,LOW,ZERO,LOW,HIGH,FALSE,TRUE,HIGH,HIGH,LOW,FALSE,HIGH,ZERO,LOW,FALSE,NORMAL
FALSE,FALSE,NORMAL,FALSE,HIGH,FALSE,LOW,LOW,NORMAL,LOW,NORMAL,LOW,HIGH,LOW,NORMAL,FALSE,NORMAL,NORMAL,NORMAL,NORMAL,ZERO,FALSE,LOW,ZERO,LOW,LOW,FALSE,FALSE,LOW,NORMAL,LOW,FALSE,NORMAL,ZERO,LOW,FALSE,HIGH
FALSE,FALSE,NORMAL,FALSE,LOW,FALSE,HIGH,HIGH,NORMAL,LOW,LOW,ZERO,HIGH,HIGH,NORMAL,FALSE,NORMAL,LOW,LOW,NORMAL,LOW,FALSE,HIGH,HIGH,LOW,HIGH,FALSE,FALSE,HIGH,NORMAL,HIGH,FALSE,HIGH,HIGH,NORMAL,FALSE,NORMAL
FALSE,FALSE,NORMAL,FALSE,HIGH,FALSE,NORMAL,HIGH,NORMAL,NORMAL,NORMAL,LOW,HIGH,NORMAL,ONESIDED,FALSE,HIGH,NORMAL,NORMAL,NORMAL,LOW,FALSE,LOW,LOW,NORMAL,NORMAL,FALSE,TRUE,HIGH,HIGH,LOW,FALSE,LOW,LOW,NORMAL,FALSE,HIGH
FALSE,FALSE,NORMAL,FALSE,HIGH,TRUE,HIGH,HIGH,NORMAL,HIGH,NORMAL,LOW,HIGH,HIGH,NORMAL,FALSE,NORMAL,NORMAL,HIGH,NORMAL,ZERO,FALSE,LOW,ZERO,LOW,NORMAL,FALSE,FALSE,NORMAL,NORMAL,LOW,FALSE,HIGH,ZERO,NORMAL,FALSE,NORMAL
FALSE,FALSE,NORMAL,FALSE,HIGH,FALSE,HIGH,NORMAL,NORMAL,HIGH,NORMAL,LOW,HIGH,HIGH,NORMAL,FALSE,NORMAL,NORMAL,HIGH,LOW,ZERO,FALSE,LOW,ZERO,LOW,HIGH,FALSE,FALSE,HIGH,NORMAL,LOW,FALSE,HIGH,ZERO,NORMAL,FALSE,NORMAL
FALSE,FALSE,NORMAL,FALSE,HIGH,FALSE,HIGH,LOW,NORMAL,HIGH,NORMAL,LOW,HIGH,HIGH,NORMAL,FALSE,NORMAL,NORMAL,NORMAL,NORMAL,ZERO,FALSE,LOW,ZERO,LOW,HIGH,FALSE,FALSE,HIGH,NORMAL,LOW,FALSE,HIGH,ZERO,NORMAL,FALSE,NORMAL
FALSE,FALSE,NORMAL,FALSE,HIGH,FALSE,HIGH,HIGH,NORMAL,LOW,NORMAL,LOW,HIGH,HIGH,ESOPHAGEAL,FALSE,HIGH,NORMAL,LOW,HIGH,ZERO,FALSE,LOW,LOW,LOW,HIGH,FALSE,TRUE,HIGH,HIGH,LOW,FALSE,HIGH,LOW,NORMAL,FALSE,NORMAL
FALSE,FALSE,NORMAL,FALSE,HIGH,TRUE,HIGH,HIGH,NORMAL,HIGH,NORMAL,LOW,HIGH,HIGH,NORMAL,FALSE,NORMAL,NORMAL,NORMAL,NORMAL,ZERO,FALSE,LOW,ZERO,LOW,NORMAL,FALSE,FALSE,NORMAL,NORMAL,LOW,FALSE,HIGH,ZERO,NORMAL,FALSE,NORMAL
FALSE,FALSE,NORMAL,FALSE,HIGH,TRUE,HIGH,LOW,NORMAL,HIGH,NORMAL,LOW,HIGH,HIGH,NORMAL,FALSE,HIGH,NORMAL,NORMAL,NORMAL,ZERO,FALSE,LOW,ZERO,LOW,NORMAL,FALSE,TRUE,NORMAL,HIGH,LOW,FALSE,HIGH,ZERO,NORMAL,FALSE,NORMAL
FALSE,FALSE,NORMAL,FALSE,LOW,FALSE,HIGH,HIGH,NORMAL,LOW,LOW,ZERO,HIGH,HIGH,NORMAL,FALSE,NORMAL,LOW,LOW,NORMAL,LOW,FALSE,HIGH,HIGH,LOW,HIGH,FALSE,FALSE,HIGH,NORMAL,HIGH,FALSE,HIGH,HIGH,NORMAL,FALSE,NORMAL
FALSE,FALSE,NORMAL,FALSE,HIGH,FALSE,HIGH,HIGH,NORMAL,HIGH,NORMAL,LOW,HIGH,HIGH,NORMAL,FALSE,NORMAL,NORMAL,NORMAL,NORMAL,ZERO,FALSE,LOW,ZERO,LOW,HIGH,FALSE,FALSE,HIGH,NORMAL,LOW,FALSE,HIGH,ZERO,NORMAL,FALSE,NORMAL
TRUE,FALSE,NORMAL,FALSE,HIGH,FALSE,HIGH,HIGH,NORMAL,LOW,NORMAL,ZERO,HIGH,HIGH,NORMAL,FALSE,NORMAL,NORMAL,LOW,NORMAL,ZERO,FALSE,LOW,LOW,LOW,HIGH,FALSE,FALSE,HIGH,NORMAL,LOW,FALSE,HIGH,ZERO,NORMAL,FALSE,NORMAL
FALSE,FALSE,NORMAL,FALSE,HIGH,FALSE,LOW,NORMAL,NORMAL,NORMAL,NORMAL,LOW,HIGH,NORMAL,NORMAL,FALSE,NORMAL,NORMAL,NORMAL,NORMAL,ZERO,FALSE,LOW,ZERO,LOW,LOW,FALSE,FALSE,LOW,NORMAL,LOW,FALSE,NORMAL,ZERO,NORMAL,FALSE,NORMAL
FALSE,FALSE,LOW,TRUE,HIGH,FALSE,HIGH,HIGH,NORMAL,NORMAL,NORMAL,LOW,HIGH,NORMAL,NORMAL,FALSE,LOW,NORMAL,HIGH,LOW,ZERO,FALSE,LOW,ZERO,LOW,HIGH,TRUE,FALSE,HIGH,LOW,LOW,FALSE,HIGH,ZERO,LOW,FALSE,NORMAL
FALSE,FALSE,NORMAL,FALSE,HIGH,FALSE,HIGH,LOW,NORMAL,HIGH,NORMAL,LOW,HIGH,HIGH,NORMAL,FALSE,HIGH,NORMAL,HIGH,HIGH,ZERO,FALSE,LOW,ZERO,LOW,HIGH,FALSE,FALSE,HIGH,HIGH,LOW,FALSE,HIGH,ZERO,NORMAL,FALSE,NORMAL
TRUE,FALSE,NORMAL,FALSE,LOW,FALSE,HIGH,HIGH,NORMAL,LOW,NORMAL,ZERO,HIGH,HIGH,NORMAL,FALSE,NORMAL,NORMAL,LOW,NORMAL,LOW,FALSE,HIGH,HIGH,LOW,HIGH,FALSE,FALSE,HIGH,NORMAL,HIGH,FALSE,HIGH,HIGH,NORMAL,FALSE,NORMAL
FALSE,FALSE,NORMAL,FALSE,HIGH,FALSE,LOW,LOW,NORMAL,LOW,NORMAL,LOW,HIGH,NORMAL,NORMAL,FALSE,HIGH,NORMAL,LOW,NORMAL,ZERO,FALSE,LOW,ZERO,LOW,LOW,FALSE,TRUE,LOW,HIGH,LOW,FALSE,NORMAL,ZERO,NORMAL,FALSE,NORMAL
FALSE,FALSE,NORMAL,FALSE,HIGH,FALSE,HIGH,NORMAL,NORMAL,NORMAL,NORMAL,LOW,HIGH,HIGH,NORMAL,FALSE,NORMAL,NORMAL,NORMAL,NORMAL,ZERO,FALSE,LOW,ZERO,LOW,HIGH,FALSE,FALSE,HIGH,NORMAL,LOW,FALSE,HIGH,ZERO,HIGH,FALSE,NORMAL
FALSE,FALSE,NORMAL,FALSE,HIGH,FALSE,HIGH,HIGH,LOW,HIGH,NORMAL,LOW,HIGH,HIGH,NORMAL,FALSE,HIGH,NORMAL,NORMAL,HIGH,ZERO,FALSE,LOW,ZERO,LOW,HIGH,FALSE,TRUE,HIGH,HIGH,LOW,FALSE,HIGH,ZERO,NORMAL,FALSE,NORMAL
FALSE,FALSE,NORMAL,FALSE,NORMAL,FALSE,NORMAL,HIGH,NORMAL,LOW,NORMAL,LOW,HIGH,LOW,ONESIDED,FALSE,NORMAL,NORMAL,LOW,LOW,ZERO,FALSE,LOW,NORMAL,LOW,LOW,FALSE,FALSE,LOW,NORMAL,LOW,FALSE,LOW,NORMAL,HIGH,FALSE,HIGH
FALSE,FALSE,NORMAL,FALSE,HIGH,FALSE,HIGH,HIGH,NORMAL,HIGH,NORMAL,LOW,HIGH,HIGH,NORMAL,FALSE,NORMAL,NORMAL,HIGH,NORMAL,ZERO,FALSE,LOW,ZERO,LOW,HIGH,FALSE,FALSE,HIGH,NORMAL,LOW,FALSE,HIGH,ZERO,NORMAL,FALSE,NORMAL
FALSE,FALSE,NORMAL,FALSE,LOW,FALSE,HIGH,HIGH,NORMAL,LOW,ZERO,ZERO,HIGH,LOW,NORMAL,FALSE,HIGH,NORMAL,LOW,NORMAL,LOW,FALSE,HIGH,HIGH,LOW,HIGH,FALSE,TRUE,HIGH,HIGH,HIGH,FALSE,HIGH,HIGH,LOW,FALSE,NORMAL
FALSE,FALSE,NORMAL,FALSE,HIGH,FALSE,LOW,LOW,NORMAL,NORMAL,NORMAL,LOW,HIGH,NORMAL,NORMAL,FALSE,NORMAL,NORMAL,HIGH,NORMAL,ZERO,FALSE,LOW,ZERO,LOW,LOW,FALSE,FALSE,LOW,NORMAL,LOW,FALSE,NORMAL,ZERO,NORMAL,FALSE,NORMAL
FALSE,FALSE,NORMAL,FALSE,HIGH,FALSE,LOW,HIGH,NORMAL,LOW,NORMAL,LOW,HIGH,NORMAL,NORMAL,FALSE,NORMAL,NORMAL,LOW,NORMAL,ZERO,FALSE,LOW,ZERO,LOW,LOW,FALSE,FALSE,LOW,NORMAL,LOW,FALSE,NORMAL,ZERO,NORMAL,FALSE,NORMAL
FALSE,FALSE,NORMAL,TRUE,HIGH,FALSE,HIGH,LOW,NORMAL,LOW,NORMAL,LOW,HIGH,LOW,NORMAL,FALSE,LOW,NORMAL,NORMAL,LOW,ZERO,FALSE,LOW,NORMAL,LOW,HIGH,TRUE,FALSE,HIGH,LOW,LOW,FALSE,HIGH,ZERO,LOW,FALSE,NORMAL
FALSE,FALSE,NORMAL,FALSE,HIGH,FALSE,HIGH,LOW,NORMAL,HIGH,NORMAL,LOW,HIGH,HIGH,NORMAL,FALSE,NORMAL,NORMAL,HIGH,NORMAL,ZERO,FALSE,LOW,ZERO,LOW,HIGH,FALSE,FALSE,HIGH,NORMAL,LOW,FALSE,HIGH,ZERO,NORMAL,FALSE,NORMAL
FALSE,FALSE,NORMAL,FALSE,HIGH,FALSE,HIGH,HIGH,NORMAL,NORMAL,NORMAL,LOW,HIGH,LOW,NORMAL,FALSE,HIGH,NORMAL,HIGH,HIGH,ZERO,FALSE,LOW,ZERO,LOW,HIGH,FALSE,TRUE,NORMAL,HIGH,LOW,FALSE,HIGH,ZERO,LOW,TRUE,NORMAL
FALSE,FALSE,NORMAL,TRUE,LOW,FALSE,LOW,HIGH,NORMAL,NORMAL,ZERO,ZERO,NORMAL,NORMAL,NORMAL,FALSE,LOW,NORMAL,NORMAL,LOW,LOW,FALSE,HIGH,HIGH,LOW,LOW,TRUE,FALSE,LOW,LOW,HIGH,FALSE,NORMAL,HIGH,NORMAL,FALSE,NORMAL
FALSE,FALSE,NORMAL,FALSE,HIGH,FALSE,HIGH,LOW,NORMAL,LOW,NORMAL,LOW,HIGH,HIGH,NORMAL,FALSE,NORMAL,NORMAL,LOW,NORMAL,ZERO,FALSE,LOW,ZERO,LOW,HIGH,FALSE,FALSE,HIGH,NORMAL,LOW,FALSE,HIGH,ZERO,NORMAL,FALSE,NORMAL
FALSE,FALSE,NORMAL,FALSE,HIGH,FALSE,HIGH,HIGH,NORMAL,LOW,NORMAL,LOW,HIGH,NORMAL,NORMAL,FALSE,LOW,NORMAL,LOW,LOW,ZERO,FALSE,LOW,LOW,LOW,HIGH,FALSE,FALSE,HIGH,LOW,LOW,FALSE,HIGH,ZERO,NORMAL,TRUE,NORMAL
FALSE,FALSE,NORMAL,FALSE,HIGH,FALSE,HIGH,LOW,NORMAL,NORMAL,NORMAL,LOW,HIGH,HIGH,NORMAL,FALSE,NORMAL,NORMAL,NORMAL,NORMAL,ZERO,FALSE,LOW,ZERO,LOW,HIGH,FALSE,FALSE,HIGH,NORMAL,LOW,FALSE,HIGH,ZERO,NORMAL,FALSE,HIGH
FALSE,FALSE,NORMAL,FALSE,HIGH,FALSE,HIGH,LOW,NORMAL,LOW,NORMAL,LOW,HIGH,LOW,NORMAL,FALSE,HIGH,NORMAL,NORMAL,HIGH,ZERO,FALSE,LOW,ZERO,LOW,HIGH,FALSE,TRUE,HIGH,HIGH,LOW,FALSE,HIGH,ZERO,LOW,FALSE,NORMAL
FALSE,FALSE,NORMAL,FALSE,HIGH,FALSE,HIGH,HIGH,NORMAL,HIGH,NORMAL,LOW,HIGH,HIGH,NORMAL,FALSE,NORMAL,NORMAL,NORMAL,NORMAL,ZERO,FALSE,LOW,ZERO,LOW,HIGH,FALSE,FALSE,HIGH,NORMAL,LOW,FALSE,HIGH,ZERO,NORMAL,FALSE,NORMAL
FALSE,FALSE,NORMAL,FALSE,HIGH,FALSE,HIGH,HIGH,NORMAL,HIGH,NORMAL,LOW,HIGH,HIGH,NORMAL,FALSE,HIGH,NORMAL,HIGH,NORMAL,ZERO,FALSE,LOW,ZERO,LOW,HIGH,FALSE,TRUE,HIGH,HIGH,LOW,FALSE,HIGH,ZERO,NORMAL,FALSE,NORMAL
FALSE,FALSE,NORMAL,FALSE,HIGH,FALSE,NORMAL,HIGH,NORMAL,LOW,NORMAL,LOW,HIGH,LOW,ONESIDED,FALSE,NORMAL,NORMAL,NORMAL,NORMAL,LOW,FALSE,LOW,LOW,HIGH,NORMAL,FALSE,FALSE,LOW,NORMAL,LOW,FALSE,LOW,LOW,NORMAL,FALSE,HIGH
FALSE,TRUE,NORMAL,FALSE,HIGH,FALSE,HIGH,HIGH,NORMAL,LOW,LOW,ZERO,HIGH,LOW,NORMAL,FALSE,NORMAL,LOW,NORMAL,NORMAL,ZERO,FALSE,LOW,ZERO,NORMAL,HIGH,FALSE,FALSE,HIGH,NORMAL,LOW,FALSE,HIGH,ZERO,NORMAL,FALSE,NORMAL
FALSE,FALSE,NORMAL,FALSE,HIGH,TRUE,HIGH,HIGH,NORMAL,NORMAL,NORMAL,LOW,HIGH,HIGH,NORMAL,FALSE,NORMAL,NORMAL,LOW,NORMAL,ZERO,FALSE,LOW,ZERO,LOW,NORMAL,FALSE,FALSE,NORMAL,NORMAL,LOW,FALSE,HIGH,ZERO,NORMAL,FALSE,NORMAL
FALSE,FALSE,HIGH,FALSE,HIGH,FALSE,HIGH,HIGH,NORMAL,HIGH,NORMAL,LOW,HIGH,HIGH,NORMAL,FALSE,NORMAL,NORMAL,HIGH,NORMAL,ZERO,FALSE,LOW,ZERO,LOW,HIGH,FALSE,FALSE,HIGH,NORMAL,LOW,FALSE,HIGH,ZERO,NORMAL,FALSE,NORMAL
TRUE,FALSE,NORMAL,FALSE,LOW,FALSE,HIGH,HIGH,NORMAL,LOW,NORMAL,ZERO,HIGH,HIGH,NORMAL,FALSE,NORMAL,NORMAL,LOW,NORMAL,LOW,FALSE,HIGH,HIGH,LOW,HIGH,FALSE,FALSE,HIGH,NORMAL,HIGH,FALSE,HIGH,HIGH,NORMAL,FALSE,NORMAL
FALSE,FALSE,NORMAL,FALSE,HIGH,TRUE,HIGH,HIGH,NORMAL,HIGH,NORMAL,LOW,HIGH,HIGH,NORMAL,FALSE,NORMAL,NORMAL,NORMAL,NORMAL,ZERO,FALSE,LOW,ZERO,LOW,NORMAL,FALSE,FALSE,NORMAL,NORMAL,LOW,FALSE,HIGH,ZERO,HIGH,FALSE,NORMAL
FALSE,FALSE,NORMAL,FALSE,HIGH,FALSE,HIGH,HIGH,NORMAL,HIGH,NORMAL,LOW,HIGH,HIGH,ESOPHAGEAL,FALSE,NORMAL,NORMAL,NORMAL,NORMAL,LOW,FALSE,LOW,ZERO,NORMAL,HIGH,FALSE,FALSE,HIGH,NORMAL,LOW,FALSE,HIGH,ZERO,NORMAL,FALSE,NORMAL
FALSE,FALSE,NORMAL,FALSE,HIGH,FALSE,HIGH,NORMAL,NORMAL,HIGH,NORMAL,LOW,HIGH,HIGH,NORMAL,FALSE,NORMAL,NORMAL,HIGH,NORMAL,ZERO,FALSE,LOW,ZERO,ZERO,HIGH,FALSE,FALSE,HIGH,NORMAL,LOW,FALSE,HIGH,ZERO,NORMAL,FALSE,NORMAL
FALSE,TRUE,NORMAL,FALSE,HIGH,TRUE,HIGH,LOW,NORMAL,LOW,NORMAL,LOW,HIGH,HIGH,NORMAL,FALSE,NORMAL,NORMAL,LOW,NORMAL,ZERO,FALSE,LOW,ZERO,LOW,NORMAL,FALSE,FALSE,NORMAL,NORMAL,LOW,FALSE,HIGH,ZERO,NORMAL,FALSE,NORMAL
FALSE,FALSE,NORMAL,FALSE,HIGH,FALSE,LOW,LOW,NORMAL,LOW,NORMAL,LOW,NORMAL,NORMAL,NORMAL,FALSE,NORMAL,NORMAL,LOW,NORMAL,ZERO,FALSE,LOW,ZERO,ZERO,LOW,FALSE,FALSE,LOW,NORMAL,LOW,FALSE,NORMAL,ZERO,NORMAL,FALSE,NORMAL
FALSE,FALSE,NORMAL,FALSE,HIGH,TRUE,HIGH,LOW,NORMAL,HIGH,NORMAL,LOW,HIGH,HIGH,NORMAL,FALSE,LOW,NORMAL,NORMAL,LOW,ZERO,FALSE,LOW,ZERO,LOW,NORMAL,FALSE,FALSE,NORMAL,LOW,LOW,FALSE,HIGH,ZERO,NORMAL,TRUE,NORMAL
TRUE,FALSE,NORMAL,FALSE,NORMAL,FALSE,LOW,HIGH,NORMAL,NORMAL,LOW,ZERO,NORMAL,LOW,NORMAL,FALSE,HIGH,LOW,HIGH,HIGH,LOW,FALSE,HIGH,HIGH,ZERO,LOW,FALSE,TRUE,LOW,HIGH,HIGH,FALSE,NORMAL,HIGH,NORMAL,FALSE,NORMAL
FALSE,TRUE,NORMAL,FALSE,HIGH,FALSE,LOW,NORMAL,NORMAL,LOW,NORMAL,LOW,HIGH,LOW,NORMAL,FALSE,HIGH,NORMAL,NORMAL,HIGH,ZERO,FALSE,LOW,ZERO,LOW,LOW,FALSE,TRUE,LOW,HIGH,LOW,FALSE,NORMAL,ZERO,LOW,FALSE,NORMAL
FALSE,TRUE,NORMAL,FALSE,HIGH,FALSE,HIGH,HIGH,NORMAL,LOW,NORMAL,LOW,HIGH,HIGH,NORMAL,FALSE,NORMAL,NORMAL,LOW,NORMAL,ZERO,FALSE,LOW,ZERO,LOW,HIGH,FALSE,FALSE,HIGH,NORMAL,LOW,FALSE,HIGH,ZERO,NORMAL,FALSE,NORMAL
FALSE,FALSE,LOW,FALSE,HIGH,FALSE,LOW,LOW,NORMAL,LOW,NORMAL,LOW,HIGH,NORMAL,NORMAL,FALSE,NORMAL,NORMAL,LOW,NORMAL,ZERO,FALSE,LOW,ZERO,LOW,LOW,FALSE,FALSE,LOW,NORMAL,LOW,FALSE,NORMAL,ZERO,NORMAL,FALSE,NORMAL
FALSE,FALSE,NORMAL,FALSE,LOW,FALSE,LOW,LOW,NORMAL,LOW,HIGH,HIGH,NORMAL,NORMAL,NORMAL,FALSE,NORMAL,NORMAL,LOW,NORMAL,LOW,FALSE,HIGH,HIGH,LOW,LOW,FALSE,FALSE,LOW,NORMAL,HIGH,FALSE,NORMAL,HIGH,NORMAL,FALSE,NORMAL
FALSE,FALSE,NORMAL,FALSE,LOW,FALSE,HIGH,HIGH,NORMAL,HIGH,LOW,ZERO,HIGH,HIGH,NORMAL,FALSE,NORMAL,LOW,NORMAL,NORMAL,LOW,FALSE,HIGH,HIGH,LOW,HIGH,FALSE,FALSE,HIGH,NORMAL,HIGH,FALSE,HIGH,HIGH,HIGH,FALSE,NORMAL
FALSE,FALSE,NORMAL,TRUE,HIGH,TRUE,HIGH,HIGH,NORMAL,LOW,NORMAL,LOW,HIGH,LOW,NORMAL,FALSE,LOW,NORMAL,LOW,LOW,ZERO,FALSE,LOW,ZERO,LOW,NORMAL,TRUE,FALSE,NORMAL,LOW,LOW,FALSE,HIGH,ZERO,LOW,FALSE,NORMAL
FALSE,FALSE,NORMAL,FALSE,HIGH,FALSE,LOW,NORMAL,NORMAL,NORMAL,NORMAL,LOW,HIGH,NORMAL,NORMAL,FALSE,NORMAL,NORMAL,NORMAL,NORMAL,ZERO,FALSE,LOW,ZERO,LOW,LOW,FALSE,FALSE,LOW,NORMAL,LOW,FALSE,NORMAL,ZERO,NORMAL,FALSE,NORMAL
TRUE,FALSE,NORMAL,FALSE,HIGH,FALSE,HIGH,HIGH,NORMAL,HIGH,NORMAL,ZERO,HIGH,HIGH,NORMAL,FALSE,NORMAL,NORMAL,NORMAL,NORMAL,ZERO,FALSE,LOW,ZERO,LOW,HIGH,FALSE,FALSE,HIGH,NORMAL,LOW,FALSE,HIGH,ZERO,NORMAL,FALSE,NORMAL
FALSE,TRUE,NORMAL,FALSE,HIGH,TRUE,LOW,LOW,NORMAL,LOW,NORMAL,LOW,HIGH,LOW,NORMAL,FALSE,HIGH,NORMAL,HIGH,HIGH,ZERO,FALSE,LOW,ZERO,LOW,HIGH,FALSE,TRUE,LOW,HIGH,NORMAL,FALSE,NORMAL,ZERO,LOW,FALSE,NORMAL
FALSE,FALSE,NORMAL,FALSE,HIGH,FALSE,LOW,HIGH,NORMAL,HIGH,NORMAL,LOW,NORMAL,NORMAL,NORMAL,FALSE,NORMAL,NORMAL,HIGH,NORMAL,ZERO,FALSE,LOW,ZERO,LOW,LOW,FALSE,FALSE,LOW,NORMAL,LOW,FALSE,NORMAL,ZERO,NORMAL,FALSE,NORMAL
FALSE,FALSE,NORMAL,FALSE,HIGH,FALSE,HIGH,NORMAL,NORMAL,LOW,NORMAL,LOW,HIGH,LOW,NORMAL,FALSE,HIGH,NORMAL,HIGH,HIGH,ZERO,FALSE,LOW,ZERO,LOW,HIGH,FALSE,TRUE,HIGH,HIGH,LOW,FALSE,HIGH,ZERO,LOW,FALSE,NORMAL
TRUE,FALSE,NORMAL,FALSE,LOW,FALSE,LOW,HIGH,NORMAL,NORMAL,NORMAL,ZERO,NORMAL,NORMAL,NORMAL,FALSE,HIGH,NORMAL,HIGH,HIGH,LOW,FALSE,HIGH,HIGH,LOW,LOW,FALSE,FALSE,LOW,HIGH,LOW,FALSE,NORMAL,HIGH,NORMAL,FALSE,HIGH
FALSE,FALSE,NORMAL,FALSE,HIGH,FALSE,HIGH,NORMAL,NORMAL,HIGH,NORMAL,LOW,HIGH,HIGH,NORMAL,FALSE,NORMAL,NORMAL,NORMAL,NORMAL,ZERO,FALSE,LOW,ZERO,LOW,HIGH,FALSE,FALSE,HIGH,NORMAL,LOW,FALSE,HIGH,ZERO,NORMAL,FALSE,HIGH
FALSE,FALSE,HIGH,FALSE,LOW,FALSE,HIGH,LOW,NORMAL,HIGH,HIGH,HIGH,HIGH,LOW,NORMAL,FALSE,HIGH,HIGH,LOW,NORMAL,LOW,FALSE,HIGH,HIGH,LOW,HIGH,FALSE,TRUE,HIGH,HIGH,LOW,FALSE,HIGH,HIGH,LOW,FALSE,HIGH
FALSE,FALSE,NORMAL,FALSE,HIGH,FALSE,HIGH,LOW,NORMAL,NORMAL,NORMAL,LOW,HIGH,HIGH,NORMAL,FALSE,NORMAL,NORMAL,HIGH,NORMAL,ZERO,FALSE,LOW,ZERO,ZERO,HIGH,FALSE,FALSE,HIGH,NORMAL,LOW,FALSE,HIGH,ZERO,NORMAL,FALSE,NORMAL
FALSE,FALSE,NORMAL,FALSE,LOW,FALSE,HIGH,HIGH,NORMAL,HIGH,ZERO,ZERO,HIGH,HIGH,NORMAL,FALSE,NORMAL,NORMAL,NORMAL,NORMAL,LOW,FALSE,HIGH,HIGH,LOW,HIGH,FALSE,FALSE,HIGH,NORMAL,HIGH,FALSE,HIGH,HIGH,NORMAL,FALSE,NORMAL
FALSE,FALSE,LOW,TRUE,HIGH,FALSE,HIGH,NORMAL,NORMAL,NORMAL,NORMAL,LOW,HIGH,LOW,NORMAL,FALSE,LOW,NORMAL,HIGH,LOW,ZERO,FALSE,LOW,ZERO,LOW,HIGH,TRUE,FALSE,HIGH,LOW,LOW,FALSE,HIGH,ZERO,LOW,FALSE,NORMAL
FALSE,FALSE,NORMAL,TRUE,HIGH,FALSE,HIGH,LOW,LOW,NORMAL,NORMAL,LOW,HIGH,NORMAL,NORMAL,FALSE,LOW,NORMAL,NORMAL,LOW,ZERO,FALSE,LOW,ZERO,LOW,HIGH,TRUE,FALSE,HIGH,LOW,LOW,FALSE,HIGH,ZERO,LOW,FALSE,NORMAL
FALSE,FALSE,NORMAL,FALSE,HIGH,FALSE,HIGH,HIGH,NORMAL,NORMAL,NORMAL,LOW,HIGH,LOW,NORMAL,FALSE,NORMAL,NORMAL,HIGH,NORMAL,ZERO,FALSE,LOW,ZERO,LOW,HIGH,FALSE,FALSE,HIGH,NORMAL,LOW,FALSE,HIGH,ZERO,LOW,TRUE,NORMAL
FALSE,FALSE,NORMAL,FALSE,HIGH,FALSE,HIGH,HIGH,NORMAL,LOW,NORMAL,LOW,HIGH,LOW,NORMAL,FALSE,HIGH,NORMAL,NORMAL,NORMAL,ZERO,FALSE,LOW,ZERO,LOW,HIGH,FALSE,TRUE,HIGH,HIGH,LOW,FALSE,HIGH,ZERO,LOW,FALSE,NORMAL
FALSE,FALSE,HIGH,FALSE,HIGH,FALSE,HIGH,NORMAL,NORMAL,HIGH,NORMAL,LOW,HIGH,HIGH,NORMAL,FALSE,HIGH,NORMAL,NORMAL,HIGH,ZERO,FALSE,LOW,ZERO,LOW,HIGH,FALSE,TRUE,NORMAL,HIGH,HIGH,FALSE,HIGH,ZERO,NORMAL,FALSE,NORMAL
FALSE,FALSE,NORMAL,FALSE,HIGH,FALSE,HIGH,HIGH,NORMAL,HIGH,NORMAL,LOW,HIGH,HIGH,NORMAL,FALSE,NORMAL,NORMAL,HIGH,NORMAL,ZERO,FALSE,LOW,ZERO,LOW,HIGH,FALSE,FALSE,HIGH,NORMAL,LOW,FALSE,HIGH,ZERO,NORMAL,FALSE,NORMAL
FALSE,TRUE,NORMAL,FALSE,HIGH,FALSE,HIGH,HIGH,NORMAL,HIGH,NORMAL,LOW,HIGH,HIGH,NORMAL,FALSE,NORMAL,NORMAL,HIGH,NORMAL,ZERO,FALSE,LOW,ZERO,LOW,HIGH,FALSE,FALSE,HIGH,NORMAL,LOW,FALSE,HIGH,ZERO,NORMAL,FALSE,NORMAL
FALSE,FALSE,NORMAL,FALSE,HIGH,FALSE,HIGH,LOW,NORMAL,HIGH,NORMAL,LOW,HIGH,HIGH,NORMAL,FALSE,HIGH,NORMAL,HIGH,NORMAL,ZERO,FALSE,LOW,ZERO,LOW,HIGH,FALSE,TRUE,HIGH,HIGH,LOW,FALSE,HIGH,ZERO,NORMAL,FALSE,NORMAL
FALSE,FALSE,NORMAL,FALSE,HIGH,FALSE,HIGH,ZERO,NORMAL,HIGH,ZERO,ZERO,HIGH,HIGH,NORMAL,FALSE,LOW,NORMAL,HIGH,NORMAL,ZERO,FALSE,LOW,ZERO,LOW,HIGH,FALSE,FALSE,HIGH,NORMAL,LOW,FALSE,HIGH,ZERO,NORMAL,TRUE,NORMAL
FALSE,FALSE,NORMAL,FALSE,HIGH,FALSE,HIGH,HIGH,NORMAL,LOW,NORMAL,LOW,HIGH,HIGH,NORMAL,FALSE,HIGH,NORMAL,LOW,HIGH,ZERO,FALSE,LOW,ZERO,LOW,HIGH,FALSE,TRUE,HIGH,HIGH,LOW,FALSE,HIGH,ZERO,NORMAL,FALSE,NORMAL
FALSE,FALSE,NORMAL,FALSE,HIGH,FALSE,HIGH,HIGH,NORMAL,HIGH,NORMAL,LOW,HIGH,HIGH,NORMAL,FALSE,NORMAL,NORMAL,HIGH,NORMAL,ZERO,FALSE,LOW,ZERO,LOW,LOW,FALSE,FALSE,HIGH,NORMAL,LOW,FALSE,HIGH,ZERO,NORMAL,FALSE,NORMAL
TRUE,FALSE,NORMAL,FALSE,LOW,TRUE,LOW,HIGH,NORMAL,LOW,NORMAL,ZERO,NORMAL,NORMAL,NORMAL,FALSE,NORMAL,NORMAL,LOW,HIGH,LOW,FALSE,HIGH,HIGH,LOW,HIGH,FALSE,FALSE,LOW,NORMAL,HIGH,FALSE,NORMAL,HIGH,NORMAL,FALSE,NORMAL
FALSE,FALSE,NORMAL,FALSE,HIGH,FALSE,HIGH,HIGH,NORMAL,LOW,NORMAL,LOW,HIGH,LOW,NORMAL,FALSE,NORMAL,NORMAL,NORMAL,NORMAL,ZERO,FALSE,LOW,ZERO,LOW,HIGH,FALSE,FALSE,HIGH,NORMAL,LOW,FALSE,HIGH,ZERO,LOW,FALSE,NORMAL
FALSE,FALSE,NORMAL,FALSE,HIGH,FALSE,HIGH,NORMAL,NORMAL,LOW,NORMAL,LOW,HIGH,HIGH,NORMAL,FALSE,NORMAL,NORMAL,LOW,LOW,ZERO,FALSE,LOW,ZERO,LOW,HIGH,FALSE,FALSE,HIGH,NORMAL,LOW,FALSE,HIGH,ZERO,NORMAL,FALSE,NORMAL
FALSE,FALSE,NORMAL,FALSE,HIGH,FALSE,HIGH,LOW,NORMAL,HIGH,NORMAL,LOW,HIGH,HIGH,NORMAL,FALSE,NORMAL,NORMAL,HIGH,NORMAL,ZERO,FALSE,LOW,ZERO,LOW,HIGH,FALSE,FALSE,HIGH,NORMAL,HIGH,FALSE,HIGH,ZERO,NORMAL,FALSE,NORMAL
FALSE,TRUE,NORMAL,FALSE,HIGH,FALSE,HIGH,NORMAL,NORMAL,NORMAL,NORMAL,LOW,HIGH,HIGH,NORMAL,FALSE,HIGH,NORMAL,NORMAL,HIGH,ZERO,FALSE,LOW,ZERO,LOW,HIGH,FALSE,TRUE,HIGH,HIGH,LOW,FALSE,HIGH,ZERO,NORMAL,FALSE,NORMAL
FALSE,TRUE,HIGH,FALSE,LOW,FALSE,HIGH,LOW,NORMAL,LOW,NORMAL,LOW,HIGH,LOW,NORMAL,FALSE,HIGH,NORMAL,NORMAL,HIGH,ZERO,FALSE,LOW,ZERO,ZERO,HIGH,FALSE,TRUE,HIGH,HIGH,LOW,FALSE,HIGH,ZERO,LOW,FALSE,NORMAL
FALSE,FALSE,NORMAL,FALSE,HIGH,FALSE,HIGH,HIGH,NORMAL,NORMAL,NORMAL,LOW,HIGH,HIGH,NORMAL,FALSE,NORMAL,NORMAL,LOW,NORMAL,ZERO,FALSE,LOW,ZERO,LOW,HIGH,FALSE,FALSE,HIGH,NORMAL,LOW,FALSE,HIGH,ZERO,HIGH,FALSE,NORMAL
FALSE,FALSE,HIGH,FALSE,HIGH,FALSE,HIGH,HIGH,NORMAL,HIGH,NORMAL,LOW,HIGH,HIGH,NORMAL,FALSE,NORMAL,NORMAL,NORMAL,NORMAL,ZERO,FALSE,LOW,ZERO,NORMAL,HIGH,FALSE,FALSE,HIGH,NORMAL,LOW,FALSE,HIGH,ZERO,NORMAL,FALSE,NORMAL
FALSE,FALSE,NORMAL,FALSE,HIGH,FALSE,HIGH,LOW,NORMAL,NORMAL,NORMAL,LOW,HIGH,LOW,NORMAL,FALSE,NORMAL,NORMAL,HIGH,NORMAL,ZERO,FALSE,LOW,ZERO,LOW,HIGH,FALSE,FALSE,HIGH,NORMAL,LOW,FALSE,HIGH,ZERO,LOW,FALSE,NORMAL
FALSE,FALSE,NORMAL,FALSE,HIGH,FALSE,LOW,LOW,NORMAL,LOW,NORMAL,LOW,HIGH,NORMAL,NORMAL,FALSE,NORMAL,NORMAL,LOW,LOW,ZERO,FALSE,LOW,ZERO,LOW,LOW,FALSE,FALSE,LOW,NORMAL,LOW,FALSE,NORMAL,ZERO,NORMAL,FALSE,NORMAL
FALSE,FALSE,HIGH,TRUE,HIGH,FALSE,HIGH,LOW,NORMAL,HIGH,NORMAL,LOW,HIGH,NORMAL,NORMAL,FALSE,LOW,NORMAL,HIGH,LOW,ZERO,FALSE,LOW,ZERO,LOW,HIGH,TRUE,FALSE,HIGH,LOW,LOW,FALSE,HIGH,ZERO,LOW,FALSE,NORMAL
FALSE,FALSE,HIGH,FALSE,HIGH,FALSE,HIGH,HIGH,NORMAL,LOW,NORMAL,LOW,HIGH,HIGH,NORMAL,FALSE,NORMAL,NORMAL,LOW,NORMAL,ZERO,FALSE,LOW,ZERO,LOW,HIGH,FALSE,FALSE,HIGH,NORMAL,LOW,TRUE,HIGH,ZERO,NORMAL,FALSE,HIGH
FALSE,TRUE,NORMAL,TRUE,HIGH,FALSE,HIGH,LOW,NORMAL,NORMAL,NORMAL,LOW,HIGH,NORMAL,NORMAL,FALSE,NORMAL,NORMAL,NORMAL,NORMAL,ZERO,FALSE,LOW,ZERO,LOW,HIGH,FALSE,FALSE,HIGH,NORMAL,LOW,FALSE,HIGH,ZERO,NORMAL,FALSE,NORMAL
FALSE,FALSE,NORMAL,FALSE,HIGH,FALSE,HIGH,LOW,NORMAL,HIGH,NORMAL,LOW,HIGH,HIGH,NORMAL,FALSE,NORMAL,NORMAL,HIGH,NORMAL,ZERO,FALSE,LOW,ZERO,LOW,HIGH,FALSE,FALSE,HIGH,NORMAL,LOW,FALSE,HIGH,ZERO,NORMAL,TRUE,NORMAL
FALSE,FALSE,NORMAL,FALSE,LOW,FALSE,HIGH,LOW,NORMAL,HIGH,HIGH,HIGH,HIGH,HIGH,NORMAL,FALSE,HIGH,HIGH,NORMAL,NORMAL,LOW,FALSE,HIGH,HIGH,LOW,HIGH,FALSE,TRUE,HIGH,HIGH,HIGH,FALSE,HIGH,HIGH,NORMAL,FALSE,NORMAL
FALSE,FALSE,NORMAL,FALSE,HIGH,FALSE,HIGH,HIGH,NORMAL,HIGH,NORMAL,LOW,HIGH,HIGH,NORMAL,FALSE,NORMAL,NORMAL,NORMAL,NORMAL,ZERO,FALSE,LOW,ZERO,LOW,HIGH,FALSE,FALSE,HIGH,NORMAL,LOW,FALSE,HIGH,ZERO,NORMAL,FALSE,NORMAL
FALSE,TRUE,NORMAL,FALSE,HIGH,FALSE,HIGH,LOW,NORMAL,HIGH,NORMAL,LOW,HIGH,HIGH,NORMAL,FALSE,NORMAL,NORMAL,HIGH,NORMAL,ZERO,FALSE,LOW,ZERO,LOW,HIGH,FALSE,FALSE,HIGH,NORMAL,LOW,FALSE,HIGH,ZERO,NORMAL,FALSE,HIGH
FALSE,FALSE,NORMAL,FALSE,HIGH,FALSE,HIGH,NORMAL,NORMAL,NORMAL,NORMAL,LOW,HIGH,NORMAL,NORMAL,FALSE,NORMAL,NORMAL,NORMAL,NORMAL,ZERO,FALSE,LOW,ZERO,LOW,HIGH,FALSE,FALSE,HIGH,NORMAL,LOW,FALSE,HIGH,ZERO,LOW,FALSE,NORMAL
FALSE,FALSE,NORMAL,FALSE,HIGH,FALSE,NORMAL,HIGH,NORMAL,HIGH,NORMAL,LOW,HIGH,HIGH,NORMAL,TRUE,HIGH,NORMAL,HIGH,HIGH,ZERO,FALSE,LOW,ZERO,LOW,HIGH,FALSE,FALSE,HIGH,HIGH,LOW,FALSE,HIGH,ZERO,NORMAL,FALSE,NORMAL
FALSE,TRUE,NORMAL,FALSE,HIGH,FALSE,LOW,HIGH,NORMAL,HIGH,NORMAL,LOW,NORMAL,NORMAL,NORMAL,FALSE,LOW,NORMAL,HIGH,NORMAL,ZERO,FALSE,LOW,ZERO,LOW,LOW,FALSE,FALSE,LOW,NORMAL,LOW,FALSE,NORMAL,ZERO,NORMAL,FALSE,NORMAL
FALSE,FALSE,NORMAL,FALSE,LOW,FALSE,NORMAL,HIGH,NORMAL,NORMAL,LOW,ZERO,NORMAL,NORMAL,NORMAL,FALSE,LOW,LOW,HIGH,LOW,LOW,FALSE,HIGH,HIGH,LOW,LOW,FALSE,FALSE,LOW,LOW,HIGH,FALSE,NORMAL,HIGH,NORMAL,FALSE,NORMAL
FALSE,FALSE,NORMAL,FALSE,HIGH,FALSE,LOW,LOW,NORMAL,HIGH,NORMAL,LOW,NORMAL,NORMAL,NORMAL,FALSE,NORMAL,NORMAL,HIGH,LOW,ZERO,FALSE,LOW,ZERO,LOW,LOW,FALSE,FALSE,LOW,NORMAL,LOW,FALSE,NORMAL,ZERO,NORMAL,FALSE,NORMAL
FALSE,FALSE,LOW,FALSE,NORMAL,FALSE,NORMAL,HIGH,NORMAL,HIGH,LOW,ZERO,NORMAL,NORMAL,NORMAL,TRUE,NORMAL,LOW,HIGH,NORMAL,LOW,FALSE,HIGH,HIGH,ZERO,LOW,FALSE,FALSE,LOW,NORMAL,HIGH,FALSE,NORMAL,HIGH,NORMAL,FALSE,NORMAL
FALSE,FALSE,NORMAL,FALSE,HIGH,FALSE,HIGH,HIGH,NORMAL,LOW,NORMAL,LOW,HIGH,HIGH,NORMAL,FALSE,NORMAL,NORMAL,LOW,NORMAL,ZERO,FALSE,LOW,ZERO,LOW,HIGH,FALSE,FALSE,HIGH,NORMAL,LOW,FALSE,HIGH,ZERO,NORMAL,FALSE,NORMAL
FALSE,FALSE,NORMAL,FALSE,HIGH,FALSE,HIGH,ZERO,LOW,HIGH,NORMAL,LOW,HIGH,HIGH,NORMAL,FALSE,NORMAL,NORMAL,NORMAL,NORMAL,ZERO,FALSE,LOW,ZERO,LOW,HIGH,FALSE,FALSE,HIGH,NORMAL,LOW,FALSE,HIGH,ZERO,HIGH,FALSE,NORMAL
FALSE,FALSE,NORMAL,FALSE,HIGH,FALSE,NORMAL,HIGH,NORMAL,LOW,NORMAL,LOW,NORMAL,LOW,NORMAL,FALSE,HIGH,NORMAL,HIGH,HIGH,ZERO,FALSE,LOW,ZERO,LOW,NORMAL,FALSE,TRUE,LOW,HIGH,LOW,FALSE,LOW,ZERO,LOW,FALSE,NORMAL
FALSE,FALSE,NORMAL,FALSE,HIGH,FALSE,LOW,HIGH,NORMAL,HIGH,NORMAL,LOW,HIGH,HIGH,NORMAL,FALSE,LOW,NORMAL,NORMAL,NORMAL,ZERO,FALSE,LOW,ZERO,LOW,LOW,FALSE,FALSE,LOW,NORMAL,LOW,FALSE,NORMAL,ZERO,HIGH,FALSE,NORMAL
FALSE,FALSE,NORMAL,FALSE,HIGH,FALSE,HIGH,LOW,NORMAL,NORMAL,NORMAL,LOW,HIGH,HIGH,NORMAL,FALSE,NORMAL,NORMAL,HIGH,LOW,ZERO,FALSE,LOW,ZERO,LOW,HIGH,FALSE,FALSE,HIGH,NORMAL,LOW,FALSE,HIGH,ZERO,NORMAL,FALSE,NORMAL
FALSE,FALSE,NORMAL,FALSE,HIGH,FALSE,HIGH,ZERO,LOW,HIGH,ZERO,ZERO,HIGH,HIGH,ESOPHAGEAL,FALSE,NORMAL,NORMAL,HIGH,NORMAL,ZERO,FALSE,LOW,ZERO,LOW,HIGH,FALSE,FALSE,HIGH,NORMAL,LOW,FALSE,HIGH,LOW,NORMAL,FALSE,NORMAL
FALSE,FALSE,NORMAL,FALSE,NORMAL,FALSE,HIGH,NORMAL,NORMAL,LOW,NORMAL,LOW,HIGH,HIGH,NORMAL,FALSE,NORMAL,NORMAL,LOW,NORMAL,NORMAL,FALSE,LOW,ZERO,NORMAL,HIGH,FALSE,FALSE,HIGH,NORMAL,LOW,FALSE,HIGH,NORMAL,NORMAL,FALSE,NORMAL
FALSE,FALSE,NORMAL,FALSE,HIGH,FALSE,HIGH,LOW,NORMAL,LOW,NORMAL,LOW,HIGH,HIGH,NORMAL,FALSE,NORMAL,NORMAL,LOW,NORMAL,ZERO,FALSE,LOW,ZERO,LOW,HIGH,FALSE,FALSE,HIGH,NORMAL,LOW,FALSE,HIGH,ZERO,NORMAL,FALSE,HIGH
FALSE,FALSE,NORMAL,FALSE,HIGH,FALSE,HIGH,HIGH,NORMAL,HIGH,NORMAL,ZERO,HIGH,HIGH,NORMAL,FALSE,NORMAL,NORMAL,NORMAL,NORMAL,ZERO,FALSE,LOW,ZERO,LOW,HIGH,FALSE,FALSE,HIGH,NORMAL,LOW,FALSE,HIGH,ZERO,NORMAL,FALSE,NORMAL
FALSE,FALSE,NORMAL,FALSE,HIGH,FALSE,HIGH,HIGH,NORMAL,LOW,NORMAL,LOW,HIGH,LOW,NORMAL,FALSE,NORMAL,NORMAL,HIGH,NORMAL,ZERO,FALSE,LOW,ZERO,LOW,HIGH,FALSE,FALSE,HIGH,NORMAL,LOW,FALSE,HIGH,ZERO,LOW,FALSE,NORMAL
TRUE,FALSE,NORMAL,TRUE,LOW,FALSE,LOW,HIGH,NORMAL,HIGH,NORMAL,ZERO,NORMAL,NORMAL,NORMAL,FALSE,NORMAL,NORMAL,HIGH,NORMAL,LOW,FALSE,HIGH,HIGH,LOW,LOW,FALSE,FALSE,LOW,NORMAL,HIGH,FALSE,NORMAL,HIGH,NORMAL,FALSE,NORMAL
FALSE,FALSE,NORMAL,FALSE,HIGH,FALSE,HIGH,LOW,NORMAL,LOW,NORMAL,LOW,HIGH,LOW,NORMAL,FALSE,HIGH,NORMAL,LOW,HIGH,ZERO,FALSE,LOW,ZERO,LOW,HIGH,FALSE,TRUE,HIGH,HIGH,LOW,FALSE,HIGH,ZERO,LOW,FALSE,NORMAL
FALSE,FALSE,NORMAL,FALSE,LOW,FALSE,NORMAL,LOW,NORMAL,LOW,HIGH,HIGH,HIGH,LOW,NORMAL,FALSE,NORMAL,NORMAL,LOW,NORMAL,LOW,FALSE,HIGH,HIGH,LOW,LOW,FALSE,FALSE,HIGH,NORMAL,HIGH,FALSE,LOW,HIGH,NORMAL,FALSE,NORMAL
FALSE,FALSE,NORMAL,FALSE,HIGH,FALSE,HIGH,LOW,NORMAL,HIGH,NORMAL,LOW,HIGH,HIGH,NORMAL,FALSE,NORMAL,NORMAL,HIGH,NORMAL,ZERO,FALSE,LOW,ZERO,LOW,HIGH,FALSE,FALSE,HIGH,NORMAL,LOW,FALSE,HIGH,ZERO,NORMAL,TRUE,NORMAL
FALSE,FALSE,NORMAL,FALSE,LOW,TRUE,HIGH,HIGH,NORMAL,LOW,LOW,ZERO,HIGH,LOW,NORMAL,FALSE,LOW,LOW,LOW,LOW,LOW,FALSE,HIGH,HIGH,LOW,NORMAL,TRUE,FALSE,NORMAL,LOW,LOW,FALSE,HIGH,HIGH,LOW,FALSE,HIGH
FALSE,FALSE,HIGH,FALSE,LOW,TRUE,HIGH,NORMAL,NORMAL,HIGH,NORMAL,LOW,HIGH,HIGH,ONESIDED,FALSE,NORMAL,NORMAL,NORMAL,NORMAL,LOW,FALSE,LOW,LOW,LOW,NORMAL,FALSE,FALSE,NORMAL,NORMAL,LOW,FALSE,HIGH,LOW,NORMAL,FALSE,HIGH
FALSE,TRUE,HIGH,FALSE,LOW,FALSE,HIGH,HIGH,NORMAL,HIGH,NORMAL,LOW,HIGH,HIGH,NORMAL,FALSE,LOW,NORMAL,NORMAL,NORMAL,ZERO,FALSE,HIGH,ZERO,ZERO,HIGH,FALSE,FALSE,HIGH,NORMAL,HIGH,FALSE,HIGH,HIGH,NORMAL,FALSE,NORMAL
FALSE,FALSE,NORMAL,TRUE,HIGH,FALSE,HIGH,NORMAL,NORMAL,NORMAL,NORMAL,LOW,HIGH,NORMAL,NORMAL,FALSE,LOW,NORMAL,HIGH,LOW,ZERO,FALSE,LOW,ZERO,LOW,HIGH,TRUE,FALSE,HIGH,LOW,LOW,FALSE,HIGH,ZERO,LOW,FALSE,NORMAL
FALSE,FALSE,NORMAL,FALSE,HIGH,FALSE,HIGH,NORMAL,LOW,NORMAL,NORMAL,LOW,HIGH,LOW,NORMAL,FALSE,NORMAL,NORMAL,HIGH,NORMAL,ZERO,FALSE,LOW,ZERO,LOW,NORMAL,FALSE,FALSE,HIGH,NORMAL,LOW,FALSE,HIGH,ZERO,LOW,FALSE,NORMAL
FALSE,FALSE,NORMAL,FALSE,HIGH,FALSE,LOW,HIGH,NORMAL,LOW,NORMAL,LOW,HIGH,LOW,NORMAL,FALSE,NORMAL,NORMAL,NORMAL,NORMAL,ZERO,FALSE,LOW,ZERO,LOW,LOW,FALSE,TRUE,LOW,NORMAL,LOW,FALSE,NORMAL,ZERO,LOW,FALSE,NORMAL
FALSE,FALSE,NORMAL,FALSE,NORMAL,FALSE,HIGH,NORMAL,NORMAL,HIGH,NORMAL,LOW,HIGH,HIGH,NORMAL,FALSE,NORMAL,NORMAL,NORMAL,NORMAL,ZERO,FALSE,LOW,ZERO,LOW,HIGH,FALSE,FALSE,HIGH,NORMAL,LOW,FALSE,HIGH,NORMAL,NORMAL,FALSE,NORMAL
FALSE,FALSE,NORMAL,FALSE,HIGH,FALSE,HIGH,HIGH,NORMAL,HIGH,NORMAL,LOW,HIGH,HIGH,NORMAL,FALSE,LOW,NORMAL,NORMAL,NORMAL,ZERO,FALSE,LOW,ZERO,LOW,HIGH,FALSE,FALSE,HIGH,NORMAL,LOW,FALSE,HIGH,ZERO,NORMAL,FALSE,NORMAL
FALSE,FALSE,NORMAL,FALSE,HIGH,FALSE,HIGH,HIGH,NORMAL,NORMAL,NORMAL,LOW,HIGH,LOW,NORMAL,FALSE,HIGH,NORMAL,HIGH,HIGH,ZERO,FALSE,LOW,ZERO,NORMAL,HIGH,FALSE,TRUE,HIGH,HIGH,LOW,FALSE,HIGH,ZERO,LOW,FALSE,NORMAL
FALSE,FALSE,NORMAL,FALSE,HIGH,FALSE,LOW,HIGH,NORMAL,NORMAL,NORMAL,LOW,NORMAL,NORMAL,NORMAL,FALSE,NORMAL,NORMAL,HIGH,NORMAL,ZERO,FALSE,LOW,ZERO,LOW,LOW,FALSE,FALSE,LOW,NORMAL,LOW,FALSE,NORMAL,ZERO,NORMAL,FALSE,NORMAL
FALSE,FALSE,NORMAL,FALSE,HIGH,FALSE,HIGH,HIGH,NORMAL,HIGH,NORMAL,LOW,HIGH,HIGH,NORMAL,FALSE,HIGH,NORMAL,HIGH,NORMAL,ZERO,FALSE,LOW,ZERO,LOW,HIGH,FALSE,FALSE,HIGH,HIGH,LOW,FALSE,HIGH,ZERO,NORMAL,FALSE,NORMAL
FALSE,FALSE,NORMAL,FALSE,HIGH,TRUE,HIGH,LOW,NORMAL,LOW,NORMAL,LOW,HIGH,HIGH,NORMAL,FALSE,NORMAL,NORMAL,LOW,NORMAL,ZERO,TRUE,LOW,ZERO,LOW,NORMAL,FALSE,FALSE,NORMAL,NORMAL,LOW,FALSE,HIGH,ZERO,NORMAL,FALSE,NORMAL
FALSE,FALSE,NORMAL,FALSE,HIGH,FALSE,HIGH,LOW,NORMAL,LOW,NORMAL,LOW,HIGH,LOW,NORMAL,FALSE,NORMAL,NORMAL,LOW,NORMAL,ZERO,FALSE,LOW,ZERO,LOW,HIGH,FALSE,FALSE,HIGH,NORMAL,LOW,FALSE,HIGH,ZERO,LOW,FALSE,NORMAL
FALSE,FALSE,NORMAL,FALSE,HIGH,FALSE,HIGH,NORMAL,NORMAL,NORMAL,NORMAL,LOW,HIGH,HIGH,NORMAL,FALSE,NORMAL,NORMAL,NORMAL,NORMAL,ZERO,FALSE,LOW,ZERO,LOW,HIGH,FALSE,FALSE,HIGH,NORMAL,LOW,FALSE,HIGH,ZERO,NORMAL,FALSE,NORMAL
FALSE,FALSE,NORMAL,FALSE,HIGH,TRUE,LOW,HIGH,NORMAL,LOW,NORMAL,NORMAL,HIGH,NORMAL,NORMAL,FALSE,NORMAL,NORMAL,HIGH,NORMAL,HIGH,FALSE,NORMAL,LOW,HIGH,NORMAL,FALSE,FALSE,LOW,NORMAL,NORMAL,FALSE,NORMAL,LOW,NORMAL,FALSE,NORMAL
FALSE,FALSE,NORMAL,FALSE,HIGH,TRUE,NORMAL,HIGH,NORMAL,LOW,NORMAL,LOW,HIGH,LOW,NORMAL,FALSE,HIGH,NORMAL,NORMAL,HIGH,ZERO,FALSE,LOW,ZERO,LOW,NORMAL,FALSE,TRUE,LOW,HIGH,LOW,FALSE,HIGH,ZERO,LOW,FALSE,NORMAL
FALSE,FALSE,LOW,FALSE,HIGH,FALSE,HIGH,LOW,NORMAL,LOW,NORMAL,LOW,HIGH,LOW,NORMAL,FALSE,HIGH,NORMAL,HIGH,NORMAL,ZERO,FALSE,LOW,ZERO,LOW,HIGH,FALSE,TRUE,HIGH,HIGH,LOW,FALSE,HIGH,ZERO,LOW,FALSE,NORMAL
FALSE,FALSE,NORMAL,FALSE,HIGH,FALSE,HIGH,NORMAL,NORMAL,HIGH,NORMAL,LOW,HIGH,NORMAL,NORMAL,FALSE,NORMAL,NORMAL,NORMAL,NORMAL,ZERO,FALSE,LOW,ZERO,LOW,HIGH,FALSE,FALSE,HIGH,NORMAL,LOW,FALSE,HIGH,ZERO,NORMAL,FALSE,NORMAL
FALSE,FALSE,NORMAL,FALSE,HIGH,FALSE,HIGH,HIGH,NORMAL,HIGH,NORMAL,LOW,HIGH,HIGH,NORMAL,FALSE,NORMAL,NORMAL,NORMAL,LOW,ZERO,FALSE,LOW,ZERO,LOW,HIGH,FALSE,FALSE,HIGH,NORMAL,LOW,FALSE,HIGH,ZERO,NORMAL,FALSE,NORMAL
FALSE,FALSE,NORMAL,FALSE,HIGH,FALSE,HIGH,HIGH,NORMAL,HIGH,NORMAL,LOW,HIGH,HIGH,NORMAL,FALSE,NORMAL,NORMAL,HIGH,NORMAL,ZERO,FALSE,LOW,ZERO,LOW,HIGH,FALSE,FALSE,HIGH,NORMAL,LOW,FALSE,HIGH,ZERO,NORMAL,FALSE,NORMAL
FALSE,FALSE,NORMAL,FALSE,LOW,FALSE,HIGH,HIGH,NORMAL,LOW,ZERO,ZERO,HIGH,HIGH,NORMAL,FALSE,HIGH,NORMAL,LOW,HIGH,LOW,FALSE,HIGH,HIGH,LOW,HIGH,FALSE,TRUE,HIGH,HIGH,HIGH,FALSE,HIGH,HIGH,NORMAL,FALSE,NORMAL
FALSE,FALSE,HIGH,FALSE,HIGH,FALSE,HIGH,HIGH,NORMAL,HIGH,NORMAL,LOW,HIGH,HIGH,NORMAL,FALSE,NORMAL,NORMAL,HIGH,NORMAL,ZERO,FALSE,LOW,ZERO,LOW,HIGH,FALSE,FALSE,HIGH,NORMAL,LOW,FALSE,HIGH,ZERO,NORMAL,FALSE,NORMAL
TRUE,FALSE,NORMAL,FALSE,LOW,FALSE,HIGH,HIGH,NORMAL,HIGH,NORMAL,ZERO,HIGH,HIGH,NORMAL,FALSE,NORMAL,NORMAL,NORMAL,NORMAL,LOW,FALSE,HIGH,HIGH,LOW,HIGH,FALSE,FALSE,HIGH,NORMAL,HIGH,FALSE,HIGH,HIGH,NORMAL,FALSE,NORMAL
FALSE,FALSE,NORMAL,FALSE,HIGH,TRUE,NORMAL,HIGH,NORMAL,HIGH,ZERO,ZERO,HIGH,NORMAL,NORMAL,TRUE,NORMAL,NORMAL,HIGH,NORMAL,ZERO,FALSE,LOW,ZERO,LOW,NORMAL,FALSE,FALSE,NORMAL,NORMAL,LOW,FALSE,HIGH,ZERO,NORMAL,FALSE,NORMAL
TRUE,FALSE,NORMAL,FALSE,LOW,FALSE,HIGH,HIGH,NORMAL,LOW,NORMAL,ZERO,HIGH,HIGH,NORMAL,FALSE,HIGH,NORMAL,LOW,HIGH,LOW,FALSE,HIGH,HIGH,LOW,HIGH,FALSE,FALSE,HIGH,HIGH,HIGH,FALSE,HIGH,HIGH,NORMAL,FALSE,NORMAL
FALSE,FALSE,NORMAL,FALSE,HIGH,FALSE,NORMAL,HIGH,NORMAL,LOW,ZERO,NORMAL,HIGH,HIGH,NORMAL,TRUE,NORMAL,NORMAL,LOW,NORMAL,HIGH,FALSE,LOW,LOW,HIGH,HIGH,FALSE,FALSE,HIGH,NORMAL,LOW,FALSE,HIGH,LOW,NORMAL,FALSE,NORMAL
FALSE,FALSE,NORMAL,FALSE,LOW,FALSE,HIGH,NORMAL,NORMAL,LOW,NORMAL,LOW,HIGH,LOW,NORMAL,FALSE,NORMAL,NORMAL,NORMAL,NORMAL,ZERO,FALSE,HIGH,NORMAL,ZERO,HIGH,FALSE,TRUE,HIGH,NORMAL,HIGH,FALSE,HIGH,HIGH,LOW,FALSE,NORMAL
FALSE,FALSE,NORMAL,FALSE,HIGH,FALSE,HIGH,NORMAL,NORMAL,LOW,NORMAL,LOW,HIGH,HIGH,NORMAL,FALSE,NORMAL,NORMAL,LOW,NORMAL,ZERO,FALSE,LOW,ZERO,LOW,HIGH,FALSE,FALSE,HIGH,NORMAL,LOW,FALSE,HIGH,ZERO,HIGH,TRUE,NORMAL
FALSE,FALSE,NORMAL,FALSE,HIGH,FALSE,HIGH,LOW,NORMAL,HIGH,NORMAL,LOW,HIGH,HIGH,NORMAL,FALSE,NORMAL,NORMAL,HIGH,NORMAL,ZERO,FALSE,LOW,ZERO,LOW,HIGH,FALSE,FALSE,HIGH,NORMAL,LOW,FALSE,HIGH,ZERO,NORMAL,FALSE,NORMAL
FALSE,FALSE,NORMAL,FALSE,HIGH,FALSE,HIGH,NORMAL,NORMAL,NORMAL,NORMAL,LOW,HIGH,HIGH,NORMAL,FALSE,NORMAL,NORMAL,NORMAL,NORMAL,ZERO,FALSE,LOW,ZERO,LOW,HIGH,FALSE,FALSE,HIGH,NORMAL,LOW,FALSE,HIGH,ZERO,HIGH,FALSE,NORMAL
FALSE,FALSE,LOW,FALSE,HIGH,FALSE,LOW,NORMAL,NORMAL,NORMAL,NORMAL,LOW,HIGH,NORMAL,NORMAL,FALSE,HIGH,NORMAL,HIGH,NORMAL,ZERO,FALSE,LOW,ZERO,NORMAL,LOW,FALSE,TRUE,LOW,HIGH,LOW,FALSE,NORMAL,ZERO,NORMAL,FALSE,NORMAL
FALSE,FALSE,LOW,FALSE,HIGH,FALSE,HIGH,HIGH,NORMAL,LOW,HIGH,HIGH,HIGH,HIGH,ONESIDED,FALSE,NORMAL,NORMAL,LOW,NORMAL,HIGH,FALSE,LOW,HIGH,HIGH,HIGH,FALSE,FALSE,HIGH,NORMAL,LOW,FALSE,HIGH,LOW,NORMAL,FALSE,HIGH
FALSE,FALSE,NORMAL,FALSE,HIGH,FALSE,NORMAL,NORMAL,NORMAL,LOW,NORMAL,LOW,HIGH,HIGH,NORMAL,TRUE,LOW,NORMAL,LOW,NORMAL,ZERO,FALSE,LOW,ZERO,LOW,HIGH,FALSE,FALSE,HIGH,NORMAL,LOW,FALSE,HIGH,ZERO,NORMAL,FALSE,NORMAL
FALSE,TRUE,NORMAL,FALSE,HIGH,FALSE,HIGH,NORMAL,NORMAL,HIGH,NORMAL,LOW,HIGH,HIGH,NORMAL,FALSE,NORMAL,NORMAL,NORMAL,NORMAL,ZERO,FALSE,LOW,ZERO,LOW,HIGH,FALSE,FALSE,HIGH,NORMAL,LOW,FALSE,HIGH,ZERO,NORMAL,FALSE,NORMAL
FALSE,FALSE,NORMAL,FALSE,HIGH,FALSE,HIGH,HIGH,NORMAL,HIGH,NORMAL,LOW,HIGH,HIGH,NORMAL,FALSE,NORMAL,NORMAL,HIGH,NORMAL,ZERO,FALSE,LOW,ZERO,LOW,HIGH,FALSE,FALSE,HIGH,NORMAL,LOW,FALSE,HIGH,ZERO,NORMAL,FALSE,NORMAL
FALSE,FALSE,NORMAL,FALSE,HIGH,FALSE,LOW,HIGH,NORMAL,NORMAL,NORMAL,LOW,NORMAL,NORMAL,ONESIDED,FALSE,NORMAL,NORMAL,HIGH,NORMAL,LOW,FALSE,LOW,LOW,NORMAL,LOW,FALSE,FALSE,LOW,NORMAL,LOW,FALSE,NORMAL,LOW,NORMAL,FALSE,NORMAL
TRUE,FALSE,NORMAL,FALSE,LOW,FALSE,LOW,HIGH,NORMAL,NORMAL,NORMAL,ZERO,NORMAL,LOW,NORMAL,FALSE,NORMAL,NORMAL,HIGH,NORMAL,LOW,FALSE,HIGH,HIGH,LOW,NORMAL,FALSE,FALSE,HIGH,NORMAL,HIGH,FALSE,LOW,HIGH,NORMAL,FALSE,NORMAL
FALSE,FALSE,NORMAL,FALSE,HIGH,FALSE,HIGH,HIGH,NORMAL,HIGH,NORMAL,LOW,HIGH,HIGH,NORMAL,FALSE,NORMAL,NORMAL,HIGH,NORMAL,ZERO,FALSE,LOW,ZERO,LOW,HIGH,FALSE,FALSE,HIGH,NORMAL,LOW,FALSE,HIGH,ZERO,NORMAL,FALSE,NORMAL
FALSE,FALSE,NORMAL,FALSE,HIGH,FALSE,HIGH,HIGH,NORMAL,LOW,NORMAL,LOW,HIGH,HIGH,ONESIDED,FALSE,HIGH,NORMAL,LOW,HIGH,LOW,FALSE,LOW,LOW,NORMAL,HIGH,FALSE,FALSE,HIGH,HIGH,LOW,FALSE,HIGH,LOW,NORMAL,FALSE,HIGH
FALSE,FALSE,NORMAL,FALSE,HIGH,FALSE,HIGH,NORMAL,NORMAL,LOW,NORMAL,LOW,HIGH,HIGH,NORMAL,FALSE,NORMAL,NORMAL,LOW,NORMAL,ZERO,FALSE,LOW,ZERO,LOW,HIGH,FALSE,FALSE,HIGH,NORMAL,LOW,FALSE,HIGH,ZERO,NORMAL,FALSE,NORMAL
FALSE,FALSE,LOW,FALSE,HIGH,FALSE,HIGH,LOW,NORMAL,LOW,NORMAL,LOW,HIGH,HIGH,NORMAL,FALSE,NORMAL,NORMAL,LOW,LOW,ZERO,FALSE,LOW,ZERO,LOW,HIGH,FALSE,FALSE,HIGH,NORMAL,LOW,FALSE,HIGH,ZERO,NORMAL,FALSE,NORMAL
FALSE,FALSE,NORMAL,FALSE,HIGH,FALSE,LOW,NORMAL,NORMAL,HIGH,NORMAL,LOW,NORMAL,NORMAL,NORMAL,FALSE,NORMAL,NORMAL,HIGH,NORMAL,ZERO,FALSE,LOW,ZERO,LOW,LOW,FALSE,FALSE,LOW,NORMAL,LOW,FALSE,NORMAL,ZERO,NORMAL,FALSE,NORMAL
FALSE,FALSE,NORMAL,FALSE,HIGH,FALSE,HIGH,HIGH,NORMAL,HIGH,NORMAL,LOW,HIGH,HIGH,NORMAL,FALSE,LOW,NORMAL,NORMAL,LOW,ZERO,FALSE,LOW,ZERO,LOW,HIGH,FALSE,FALSE,HIGH,LOW,LOW,FALSE,HIGH,ZERO,NORMAL,FALSE,HIGH
FALSE,FALSE,NORMAL,FALSE,HIGH,FALSE,HIGH,LOW,NORMAL,LOW,NORMAL,LOW,HIGH,HIGH,NORMAL,FALSE,NORMAL,NORMAL,NORMAL,NORMAL,ZERO,FALSE,LOW,ZERO,LOW,HIGH,FALSE,FALSE,HIGH,NORMAL,LOW,FALSE,HIGH,ZERO,NORMAL,FALSE,NORMAL
FALSE,FALSE,NORMAL,FALSE,HIGH,FALSE,HIGH,HIGH,NORMAL,LOW,LOW,ZERO,HIGH,LOW,NORMAL,FALSE,HIGH,LOW,LOW,HIGH,ZERO,FALSE,LOW,ZERO,LOW,HIGH,FALSE,TRUE,HIGH,HIGH,LOW,FALSE,HIGH,ZERO,LOW,FALSE,NORMAL
FALSE,FALSE,NORMAL,FALSE,LOW,FALSE,HIGH,LOW,NORMAL,LOW,HIGH,HIGH,HIGH,HIGH,NORMAL,FALSE,NORMAL,HIGH,LOW,NORMAL,LOW,FALSE,HIGH,HIGH,LOW,HIGH,FALSE,FALSE,HIGH,NORMAL,HIGH,FALSE,HIGH,HIGH,NORMAL,FALSE,NORMAL
FALSE,TRUE,NORMAL,FALSE,HIGH,FALSE,HIGH,HIGH,NORMAL,HIGH,NORMAL,LOW,HIGH,HIGH,ONESIDED,FALSE,NORMAL,NORMAL,NORMAL,NORMAL,LOW,FALSE,LOW,LOW,NORMAL,LOW,FALSE,FALSE,HIGH,NORMAL,LOW,FALSE,HIGH,LOW,NORMAL,FALSE,HIGH
FALSE,FALSE,NORMAL,FALSE,HIGH,FALSE,HIGH,LOW,NORMAL,HIGH,NORMAL,LOW,HIGH,HIGH,NORMAL,FALSE,NORMAL,NORMAL,NORMAL,NORMAL,ZERO,FALSE,LOW,ZERO,LOW,HIGH,FALSE,FALSE,HIGH,NORMAL,LOW,FALSE,HIGH,ZERO,NORMAL,FALSE,NORMAL
FALSE,FALSE,HIGH,FALSE,LOW,FALSE,LOW,HIGH,NORMAL,HIGH,ZERO,ZERO,NORMAL,NORMAL,NORMAL,FALSE,NORMAL,NORMAL,HIGH,NORMAL,LOW,FALSE,HIGH,HIGH,LOW,LOW,FALSE,FALSE,LOW,NORMAL,HIGH,FALSE,NORMAL,HIGH,NORMAL,FALSE,NORMAL
FALSE,FALSE,NORMAL,FALSE,HIGH,FALSE,HIGH,HIGH,NORMAL,HIGH,NORMAL,LOW,HIGH,HIGH,NORMAL,FALSE,NORMAL,NORMAL,NORMAL,NORMAL,ZERO,FALSE,LOW,ZERO,LOW,HIGH,FALSE,FALSE,HIGH,NORMAL,LOW,FALSE,HIGH,ZERO,NORMAL,FALSE,NORMAL
FALSE,FALSE,NORMAL,FALSE,LOW,FALSE,HIGH,LOW,NORMAL,NORMAL,HIGH,HIGH,HIGH,NORMAL,NORMAL,FALSE,NORMAL,HIGH,NORMAL,NORMAL,LOW,FALSE,HIGH,HIGH,LOW,HIGH,FALSE,FALSE,HIGH,NORMAL,HIGH,FALSE,HIGH,HIGH,NORMAL,FALSE,NORMAL
FALSE,FALSE,NORMAL,FALSE,LOW,FALSE,HIGH,HIGH,NORMAL,HIGH,ZERO,ZERO,HIGH,HIGH,NORMAL,FALSE,NORMAL,NORMAL,NORMAL,NORMAL,LOW,FALSE,HIGH,HIGH,LOW,HIGH,FALSE,FALSE,HIGH,NORMAL,HIGH,FALSE,HIGH,HIGH,NORMAL,FALSE,NORMAL
TRUE,TRUE,NORMAL,FALSE,HIGH,FALSE,HIGH,HIGH,NORMAL,HIGH,ZERO,ZERO,HIGH,HIGH,NORMAL,FALSE,HIGH,NORMAL,NORMAL,HIGH,ZERO,FALSE,LOW,ZERO,LOW,HIGH,FALSE,FALSE,HIGH,HIGH,LOW,FALSE,HIGH,ZERO,NORMAL,FALSE,NORMAL
FALSE,FALSE,NORMAL,FALSE,HIGH,FALSE,HIGH,NORMAL,NORMAL,HIGH,NORMAL,LOW,HIGH,HIGH,NORMAL,FALSE,NORMAL,NORMAL,HIGH,LOW,ZERO,FALSE,LOW,ZERO,LOW,HIGH,FALSE,FALSE,HIGH,NORMAL,LOW,FALSE,HIGH,ZERO,NORMAL,FALSE,NORMAL
FALSE,TRUE,NORMAL,TRUE,HIGH,FALSE,NORMAL,NORMAL,NORMAL,LOW,NORMAL,LOW,NORMAL,LOW,NORMAL,FALSE,LOW,NORMAL,HIGH,LOW,ZERO,FALSE,LOW,ZERO,LOW,NORMAL,TRUE,FALSE,NORMAL,LOW,LOW,FALSE,LOW,ZERO,LOW,FALSE,NORMAL
FALSE,FALSE,NORMAL,TRUE,HIGH,FALSE,HIGH,NORMAL,NORMAL,HIGH,NORMAL,LOW,HIGH,LOW,NORMAL,FALSE,LOW,NORMAL,HIGH,LOW,ZERO,FALSE,LOW,ZERO,LOW,NORMAL,TRUE,FALSE,HIGH,LOW,LOW,FALSE,HIGH,ZERO,LOW,FALSE,NORMAL
FALSE,FALSE,NORMAL,FALSE,HIGH,FALSE,HIGH,LOW,NORMAL,LOW,NORMAL,LOW,HIGH,NORMAL,NORMAL,FALSE,NORMAL,NORMAL,LOW,NORMAL,ZERO,TRUE,LOW,ZERO,LOW,HIGH,FALSE,FALSE,HIGH,NORMAL,LOW,FALSE,HIGH,ZERO,NORMAL,FALSE,NORMAL
FALSE,FALSE,NORMAL,FALSE,NORMAL,FALSE,LOW,LOW,NORMAL,NORMAL,NORMAL,LOW,NORMAL,NORMAL,NORMAL,FALSE,NORMAL,NORMAL,HIGH,NORMAL,LOW,FALSE,HIGH,HIGH,ZERO,LOW,FALSE,FALSE,LOW,NORMAL,NORMAL,FALSE,NORMAL,HIGH,NORMAL,FALSE,NORMAL
FALSE,FALSE,NORMAL,FALSE,HIGH,FALSE,HIGH,NORMAL,NORMAL,HIGH,NORMAL,LOW,HIGH,HIGH,NORMAL,FALSE,NORMAL,NORMAL,HIGH,NORMAL,ZERO,FALSE,LOW,ZERO,LOW,HIGH,FALSE,FALSE,HIGH,NORMAL,LOW,FALSE,HIGH,ZERO,NORMAL,FALSE,NORMAL
FALSE,FALSE,NORMAL,FALSE,HIGH,FALSE,HIGH,LOW,NORMAL,HIGH,NORMAL,LOW,HIGH,LOW,NORMAL,FALSE,NORMAL,NORMAL,HIGH,NORMAL,ZERO,FALSE,LOW,ZERO,LOW,HIGH,FALSE,FALSE,HIGH,NORMAL,LOW,FALSE,HIGH,ZERO,NORMAL,FALSE,NORMAL
FALSE,FALSE,NORMAL,TRUE,HIGH,FALSE,HIGH,NORMAL,NORMAL,NORMAL,NORMAL,LOW,HIGH,NORMAL,NORMAL,FALSE,NORMAL,NORMAL,NORMAL,LOW,ZERO,FALSE,LOW,ZERO,LOW,HIGH,TRUE,FALSE,HIGH,LOW,LOW,FALSE,HIGH,ZERO,LOW,FALSE,NORMAL
FALSE,FALSE,NORMAL,FALSE,HIGH,FALSE,LOW,LOW,NORMAL,HIGH,NORMAL,LOW,NORMAL,NORMAL,NORMAL,FALSE,NORMAL,NORMAL,HIGH,NORMAL,ZERO,FALSE,LOW,ZERO,LOW,LOW,FALSE,FALSE,LOW,NORMAL,LOW,FALSE,NORMAL,ZERO,NORMAL,FALSE,NORMAL
FALSE,FALSE,NORMAL,FALSE,HIGH,FALSE,HIGH,HIGH,LOW,LOW,NORMAL,LOW,HIGH,HIGH,NORMAL,FALSE,NORMAL,NORMAL,NORMAL,NORMAL,ZERO,FALSE,LOW,ZERO,LOW,HIGH,FALSE,FALSE,HIGH,NORMAL,LOW,FALSE,HIGH,ZERO,NORMAL,TRUE,NORMAL
FALSE,FALSE,NORMAL,FALSE,HIGH,FALSE,HIGH,HIGH,NORMAL,LOW,NORMAL,LOW,HIGH,NORMAL,NORMAL,FALSE,HIGH,NORMAL,LOW,HIGH,ZERO,FALSE,LOW,ZERO,LOW,HIGH,FALSE,TRUE,HIGH,HIGH,LOW,FALSE,HIGH,ZERO,LOW,FALSE,HIGH
FALSE,TRUE,NORMAL,FALSE,HIGH,FALSE,LOW,HIGH,NORMAL,LOW,NORMAL,LOW,HIGH,LOW,NORMAL,FALSE,HIGH,NORMAL,NORMAL,NORMAL,ZERO,FALSE,LOW,ZERO,LOW,LOW,FALSE,TRUE,LOW,HIGH,LOW,FALSE,NORMAL,ZERO,LOW,FALSE,NORMAL
FALSE,FALSE,NORMAL,FALSE,HIGH,FALSE,HIGH,NORMAL,NORMAL,NORMAL,NORMAL,LOW,HIGH,HIGH,NORMAL,FALSE,NORMAL,NORMAL,NORMAL,NORMAL,ZERO,FALSE,LOW,ZERO,LOW,HIGH,FALSE,FALSE,HIGH,NORMAL,LOW,FALSE,HIGH,ZERO,HIGH,FALSE,NORMAL
FALSE,FALSE,NORMAL,FALSE,HIGH,FALSE,HIGH,HIGH,NORMAL,LOW,NORMAL,LOW,HIGH,LOW,NORMAL,FALSE,NORMAL,NORMAL,NORMAL,HIGH,HIGH,FALSE,LOW,LOW,HIGH,HIGH,FALSE,FALSE,HIGH,HIGH,LOW,FALSE,HIGH,LOW,LOW,FALSE,NORMAL
FALSE,FALSE,NORMAL,TRUE,HIGH,FALSE,HIGH,NORMAL,NORMAL,NORMAL,NORMAL,LOW,HIGH,HIGH,NORMAL,FALSE,NORMAL,NORMAL,NORMAL,NORMAL,ZERO,FALSE,LOW,ZERO,LOW,HIGH,FALSE,FALSE,HIGH,NORMAL,LOW,FALSE,HIGH,ZERO,NORMAL,FALSE,NORMAL
FALSE,FALSE,NORMAL,TRUE,HIGH,FALSE,HIGH,LOW,NORMAL,LOW,NORMAL,LOW,HIGH,LOW,NORMAL,FALSE,LOW,NORMAL,NORMAL,LOW,ZERO,FALSE,LOW,ZERO,LOW,HIGH,TRUE,FALSE,HIGH,LOW,LOW,FALSE,HIGH,ZERO,LOW,FALSE,NORMAL
FALSE,FALSE,NORMAL,FALSE,HIGH,FALSE,HIGH,HIGH,NORMAL,LOW,LOW,ZERO,HIGH,HIGH,NORMAL,FALSE,NORMAL,LOW,LOW,NORMAL,ZERO,FALSE,LOW,ZERO,LOW,HIGH,FALSE,FALSE,HIGH,NORMAL,LOW,FALSE,HIGH,ZERO,NORMAL,FALSE,NORMAL
FALSE,FALSE,NORMAL,FALSE,HIGH,FALSE,HIGH,HIGH,LOW,HIGH,NORMAL,NORMAL,HIGH,HIGH,NORMAL,FALSE,NORMAL,NORMAL,NORMAL,NORMAL,HIGH,FALSE,LOW,LOW,HIGH,HIGH,FALSE,FALSE,HIGH,NORMAL,LOW,FALSE,HIGH,LOW,NORMAL,FALSE,NORMAL
FALSE,FALSE,NORMAL,FALSE,HIGH,FALSE,HIGH,HIGH,NORMAL,HIGH,NORMAL,LOW,HIGH,HIGH,ONESIDED,FALSE,NORMAL,NORMAL,HIGH,NORMAL,LOW,FALSE,LOW,ZERO,NORMAL,HIGH,FALSE,FALSE,HIGH,NORMAL,LOW,FALSE,HIGH,LOW,NORMAL,FALSE,HIGH
TRUE,FALSE,HIGH,FALSE,HIGH,FALSE,HIGH,HIGH,NORMAL,NORMAL,ZERO,ZERO,HIGH,LOW,NORMAL,FALSE,HIGH,NORMAL,HIGH,NORMAL,ZERO,FALSE,LOW,ZERO,LOW,HIGH,FALSE,TRUE,HIGH,HIGH,LOW,FALSE,HIGH,ZERO,LOW,FALSE,NORMAL
FALSE,FALSE,NORMAL,FALSE,HIGH,FALSE,HIGH,NORMAL,NORMAL,LOW,NORMAL,LOW,HIGH,HIGH,NORMAL,FALSE,NORMAL,NORMAL,LOW,NORMAL,ZERO,FALSE,LOW,ZERO,LOW,HIGH,FALSE,FALSE,HIGH,NORMAL,LOW,FALSE,HIGH,ZERO,NORMAL,FALSE,NORMAL
FALSE,FALSE,NORMAL,FALSE,LOW,TRUE,HIGH,LOW,NORMAL,HIGH,HIGH,HIGH,HIGH,HIGH,NORMAL,FALSE,NORMAL,NORMAL,NORMAL,NORMAL,LOW,FALSE,HIGH,HIGH,LOW,NORMAL,FALSE,FALSE,NORMAL,NORMAL,LOW,FALSE,HIGH,HIGH,NORMAL,FALSE,HIGH
FALSE,FALSE,NORMAL,FALSE,HIGH,FALSE,HIGH,HIGH,NORMAL,HIGH,NORMAL,LOW,HIGH,HIGH,NORMAL,FALSE,NORMAL,NORMAL,NORMAL,NORMAL,ZERO,FALSE,LOW,ZERO,LOW,HIGH,FALSE,FALSE,HIGH,NORMAL,LOW,FALSE,HIGH,ZERO,NORMAL,FALSE,NORMAL
FALSE,FALSE,NORMAL,TRUE,HIGH,FALSE,HIGH,NORMAL,NORMAL,LOW,NORMAL,LOW,HIGH,LOW,NORMAL,FALSE,LOW,NORMAL,NORMAL,LOW,ZERO,FALSE,LOW,ZERO,LOW,HIGH,TRUE,FALSE,HIGH,LOW,LOW,FALSE,HIGH,ZERO,LOW,FALSE,NORMAL
FALSE,FALSE,NORMAL,FALSE,HIGH,FALSE,HIGH,LOW,NORMAL,HIGH,NORMAL,LOW,HIGH,HIGH,NORMAL,FALSE,NORMAL,NORMAL,NORMAL,NORMAL,ZERO,FALSE,LOW,ZERO,LOW,HIGH,FALSE,FALSE,HIGH,NORMAL,LOW,FALSE,HIGH,ZERO,NORMAL,FALSE,NORMAL
FALSE,FALSE,NORMAL,FALSE,HIGH,FALSE,LOW,HIGH,NORMAL,NORMAL,NORMAL,LOW,NORMAL,LOW,NORMAL,FALSE,NORMAL,NORMAL,HIGH,NORMAL,ZERO,FALSE,NORMAL,ZERO,LOW,LOW,FALSE,FALSE,LOW,NORMAL,NORMAL,FALSE,NORMAL,ZERO,LOW,FALSE,NORMAL
FALSE,FALSE,NORMAL,FALSE,HIGH,FALSE,LOW,LOW,NORMAL,LOW,NORMAL,LOW,HIGH,LOW,NORMAL,FALSE,HIGH,NORMAL,NORMAL,NORMAL,ZERO,FALSE,LOW,ZERO,LOW,LOW,FALSE,TRUE,LOW,HIGH,LOW,FALSE,NORMAL,ZERO,LOW,FALSE,NORMAL
FALSE,TRUE,NORMAL,FALSE,HIGH,FALSE,LOW,HIGH,NORMAL,HIGH,NORMAL,LOW,NORMAL,NORMAL,NORMAL,FALSE,NORMAL,NORMAL,HIGH,NORMAL,ZERO,FALSE,LOW,ZERO,LOW,LOW,FALSE,FALSE,LOW,NORMAL,LOW,FALSE,NORMAL,ZERO,NORMAL,FALSE,NORMAL
TRUE,FALSE,NORMAL,FALSE,NORMAL,FALSE,HIGH,HIGH,NORMAL,HIGH,NORMAL,ZERO,NORMAL,HIGH,NORMAL,FALSE,NORMAL,NORMAL,HIGH,NORMAL,LOW,FALSE,HIGH,HIGH,ZERO,HIGH,FALSE,FALSE,HIGH,NORMAL,HIGH,FALSE,HIGH,HIGH,NORMAL,FALSE,NORMAL
TRUE,FALSE,NORMAL,FALSE,NORMAL,FALSE,LOW,LOW,NORMAL,NORMAL,LOW,ZERO,HIGH,NORMAL,ONESIDED,FALSE,NORMAL,LOW,NORMAL,NORMAL,ZERO,FALSE,LOW,NORMAL,LOW,LOW,FALSE,FALSE,LOW,NORMAL,LOW,FALSE,NORMAL,NORMAL,NORMAL,FALSE,NORMAL
FALSE,FALSE,NORMAL,TRUE,HIGH,FALSE,HIGH,HIGH,NORMAL,LOW,NORMAL,LOW,HIGH,LOW,ESOPHAGEAL,FALSE,LOW,NORMAL,HIGH,LOW,LOW,FALSE,LOW,ZERO,NORMAL,HIGH,TRUE,TRUE,HIGH,LOW,LOW,FALSE,HIGH,ZERO,LOW,FALSE,NORMAL
FALSE,FALSE,NORMAL,FALSE,HIGH,FALSE,HIGH,NORMAL,LOW,LOW,NORMAL,LOW,HIGH,LOW,NORMAL,FALSE,NORMAL,NORMAL,LOW,NORMAL,ZERO,FALSE,LOW,ZERO,LOW,HIGH,FALSE,FALSE,HIGH,NORMAL,LOW,FALSE,HIGH,ZERO,NORMAL,FALSE,NORMAL
FALSE,TRUE,NORMAL,FALSE,LOW,FALSE,HIGH,HIGH,NORMAL,HIGH,HIGH,HIGH,HIGH,HIGH,ESOPHAGEAL,FALSE,NORMAL,NORMAL,NORMAL,NORMAL,NORMAL,FALSE,HIGH,LOW,NORMAL,HIGH,FALSE,FALSE,HIGH,NORMAL,HIGH,FALSE,HIGH,HIGH,NORMAL,FALSE,NORMAL
FALSE,FALSE,NORMAL,FALSE,HIGH,FALSE,HIGH,HIGH,NORMAL,LOW,NORMAL,LOW,HIGH,HIGH,NORMAL,FALSE,NORMAL,NORMAL,LOW,NORMAL,ZERO,FALSE,LOW,ZERO,NORMAL,HIGH,FALSE,FALSE,HIGH,NORMAL,LOW,FALSE,HIGH,ZERO,NORMAL,FALSE,NORMAL
FALSE,FALSE,NORMAL,FALSE,LOW,FALSE,HIGH,HIGH,NORMAL,HIGH,LOW,ZERO,HIGH,HIGH,NORMAL,FALSE,NORMAL,LOW,NORMAL,NORMAL,LOW,FALSE,HIGH,HIGH,LOW,HIGH,FALSE,FALSE,HIGH,NORMAL,HIGH,FALSE,HIGH,HIGH,NORMAL,FALSE,NORMAL
FALSE,TRUE,NORMAL,FALSE,HIGH,FALSE,HIGH,LOW,NORMAL,HIGH,NORMAL,LOW,HIGH,HIGH,NORMAL,FALSE,NORMAL,NORMAL,HIGH,NORMAL,ZERO,FALSE,LOW,ZERO,LOW,HIGH,FALSE,FALSE,HIGH,NORMAL,LOW,FALSE,HIGH,ZERO,NORMAL,FALSE,NORMAL
FALSE,FALSE,NORMAL,FALSE,NORMAL,FALSE,HIGH,HIGH,NORMAL,HIGH,NORMAL,LOW,HIGH,HIGH,ONESIDED,FALSE,NORMAL,NORMAL,NORMAL,NORMAL,ZERO,FALSE,LOW,NORMAL,LOW,HIGH,FALSE,FALSE,HIGH,NORMAL,LOW,FALSE,HIGH,NORMAL,NORMAL,FALSE,HIGH
FALSE,FALSE,NORMAL,FALSE,HIGH,FALSE,HIGH,LOW,NORMAL,HIGH,NORMAL,LOW,HIGH,HIGH,NORMAL,FALSE,LOW,NORMAL,NORMAL,NORMAL,ZERO,FALSE,LOW,ZERO,LOW,HIGH,FALSE,FALSE,HIGH,NORMAL,LOW,FALSE,HIGH,ZERO,NORMAL,FALSE,NORMAL
FALSE,FALSE,NORMAL,FALSE,HIGH,FALSE,HIGH,HIGH,NORMAL,NORMAL,NORMAL,LOW,HIGH,NORMAL,NORMAL,FALSE,HIGH,NORMAL,NORMAL,NORMAL,ZERO,FALSE,LOW,ZERO,LOW,HIGH,FALSE,TRUE,HIGH,HIGH,LOW,FALSE,HIGH,ZERO,LOW,FALSE,NORMAL
FALSE,FALSE,NORMAL,FALSE,HIGH,FALSE,HIGH,LOW,NORMAL,NORMAL,NORMAL,LOW,HIGH,HIGH,NORMAL,FALSE,NORMAL,NORMAL,NORMAL,NORMAL,ZERO,FALSE,LOW,ZERO,LOW,HIGH,FALSE,FALSE,HIGH,NORMAL,LOW,FALSE,HIGH,ZERO,NORMAL,FALSE,NORMAL
FALSE,FALSE,NORMAL,TRUE,HIGH,FALSE,HIGH,HIGH,NORMAL,HIGH,NORMAL,LOW,HIGH,HIGH,ONESIDED,FALSE,NORMAL,NORMAL,NORMAL,NORMAL,LOW,FALSE,LOW,ZERO,NORMAL,HIGH,FALSE,FALSE,HIGH,NORMAL,LOW,FALSE,HIGH,LOW,NORMAL,FALSE,HIGH
FALSE,FALSE,NORMAL,FALSE,HIGH,FALSE,HIGH,HIGH,NORMAL,NORMAL,NORMAL,NORMAL,HIGH,HIGH,NORMAL,FALSE,NORMAL,NORMAL,NORMAL,NORMAL,HIGH,FALSE,LOW,LOW,HIGH,HIGH,FALSE,FALSE,HIGH,NORMAL,LOW,FALSE,HIGH,LOW,NORMAL,FALSE,NORMAL
FALSE,TRUE,NORMAL,FALSE,HIGH,FALSE,HIGH,LOW,NORMAL,HIGH,NORMAL,LOW,HIGH,HIGH,NORMAL,FALSE,NORMAL,NORMAL,NORMAL,NORMAL,ZERO,FALSE,LOW,ZERO,LOW,HIGH,FALSE,FALSE,HIGH,NORMAL,LOW,FALSE,HIGH,ZERO,NORMAL,FALSE,NORMAL
FALSE,TRUE,NORMAL,FALSE,HIGH,FALSE,LOW,NORMAL,NORMAL,LOW,NORMAL,LOW,HIGH,LOW,NORMAL,FALSE,HIGH,NORMAL,NORMAL,NORMAL,ZERO,FALSE,LOW,ZERO,LOW,LOW,FALSE,TRUE,LOW,HIGH,LOW,FALSE,NORMAL,ZERO,LOW,FALSE,NORMAL
FALSE,FALSE,LOW,FALSE,HIGH,FALSE,LOW,LOW,NORMAL,HIGH,NORMAL,LOW,HIGH,HIGH,NORMAL,FALSE,HIGH,NORMAL,HIGH,NORMAL,ZERO,FALSE,LOW,ZERO,LOW,HIGH,FALSE,TRUE,HIGH,HIGH,LOW,FALSE,HIGH,ZERO,NORMAL,FALSE,NORMAL
FALSE,FALSE,NORMAL,FALSE,HIGH,TRUE,LOW,HIGH,NORMAL,NORMAL,NORMAL,LOW,HIGH,HIGH,NORMAL,FALSE,NORMAL,NORMAL,NORMAL,NORMAL,NORMAL,FALSE,LOW,ZERO,ZERO,NORMAL,FALSE,FALSE,NORMAL,NORMAL,LOW,FALSE,HIGH,NORMAL,NORMAL,FALSE,NORMAL
FALSE,FALSE,NORMAL,FALSE,HIGH,FALSE,HIGH,HIGH,NORMAL,HIGH,NORMAL,LOW,HIGH,HIGH,NORMAL,FALSE,NORMAL,NORMAL,NORMAL,NORMAL,ZERO,FALSE,LOW,ZERO,LOW,HIGH,FALSE,FALSE,HIGH,NORMAL,LOW,FALSE,HIGH,ZERO,NORMAL,FALSE,NORMAL
FALSE,FALSE,NORMAL,FALSE,HIGH,FALSE,HIGH,NORMAL,NORMAL,NORMAL,NORMAL,LOW,HIGH,NORMAL,NORMAL,FALSE,LOW,NORMAL,NORMAL,LOW,ZERO,FALSE,LOW,ZERO,LOW,HIGH,FALSE,FALSE,HIGH,LOW,LOW,FALSE,HIGH,ZERO,NORMAL,FALSE,NORMAL
FALSE,FALSE,NORMAL,TRUE,HIGH,FALSE,HIGH,LOW,LOW,LOW,NORMAL,LOW,HIGH,LOW,NORMAL,FALSE,LOW,NORMAL,NORMAL,LOW,ZERO,FALSE,LOW,ZERO,LOW,HIGH,TRUE,FALSE,HIGH,LOW,LOW,FALSE,HIGH,ZERO,LOW,FALSE,NORMAL
FALSE,FALSE,LOW,FALSE,HIGH,TRUE,HIGH,HIGH,NORMAL,HIGH,NORMAL,LOW,HIGH,HIGH,NORMAL,FALSE,LOW,NORMAL,HIGH,NORMAL,ZERO,FALSE,LOW,ZERO,LOW,NORMAL,FALSE,FALSE,NORMAL,NORMAL,LOW,FALSE,HIGH,ZERO,NORMAL,FALSE,NORMAL
FALSE,FALSE,NORMAL,FALSE,HIGH,FALSE,HIGH,LOW,NORMAL,HIGH,NORMAL,LOW,HIGH,HIGH,NORMAL,FALSE,NORMAL,NORMAL,NORMAL,NORMAL,ZERO,FALSE,LOW,ZERO,NORMAL,HIGH,FALSE,FALSE,HIGH,NORMAL,LOW,FALSE,HIGH,ZERO,NORMAL,FALSE,NORMAL
FALSE,FALSE,NORMAL,FALSE,HIGH,FALSE,LOW,HIGH,NORMAL,HIGH,NORMAL,LOW,HIGH,HIGH,NORMAL,FALSE,NORMAL,NORMAL,NORMAL,NORMAL,ZERO,FALSE,LOW,ZERO,LOW,LOW,FALSE,FALSE,LOW,NORMAL,LOW,FALSE,NORMAL,ZERO,HIGH,FALSE,HIGH
FALSE,FALSE,NORMAL,FALSE,HIGH,FALSE,HIGH,LOW,NORMAL,LOW,NORMAL,LOW,HIGH,LOW,NORMAL,FALSE,LOW,NORMAL,NORMAL,NORMAL,ZERO,FALSE,LOW,ZERO,LOW,HIGH,FALSE,TRUE,HIGH,NORMAL,LOW,FALSE,HIGH,ZERO,LOW,FALSE,NORMAL
FALSE,FALSE,NORMAL,FALSE,HIGH,FALSE,HIGH,NORMAL,NORMAL,HIGH,NORMAL,LOW,HIGH,HIGH,NORMAL,FALSE,NORMAL,NORMAL,HIGH,NORMAL,ZERO,FALSE,LOW,ZERO,LOW,HIGH,FALSE,FALSE,HIGH,NORMAL,LOW,FALSE,HIGH,ZERO,NORMAL,FALSE,NORMAL
FALSE,FALSE,NORMAL,FALSE,NORMAL,FALSE,HIGH,LOW,NORMAL,HIGH,NORMAL,LOW,HIGH,HIGH,NORMAL,FALSE,HIGH,NORMAL,NORMAL,NORMAL,ZERO,FALSE,LOW,ZERO,LOW,HIGH,FALSE,FALSE,HIGH,HIGH,LOW,FALSE,HIGH,ZERO,NORMAL,FALSE,NORMAL
FALSE,FALSE,NORMAL,FALSE,HIGH,FALSE,HIGH,HIGH,NORMAL,LOW,NORMAL,LOW,HIGH,LOW,NORMAL,FALSE,LOW,NORMAL,NORMAL,LOW,ZERO,FALSE,LOW,ZERO,LOW,HIGH,TRUE,FALSE,HIGH,LOW,LOW,FALSE,HIGH,ZERO,LOW,FALSE,NORMAL
FALSE,FALSE,NORMAL,TRUE,HIGH,FALSE,LOW,LOW,NORMAL,LOW,NORMAL,LOW,HIGH,LOW,NORMAL,FALSE,LOW,NORMAL,NORMAL,LOW,ZERO,FALSE,LOW,ZERO,LOW,LOW,TRUE,FALSE,LOW,LOW,LOW,FALSE,NORMAL,ZERO,LOW,FALSE,NORMAL
FALSE,FALSE,NORMAL,FALSE,HIGH,TRUE,HIGH,LOW,NORMAL,HIGH,ZERO,ZERO,HIGH,HIGH,ESOPHAGEAL,FALSE,NORMAL,HIGH,NORMAL,NORMAL,ZERO,FALSE,LOW,LOW,LOW,NORMAL,FALSE,FALSE,NORMAL,NORMAL,LOW,FALSE,HIGH,LOW,NORMAL,TRUE,NORMAL
FALSE,FALSE,NORMAL,FALSE,LOW,FALSE,HIGH,HIGH,NORMAL,LOW,NORMAL,LOW,HIGH,HIGH,NORMAL,FALSE,NORMAL,NORMAL,LOW,NORMAL,LOW,FALSE,HIGH,HIGH,LOW,HIGH,FALSE,FALSE,HIGH,NORMAL,HIGH,FALSE,HIGH,HIGH,NORMAL,FALSE,NORMAL
FALSE,FALSE,NORMAL,FALSE,HIGH,FALSE,HIGH,HIGH,NORMAL,NORMAL,NORMAL,LOW,HIGH,HIGH,NORMAL,FALSE,NORMAL,NORMAL,LOW,NORMAL,ZERO,FALSE,LOW,ZERO,LOW,HIGH,FALSE,FALSE,HIGH,NORMAL,LOW,FALSE,HIGH,ZERO,NORMAL,FALSE,NORMAL
FALSE,FALSE,NORMAL,FALSE,HIGH,FALSE,LOW,NORMAL,NORMAL,LOW,NORMAL,LOW,HIGH,LOW,NORMAL,FALSE,NORMAL,NORMAL,NORMAL,NORMAL,ZERO,FALSE,LOW,ZERO,LOW,LOW,FALSE,FALSE,LOW,NORMAL,LOW,FALSE,NORMAL,ZERO,LOW,FALSE,NORMAL
FALSE,FALSE,NORMAL,FALSE,HIGH,FALSE,LOW,HIGH,NORMAL,NORMAL,NORMAL,LOW,HIGH,NORMAL,NORMAL,FALSE,NORMAL,NORMAL,NORMAL,NORMAL,ZERO,FALSE,LOW,ZERO,LOW,LOW,FALSE,FALSE,LOW,NORMAL,LOW,FALSE,NORMAL,ZERO,NORMAL,FALSE,NORMAL
FALSE,FALSE,NORMAL,FALSE,HIGH,FALSE,HIGH,NORMAL,NORMAL,LOW,NORMAL,LOW,HIGH,HIGH,NORMAL,FALSE,NORMAL,NORMAL,LOW,NORMAL,ZERO,FALSE,LOW,ZERO,LOW,HIGH,FALSE,FALSE,HIGH,NORMAL,LOW,FALSE,HIGH,ZERO,NORMAL,FALSE,NORMAL
FALSE,FALSE,HIGH,FALSE,HIGH,FALSE,HIGH,NORMAL,NORMAL,HIGH,NORMAL,LOW,HIGH,HIGH,NORMAL,FALSE,HIGH,NORMAL,NORMAL,HIGH,ZERO,FALSE,LOW,ZERO,LOW,HIGH,FALSE,TRUE,HIGH,HIGH,LOW,FALSE,HIGH,ZERO,NORMAL,FALSE,NORMAL
FALSE,FALSE,NORMAL,FALSE,HIGH,FALSE,HIGH,NORMAL,NORMAL,HIGH,NORMAL,LOW,HIGH,HIGH,NORMAL,FALSE,NORMAL,NORMAL,NORMAL,NORMAL,ZERO,FALSE,LOW,ZERO,LOW,HIGH,FALSE,FALSE,HIGH,NORMAL,LOW,FALSE,HIGH,ZERO,NORMAL,FALSE,NORMAL
FALSE,FALSE,NORMAL,FALSE,HIGH,FALSE,HIGH,NORMAL,NORMAL,LOW,NORMAL,LOW,HIGH,NORMAL,NORMAL,FALSE,HIGH,NORMAL,LOW,HIGH,ZERO,FALSE,LOW,ZERO,LOW,HIGH,FALSE,TRUE,HIGH,HIGH,LOW,FALSE,HIGH,ZERO,NORMAL,FALSE,NORMAL
TRUE,FALSE,NORMAL,FALSE,HIGH,FALSE,HIGH,ZERO,NORMAL,LOW,NORMAL,ZERO,HIGH,NORMAL,NORMAL,FALSE,HIGH,NORMAL,LOW,HIGH,ZERO,FALSE,LOW,ZERO,LOW,HIGH,FALSE,TRUE,HIGH,HIGH,LOW,FALSE,HIGH,ZERO,LOW,TRUE,NORMAL
FALSE,FALSE,NORMAL,FALSE,HIGH,FALSE,LOW,HIGH,LOW,LOW,NORMAL,LOW,HIGH,LOW,NORMAL,FALSE,HIGH,NORMAL,NORMAL,HIGH,ZERO,FALSE,LOW,ZERO,LOW,LOW,FALSE,TRUE,LOW,HIGH,HIGH,FALSE,NORMAL,ZERO,LOW,FALSE,NORMAL
FALSE,FALSE,NORMAL,FALSE,HIGH,FALSE,HIGH,HIGH,NORMAL,HIGH,NORMAL,LOW,HIGH,HIGH,NORMAL,FALSE,LOW,NORMAL,NORMAL,NORMAL,ZERO,FALSE,LOW,ZERO,LOW,HIGH,FALSE,FALSE,HIGH,NORMAL,LOW,FALSE,HIGH,ZERO,NORMAL,FALSE,NORMAL
TRUE,FALSE,NORMAL,FALSE,NORMAL,FALSE,HIGH,HIGH,NORMAL,LOW,NORMAL,ZERO,HIGH,LOW,NORMAL,FALSE,HIGH,NORMAL,NORMAL,HIGH,LOW,FALSE,LOW,HIGH,ZERO,HIGH,FALSE,TRUE,HIGH,HIGH,LOW,FALSE,HIGH,NORMAL,LOW,FALSE,NORMAL
FALSE,TRUE,LOW,FALSE,LOW,FALSE,LOW,LOW,NORMAL,HIGH,HIGH,HIGH,NORMAL,NORMAL,NORMAL,FALSE,LOW,HIGH,HIGH,LOW,LOW,FALSE,HIGH,HIGH,LOW,LOW,FALSE,FALSE,LOW,LOW,HIGH,FALSE,NORMAL,HIGH,NORMAL,FALSE,NORMAL
FALSE,FALSE,NORMAL,FALSE,HIGH,FALSE,HIGH,NORMAL,LOW,HIGH,NORMAL,LOW,HIGH,HIGH,NORMAL,FALSE,HIGH,NORMAL,HIGH,HIGH,ZERO,FALSE,LOW,ZERO,LOW,HIGH,FALSE,TRUE,HIGH,HIGH,LOW,FALSE,HIGH,ZERO,NORMAL,FALSE,NORMAL
FALSE,FALSE,NORMAL,FALSE,HIGH,FALSE,HIGH,HIGH,NORMAL,NORMAL,NORMAL,LOW,HIGH,NORMAL,NORMAL,FALSE,HIGH,NORMAL,NORMAL,NORMAL,ZERO,FALSE,LOW,ZERO,LOW,HIGH,FALSE,TRUE,HIGH,HIGH,LOW,FALSE,HIGH,ZERO,LOW,FALSE,NORMAL
FALSE,FALSE,NORMAL,FALSE,HIGH,FALSE,HIGH,HIGH,NORMAL,LOW,NORMAL,LOW,HIGH,HIGH,NORMAL,FALSE,HIGH,NORMAL,LOW,HIGH,ZERO,FALSE,LOW,ZERO,LOW,HIGH,FALSE,FALSE,HIGH,HIGH,LOW,FALSE,HIGH,ZERO,NORMAL,FALSE,NORMAL
FALSE,FALSE,NORMAL,FALSE,HIGH,FALSE,HIGH,NORMAL,NORMAL,LOW,NORMAL,LOW,HIGH,HIGH,NORMAL,FALSE,NORMAL,NORMAL,LOW,NORMAL,ZERO,FALSE,LOW,ZERO,LOW,HIGH,FALSE,FALSE,HIGH,NORMAL,LOW,FALSE,HIGH,ZERO,NORMAL,TRUE,NORMAL
FALSE,FALSE,NORMAL,FALSE,HIGH,FALSE,HIGH,HIGH,NORMAL,HIGH,NORMAL,LOW,HIGH,HIGH,NORMAL,FALSE,NORMAL,NORMAL,NORMAL,NORMAL,ZERO,FALSE,LOW,ZERO,LOW,HIGH,FALSE,FALSE,HIGH,NORMAL,LOW,FALSE,HIGH,ZERO,NORMAL,FALSE,NORMAL
FALSE,FALSE,NORMAL,FALSE,HIGH,FALSE,HIGH,LOW,NORMAL,HIGH,NORMAL,LOW,HIGH,HIGH,NORMAL,FALSE,HIGH,NORMAL,NORMAL,NORMAL,ZERO,FALSE,LOW,ZERO,LOW,HIGH,FALSE,TRUE,HIGH,HIGH,LOW,FALSE,HIGH,ZERO,NORMAL,FALSE,NORMAL
FALSE,FALSE,NORMAL,FALSE,HIGH,FALSE,HIGH,LOW,LOW,LOW,NORMAL,LOW,HIGH,HIGH,NORMAL,FALSE,NORMAL,NORMAL,LOW,NORMAL,ZERO,FALSE,LOW,ZERO,LOW,HIGH,FALSE,FALSE,HIGH,NORMAL,LOW,FALSE,HIGH,ZERO,NORMAL,FALSE,NORMAL
FALSE,FALSE,NORMAL,FALSE,HIGH,TRUE,LOW,HIGH,NORMAL,LOW,NORMAL,LOW,HIGH,NORMAL,NORMAL,FALSE,NORMAL,NORMAL,LOW,NORMAL,ZERO,FALSE,LOW,ZERO,LOW,NORMAL,FALSE,FALSE,LOW,NORMAL,LOW,FALSE,NORMAL,ZERO,NORMAL,FALSE,NORMAL
TRUE,FALSE,NORMAL,FALSE,HIGH,FALSE,HIGH,HIGH,NORMAL,NORMAL,NORMAL,ZERO,HIGH,LOW,NORMAL,FALSE,HIGH,NORMAL,HIGH,HIGH,ZERO,FALSE,LOW,ZERO,LOW,HIGH,FALSE,TRUE,HIGH,HIGH,NORMAL,FALSE,HIGH,ZERO,LOW,FALSE,NORMAL
FALSE,FALSE,NORMAL,FALSE,HIGH,FALSE,HIGH,HIGH,NORMAL,HIGH,LOW,ZERO,HIGH,HIGH,NORMAL,FALSE,NORMAL,LOW,HIGH,NORMAL,ZERO,FALSE,LOW,ZERO,LOW,HIGH,FALSE,FALSE,HIGH,NORMAL,LOW,FALSE,HIGH,ZERO,NORMAL,FALSE,NORMAL
FALSE,TRUE,NORMAL,FALSE,HIGH,FALSE,HIGH,HIGH,NORMAL,HIGH,NORMAL,LOW,HIGH,HIGH,NORMAL,FALSE,NORMAL,NORMAL,NORMAL,NORMAL,ZERO,FALSE,LOW,ZERO,LOW,HIGH,FALSE,FALSE,HIGH,NORMAL,LOW,FALSE,HIGH,ZERO,NORMAL,FALSE,NORMAL
FALSE,FALSE,NORMAL,FALSE,HIGH,FALSE,HIGH,HIGH,NORMAL,LOW,NORMAL,LOW,HIGH,HIGH,ONESIDED,FALSE,HIGH,NORMAL,LOW,NORMAL,LOW,FALSE,LOW,LOW,NORMAL,HIGH,FALSE,FALSE,HIGH,HIGH,LOW,FALSE,HIGH,LOW,NORMAL,FALSE,HIGH
FALSE,FALSE,NORMAL,FALSE,HIGH,FALSE,HIGH,HIGH,NORMAL,HIGH,LOW,ZERO,HIGH,HIGH,NORMAL,FALSE,LOW,NORMAL,NORMAL,NORMAL,ZERO,FALSE,LOW,ZERO,LOW,HIGH,FALSE,FALSE,HIGH,NORMAL,LOW,FALSE,HIGH,ZERO,NORMAL,FALSE,NORMAL
FALSE,FALSE,NORMAL,FALSE,HIGH,FALSE,HIGH,HIGH,NORMAL,HIGH,NORMAL,LOW,HIGH,HIGH,NORMAL,FALSE,NORMAL,NORMAL,NORMAL,NORMAL,ZERO,FALSE,LOW,ZERO,LOW,HIGH,FALSE,FALSE,HIGH,NORMAL,LOW,FALSE,HIGH,ZERO,NORMAL,FALSE,NORMAL
TRUE,FALSE,NORMAL,FALSE,LOW,FALSE,HIGH,HIGH,NORMAL,HIGH,NORMAL,ZERO,NORMAL,HIGH,NORMAL,FALSE,NORMAL,NORMAL,HIGH,NORMAL,LOW,FALSE,HIGH,HIGH,LOW,HIGH,FALSE,FALSE,HIGH,NORMAL,HIGH,FALSE,HIGH,HIGH,NORMAL,FALSE,NORMAL
FALSE,TRUE,NORMAL,FALSE,HIGH,FALSE,NORMAL,HIGH,NORMAL,HIGH,NORMAL,ZERO,HIGH,HIGH,NORMAL,FALSE,NORMAL,NORMAL,NORMAL,NORMAL,ZERO,FALSE,LOW,ZERO,LOW,LOW,FALSE,FALSE,HIGH,NORMAL,LOW,FALSE,HIGH,ZERO,NORMAL,FALSE,HIGH
FALSE,FALSE,NORMAL,FALSE,HIGH,FALSE,NORMAL,HIGH,NORMAL,NORMAL,LOW,ZERO,HIGH,NORMAL,NORMAL,FALSE,NORMAL,LOW,NORMAL,NORMAL,HIGH,FALSE,LOW,LOW,HIGH,LOW,FALSE,FALSE,LOW,NORMAL,LOW,FALSE,NORMAL,LOW,NORMAL,FALSE,NORMAL
FALSE,FALSE,NORMAL,TRUE,HIGH,FALSE,HIGH,HIGH,NORMAL,LOW,NORMAL,LOW,HIGH,LOW,NORMAL,FALSE,LOW,NORMAL,LOW,LOW,ZERO,FALSE,LOW,NORMAL,LOW,HIGH,TRUE,FALSE,HIGH,LOW,LOW,FALSE,HIGH,ZERO,LOW,FALSE,NORMAL
FALSE,FALSE,NORMAL,TRUE,HIGH,FALSE,HIGH,HIGH,NORMAL,HIGH,NORMAL,LOW,HIGH,HIGH,NORMAL,FALSE,NORMAL,NORMAL,HIGH,NORMAL,ZERO,FALSE,LOW,ZERO,LOW,HIGH,FALSE,FALSE,HIGH,NORMAL,LOW,FALSE,HIGH,ZERO,NORMAL,FALSE,NORMAL
FALSE,FALSE,NORMAL,FALSE,NORMAL,FALSE,LOW,HIGH,NORMAL,NORMAL,ZERO,ZERO,NORMAL,LOW,NORMAL,FALSE,HIGH,NORMAL,HIGH,NORMAL,LOW,FALSE,HIGH,HIGH,ZERO,LOW,FALSE,TRUE,LOW,HIGH,HIGH,FALSE,NORMAL,HIGH,LOW,FALSE,NORMAL
FALSE,FALSE,NORMAL,FALSE,NORMAL,FALSE,LOW,HIGH,NORMAL,HIGH,NORMAL,LOW,NORMAL,NORMAL,ONESIDED,FALSE,NORMAL,NORMAL,HIGH,NORMAL,ZERO,FALSE,LOW,NORMAL,LOW,LOW,FALSE,FALSE,LOW,NORMAL,LOW,FALSE,NORMAL,NORMAL,NORMAL,FALSE,HIGH
TRUE,FALSE,NORMAL,FALSE,LOW,FALSE,LOW,HIGH,NORMAL,LOW,NORMAL,ZERO,HIGH,LOW,NORMAL,FALSE,NORMAL,NORMAL,LOW,NORMAL,LOW,FALSE,HIGH,HIGH,LOW,LOW,FALSE,FALSE,LOW,NORMAL,HIGH,FALSE,NORMAL,HIGH,NORMAL,FALSE,NORMAL
FALSE,FALSE,NORMAL,FALSE,HIGH,FALSE,HIGH,HIGH,NORMAL,LOW,NORMAL,LOW,HIGH,HIGH,NORMAL,FALSE,NORMAL,NORMAL,LOW,NORMAL,ZERO,FALSE,LOW,ZERO,LOW,LOW,FALSE,FALSE,HIGH,NORMAL,LOW,FALSE,HIGH,ZERO,NORMAL,FALSE,NORMAL
TRUE,FALSE,NORMAL,FALSE,LOW,FALSE,HIGH,HIGH,NORMAL,LOW,NORMAL,ZERO,HIGH,LOW,NORMAL,FALSE,HIGH,NORMAL,LOW,NORMAL,LOW,FALSE,HIGH,HIGH,LOW,HIGH,FALSE,TRUE,HIGH,HIGH,HIGH,FALSE,HIGH,HIGH,LOW,FALSE,NORMAL
TRUE,FALSE,NORMAL,FALSE,HIGH,FALSE,HIGH,ZERO,NORMAL,LOW,NORMAL,ZERO,HIGH,HIGH,ESOPHAGEAL,FALSE,NORMAL,NORMAL,LOW,NORMAL,ZERO,FALSE,LOW,LOW,LOW,HIGH,FALSE,FALSE,HIGH,NORMAL,LOW,FALSE,HIGH,LOW,NORMAL,FALSE,NORMAL
FALSE,FALSE,HIGH,FALSE,HIGH,FALSE,NORMAL,LOW,LOW,HIGH,NORMAL,LOW,HIGH,HIGH,NORMAL,TRUE,NORMAL,NORMAL,NORMAL,NORMAL,ZERO,FALSE,LOW,ZERO,NORMAL,HIGH,FALSE,FALSE,HIGH,NORMAL,HIGH,FALSE,HIGH,ZERO,NORMAL,FALSE,NORMAL
TRUE,FALSE,NORMAL,FALSE,LOW,FALSE,HIGH,HIGH,NORMAL,LOW,NORMAL,ZERO,HIGH,LOW,NORMAL,FALSE,LOW,NORMAL,LOW,LOW,LOW,FALSE,HIGH,HIGH,LOW,HIGH,TRUE,FALSE,HIGH,LOW,HIGH,FALSE,HIGH,HIGH,LOW,FALSE,NORMAL
FALSE,FALSE,NORMAL,FALSE,LOW,FALSE,HIGH,LOW,NORMAL,HIGH,HIGH,HIGH,HIGH,HIGH,NORMAL,FALSE,HIGH,HIGH,NORMAL,HIGH,LOW,FALSE,HIGH,HIGH,LOW,HIGH,FALSE,FALSE,HIGH,HIGH,HIGH,FALSE,HIGH,HIGH,NORMAL,FALSE,NORMAL
FALSE,FALSE,NORMAL,FALSE,LOW,FALSE,LOW,LOW,NORMAL,NORMAL,NORMAL,HIGH,NORMAL,NORMAL,NORMAL,FALSE,NORMAL,NORMAL,HIGH,NORMAL,LOW,FALSE,HIGH,HIGH,LOW,LOW,FALSE,FALSE,LOW,NORMAL,HIGH,FALSE,NORMAL,HIGH,NORMAL,FALSE,NORMAL
FALSE,FALSE,NORMAL,FALSE,LOW,FALSE,HIGH,HIGH,NORMAL,NORMAL,HIGH,ZERO,HIGH,HIGH,NORMAL,FALSE,NORMAL,HIGH,NORMAL,NORMAL,LOW,FALSE,HIGH,HIGH,LOW,HIGH,FALSE,FALSE,HIGH,NORMAL,HIGH,FALSE,HIGH,HIGH,NORMAL,FALSE,NORMAL
FALSE,FALSE,NORMAL,TRUE,HIGH,FALSE,HIGH,HIGH,NORMAL,NORMAL,NORMAL,LOW,HIGH,LOW,NORMAL,FALSE,LOW,NORMAL,HIGH,LOW,ZERO,FALSE,LOW,ZERO,LOW,HIGH,TRUE,FALSE,HIGH,LOW,LOW,FALSE,HIGH,ZERO,LOW,FALSE,NORMAL
FALSE,FALSE,NORMAL,FALSE,NORMAL,FALSE,HIGH,HIGH,NORMAL,LOW,NORMAL,LOW,HIGH,HIGH,ONESIDED,FALSE,NORMAL,NORMAL,LOW,LOW,ZERO,FALSE,LOW,NORMAL,LOW,HIGH,FALSE,FALSE,HIGH,NORMAL,LOW,FALSE,HIGH,NORMAL,NORMAL,FALSE,HIGH
FALSE,FALSE,NORMAL,FALSE,HIGH,FALSE,HIGH,NORMAL,NORMAL,HIGH,NORMAL,LOW,HIGH,HIGH,NORMAL,FALSE,LOW,NORMAL,NORMAL,NORMAL,ZERO,FALSE,LOW,ZERO,LOW,HIGH,FALSE,FALSE,HIGH,NORMAL,LOW,FALSE,HIGH,ZERO,NORMAL,FALSE,NORMAL
FALSE,FALSE,NORMAL,FALSE,HIGH,FALSE,HIGH,HIGH,NORMAL,LOW,NORMAL,LOW,HIGH,HIGH,ESOPHAGEAL,FALSE,NORMAL,NORMAL,NORMAL,NORMAL,ZERO,FALSE,LOW,LOW,LOW,HIGH,FALSE,FALSE,HIGH,NORMAL,LOW,FALSE,HIGH,LOW,NORMAL,FALSE,NORMAL
TRUE,FALSE,NORMAL,FALSE,LOW,FALSE,HIGH,HIGH,NORMAL,NORMAL,LOW,ZERO,HIGH,HIGH,NORMAL,FALSE,NORMAL,NORMAL,LOW,LOW,LOW,FALSE,HIGH,HIGH,LOW,HIGH,FALSE,FALSE,HIGH,NORMAL,HIGH,FALSE,HIGH,HIGH,HIGH,FALSE,NORMAL
TRUE,FALSE,NORMAL,FALSE,NORMAL,FALSE,HIGH,LOW,NORMAL,LOW,NORMAL,ZERO,HIGH,HIGH,ONESIDED,FALSE,NORMAL,NORMAL,LOW,NORMAL,ZERO,FALSE,LOW,NORMAL,LOW,HIGH,FALSE,FALSE,HIGH,NORMAL,LOW,FALSE,HIGH,NORMAL,NORMAL,FALSE,HIGH
FALSE,FALSE,NORMAL,FALSE,HIGH,FALSE,HIGH,HIGH,NORMAL,LOW,ZERO,ZERO,HIGH,LOW,NORMAL,FALSE,HIGH,NORMAL,LOW,HIGH,ZERO,FALSE,LOW,ZERO,LOW,LOW,FALSE,TRUE,HIGH,HIGH,LOW,FALSE,HIGH,ZERO,LOW,FALSE,NORMAL
FALSE,FALSE,NORMAL,FALSE,NORMAL,TRUE,NORMAL,LOW,NORMAL,LOW,NORMAL,LOW,HIGH,LOW,NORMAL,FALSE,NORMAL,NORMAL,NORMAL,NORMAL,ZERO,FALSE,LOW,ZERO,LOW,NORMAL,FALSE,FALSE,NORMAL,NORMAL,LOW,FALSE,LOW,NORMAL,NORMAL,FALSE,NORMAL
FALSE,FALSE,NORMAL,FALSE,HIGH,FALSE,HIGH,LOW,NORMAL,HIGH,NORMAL,LOW,HIGH,HIGH,NORMAL,FALSE,NORMAL,NORMAL,HIGH,LOW,ZERO,FALSE,LOW,ZERO,LOW,HIGH,FALSE,FALSE,HIGH,NORMAL,LOW,FALSE,HIGH,ZERO,NORMAL,FALSE,NORMAL
FALSE,FALSE,NORMAL,FALSE,HIGH,FALSE,HIGH,LOW,NORMAL,HIGH,NORMAL,LOW,HIGH,HIGH,NORMAL,FALSE,NORMAL,NORMAL,NORMAL,NORMAL,ZERO,FALSE,LOW,ZERO,LOW,HIGH,FALSE,FALSE,HIGH,NORMAL,LOW,FALSE,HIGH,ZERO,NORMAL,FALSE,NORMAL
FALSE,FALSE,NORMAL,FALSE,HIGH,FALSE,LOW,NORMAL,NORMAL,HIGH,NORMAL,LOW,NORMAL,NORMAL,NORMAL,FALSE,NORMAL,NORMAL,HIGH,NORMAL,ZERO,FALSE,LOW,ZERO,LOW,LOW,FALSE,FALSE,LOW,NORMAL,LOW,FALSE,NORMAL,ZERO,NORMAL,FALSE,NORMAL
FALSE,FALSE,NORMAL,FALSE,HIGH,FALSE,HIGH,NORMAL,NORMAL,HIGH,NORMAL,LOW,HIGH,HIGH,NORMAL,FALSE,NORMAL,NORMAL,NORMAL,NORMAL,ZERO,FALSE,LOW,ZERO,LOW,HIGH,FALSE,FALSE,HIGH,NORMAL,LOW,FALSE,HIGH,ZERO,NORMAL,FALSE,NORMAL
FALSE,TRUE,NORMAL,FALSE,HIGH,FALSE,HIGH,HIGH,NORMAL,LOW,NORMAL,LOW,HIGH,HIGH,NORMAL,FALSE,NORMAL,NORMAL,LOW,NORMAL,ZERO,FALSE,LOW,ZERO,LOW,HIGH,FALSE,FALSE,HIGH,NORMAL,LOW,FALSE,HIGH,ZERO,NORMAL,FALSE,NORMAL
FALSE,FALSE,NORMAL,FALSE,HIGH,FALSE,HIGH,HIGH,NORMAL,HIGH,NORMAL,LOW,HIGH,HIGH,ONESIDED,FALSE,NORMAL,NORMAL,NORMAL,NORMAL,LOW,FALSE,LOW,ZERO,NORMAL,HIGH,FALSE,FALSE,HIGH,NORMAL,LOW,FALSE,HIGH,LOW,NORMAL,FALSE,HIGH
FALSE,FALSE,NORMAL,FALSE,HIGH,FALSE,HIGH,HIGH,NORMAL,HIGH,NORMAL,LOW,HIGH,HIGH,NORMAL,FALSE,HIGH,NORMAL,NORMAL,HIGH,ZERO,FALSE,LOW,ZERO,LOW,HIGH,FALSE,TRUE,HIGH,HIGH,LOW,FALSE,HIGH,ZERO,NORMAL,TRUE,NORMAL
FALSE,FALSE,NORMAL,FALSE,HIGH,FALSE,LOW,LOW,NORMAL,HIGH,NORMAL,LOW,HIGH,LOW,NORMAL,FALSE,NORMAL,NORMAL,HIGH,NORMAL,ZERO,FALSE,LOW,ZERO,LOW,HIGH,FALSE,FALSE,HIGH,NORMAL,LOW,FALSE,HIGH,ZERO,LOW,FALSE,NORMAL
FALSE,FALSE,NORMAL,FALSE,HIGH,FALSE,HIGH,NORMAL,NORMAL,NORMAL,NORMAL,LOW,HIGH,HIGH,NORMAL,FALSE,NORMAL,NORMAL,NORMAL,NORMAL,ZERO,FALSE,LOW,ZERO,LOW,HIGH,FALSE,FALSE,HIGH,NORMAL,LOW,FALSE,HIGH,ZERO,NORMAL,FALSE,NORMAL
FALSE,FALSE,NORMAL,FALSE,HIGH,FALSE,HIGH,HIGH,NORMAL,HIGH,NORMAL,ZERO,HIGH,HIGH,NORMAL,FALSE,NORMAL,NORMAL,NORMAL,HIGH,ZERO,FALSE,LOW,ZERO,LOW,HIGH,FALSE,TRUE,HIGH,HIGH,LOW,FALSE,HIGH,ZERO,NORMAL,FALSE,NORMAL
FALSE,FALSE,HIGH,FALSE,HIGH,FALSE,HIGH,HIGH,NORMAL,HIGH,NORMAL,LOW,HIGH,NORMAL,ONESIDED,FALSE,NORMAL,NORMAL,NORMAL,NORMAL,LOW,FALSE,LOW,ZERO,HIGH,HIGH,FALSE,FALSE,HIGH,NORMAL,LOW,FALSE,HIGH,LOW,NORMAL,FALSE,NORMAL
FALSE,FALSE,NORMAL,FALSE,HIGH,FALSE,HIGH,HIGH,NORMAL,HIGH,NORMAL,LOW,HIGH,HIGH,NORMAL,FALSE,NORMAL,NORMAL,NORMAL,NORMAL,ZERO,FALSE,LOW,ZERO,LOW,HIGH,FALSE,FALSE,HIGH,NORMAL,LOW,FALSE,HIGH,ZERO,NORMAL,FALSE,NORMAL
TRUE,FALSE,NORMAL,FALSE,HIGH,FALSE,LOW,HIGH,NORMAL,NORMAL,NORMAL,ZERO,NORMAL,LOW,NORMAL,FALSE,HIGH,NORMAL,HIGH,HIGH,ZERO,FALSE,LOW,ZERO,LOW,LOW,FALSE,TRUE,LOW,HIGH,LOW,FALSE,NORMAL,ZERO,LOW,FALSE,NORMAL
FALSE,FALSE,NORMAL,FALSE,HIGH,FALSE,HIGH,LOW,NORMAL,HIGH,NORMAL,LOW,HIGH,HIGH,NORMAL,FALSE,LOW,NORMAL,NORMAL,LOW,ZERO,FALSE,LOW,ZERO,LOW,HIGH,FALSE,FALSE,HIGH,LOW,LOW,FALSE,HIGH,ZERO,HIGH,FALSE,NORMAL
FALSE,FALSE,NORMAL,FALSE,HIGH,FALSE,NORMAL,NORMAL,NORMAL,NORMAL,NORMAL,LOW,HIGH,HIGH,NORMAL,TRUE,HIGH,NORMAL,NORMAL,NORMAL,ZERO,FALSE,LOW,ZERO,LOW,NORMAL,FALSE,TRUE,HIGH,HIGH,LOW,FALSE,HIGH,ZERO,NORMAL,FALSE,HIGH
FALSE,FALSE,NORMAL,FALSE,HIGH,FALSE,HIGH,HIGH,NORMAL,LOW,HIGH,HIGH,HIGH,HIGH,ONESIDED,FALSE,NORMAL,NORMAL,LOW,NORMAL,HIGH,FALSE,LOW,HIGH,HIGH,HIGH,FALSE,FALSE,HIGH,NORMAL,LOW,FALSE,HIGH,LOW,NORMAL,FALSE,HIGH
FALSE,FALSE,NORMAL,FALSE,HIGH,FALSE,NORMAL,LOW,NORMAL,HIGH,NORMAL,LOW,HIGH,HIGH,NORMAL,TRUE,HIGH,NORMAL,NORMAL,NORMAL,ZERO,FALSE,LOW,ZERO,LOW,HIGH,FALSE,FALSE,HIGH,NORMAL,LOW,FALSE,HIGH,ZERO,NORMAL,FALSE,NORMAL
FALSE,FALSE,NORMAL,FALSE,HIGH,FALSE,LOW,HIGH,NORMAL,NORMAL,NORMAL,LOW,HIGH,NORMAL,NORMAL,FALSE,NORMAL,NORMAL,NORMAL,NORMAL,ZERO,FALSE,LOW,ZERO,LOW,LOW,FALSE,FALSE,LOW,NORMAL,LOW,FALSE,NORMAL,ZERO,NORMAL,FALSE,NORMAL
FALSE,FALSE,NORMAL,FALSE,HIGH,FALSE,HIGH,NORMAL,NORMAL,NORMAL,NORMAL,LOW,HIGH,HIGH,NORMAL,TRUE,NORMAL,NORMAL,NORMAL,NORMAL,ZERO,FALSE,LOW,ZERO,LOW,HIGH,FALSE,FALSE,HIGH,NORMAL,LOW,FALSE,HIGH,ZERO,LOW,FALSE,NORMAL
FALSE,FALSE,NORMAL,FALSE,LOW,FALSE,HIGH,HIGH,NORMAL,HIGH,ZERO,ZERO,HIGH,HIGH,NORMAL,FALSE,NORMAL,NORMAL,NORMAL,NORMAL,LOW,FALSE,HIGH,HIGH,LOW,HIGH,FALSE,FALSE,HIGH,NORMAL,HIGH,FALSE,HIGH,HIGH,NORMAL,FALSE,NORMAL
FALSE,FALSE,HIGH,FALSE,HIGH,FALSE,HIGH,NORMAL,LOW,HIGH,NORMAL,LOW,HIGH,HIGH,NORMAL,FALSE,HIGH,NORMAL,HIGH,HIGH,ZERO,FALSE,LOW,ZERO,NORMAL,HIGH,FALSE,TRUE,HIGH,HIGH,LOW,FALSE,HIGH,ZERO,NORMAL,FALSE,NORMAL
FALSE,FALSE,NORMAL,FALSE,HIGH,FALSE,HIGH,LOW,NORMAL,HIGH,NORMAL,LOW,HIGH,HIGH,NORMAL,FALSE,NORMAL,NORMAL,HIGH,NORMAL,ZERO,FALSE,LOW,ZERO,LOW,HIGH,FALSE,FALSE,HIGH,NORMAL,LOW,FALSE,HIGH,ZERO,NORMAL,FALSE,NORMAL
FALSE,FALSE,NORMAL,FALSE,HIGH,TRUE,HIGH,NORMAL,NORMAL,LOW,NORMAL,LOW,HIGH,HIGH,NORMAL,FALSE,NORMAL,NORMAL,LOW,NORMAL,ZERO,FALSE,LOW,LOW,LOW,NORMAL,FALSE,FALSE,NORMAL,NORMAL,LOW,FALSE,HIGH,ZERO,NORMAL,FALSE,NORMAL
FALSE,FALSE,NORMAL,FALSE,LOW,FALSE,HIGH,LOW,NORMAL,HIGH,HIGH,HIGH,HIGH,HIGH,NORMAL,FALSE,NORMAL,HIGH,NORMAL,NORMAL,LOW,FALSE,HIGH,HIGH,LOW,HIGH,FALSE,FALSE,HIGH,NORMAL,HIGH,FALSE,HIGH,HIGH,NORMAL,FALSE,NORMAL
FALSE,FALSE,LOW,FALSE,HIGH,FALSE,LOW,HIGH,NORMAL,LOW,NORMAL,LOW,HIGH,NORMAL,NORMAL,FALSE,NORMAL,NORMAL,LOW,NORMAL,ZERO,FALSE,LOW,ZERO,LOW,LOW,FALSE,FALSE,LOW,NORMAL,LOW,FALSE,NORMAL,ZERO,NORMAL,FALSE,NORMAL
FALSE,FALSE,NORMAL,FALSE,HIGH,FALSE,HIGH,NORMAL,NORMAL,HIGH,NORMAL,LOW,HIGH,HIGH,NORMAL,FALSE,NORMAL,NORMAL,NORMAL,NORMAL,ZERO,FALSE,LOW,ZERO,LOW,HIGH,FALSE,FALSE,HIGH,NORMAL,LOW,FALSE,HIGH,ZERO,NORMAL,FALSE,NORMAL
FALSE,FALSE,NORMAL,FALSE,HIGH,FALSE,HIGH,LOW,NORMAL,HIGH,NORMAL,LOW,HIGH,HIGH,NORMAL,FALSE,NORMAL,NORMAL,HIGH,NORMAL,ZERO,FALSE,LOW,ZERO,LOW,HIGH,FALSE,FALSE,HIGH,NORMAL,LOW,FALSE,HIGH,ZERO,NORMAL,FALSE,NORMAL
FALSE,FALSE,NORMAL,FALSE,HIGH,FALSE,HIGH,HIGH,NORMAL,NORMAL,LOW,ZERO,HIGH,HIGH,NORMAL,FALSE,NORMAL,LOW,NORMAL,NORMAL,ZERO,FALSE,LOW,ZERO,LOW,HIGH,FALSE,FALSE,HIGH,NORMAL,LOW,FALSE,HIGH,ZERO,HIGH,FALSE,NORMAL
FALSE,FALSE,NORMAL,FALSE,LOW,FALSE,LOW,HIGH,NORMAL,HIGH,NORMAL,LOW,NORMAL,NORMAL,NORMAL,FALSE,NORMAL,NORMAL,HIGH,NORMAL,LOW,FALSE,HIGH,HIGH,LOW,LOW,FALSE,FALSE,LOW,NORMAL,HIGH,FALSE,NORMAL,HIGH,NORMAL,FALSE,NORMAL
TRUE,TRUE,NORMAL,FALSE,LOW,FALSE,HIGH,HIGH,NORMAL,LOW,NORMAL,ZERO,HIGH,LOW,NORMAL,FALSE,HIGH,NORMAL,NORMAL,HIGH,LOW,FALSE,HIGH,HIGH,NORMAL,HIGH,FALSE,TRUE,HIGH,HIGH,HIGH,FALSE,HIGH,HIGH,LOW,FALSE,NORMAL
FALSE,FALSE,NORMAL,FALSE,HIGH,FALSE,LOW,HIGH,NORMAL,NORMAL,NORMAL,LOW,HIGH,HIGH,NORMAL,FALSE,NORMAL,NORMAL,LOW,NORMAL,ZERO,FALSE,LOW,ZERO,LOW,HIGH,FALSE,FALSE,HIGH,NORMAL,LOW,FALSE,HIGH,ZERO,NORMAL,TRUE,NORMAL
TRUE,FALSE,HIGH,TRUE,LOW,FALSE,LOW,HIGH,NORMAL,HIGH,NORMAL,ZERO,NORMAL,NORMAL,NORMAL,FALSE,LOW,NORMAL,HIGH,LOW,LOW,FALSE,HIGH,HIGH,ZERO,LOW,TRUE,FALSE,LOW,LOW,HIGH,FALSE,NORMAL,HIGH,LOW,FALSE,NORMAL
FALSE,FALSE,LOW,FALSE,HIGH,FALSE,HIGH,NORMAL,NORMAL,LOW,NORMAL,LOW,HIGH,HIGH,NORMAL,FALSE,NORMAL,NORMAL,LOW,NORMAL,ZERO,FALSE,LOW,ZERO,LOW,HIGH,FALSE,FALSE,HIGH,NORMAL,LOW,FALSE,HIGH,ZERO,NORMAL,FALSE,NORMAL
FALSE,FALSE,NORMAL,FALSE,HIGH,FALSE,HIGH,NORMAL,NORMAL,HIGH,NORMAL,LOW,HIGH,HIGH,NORMAL,FALSE,NORMAL,NORMAL,NORMAL,NORMAL,ZERO,FALSE,LOW,ZERO,LOW,HIGH,FALSE,FALSE,LOW,NORMAL,LOW,FALSE,HIGH,ZERO,NORMAL,FALSE,NORMAL
FALSE,FALSE,NORMAL,FALSE,NORMAL,FALSE,HIGH,HIGH,NORMAL,LOW,LOW,ZERO,HIGH,HIGH,NORMAL,FALSE,NORMAL,LOW,LOW,NORMAL,LOW,FALSE,HIGH,HIGH,ZERO,HIGH,FALSE,FALSE,HIGH,NORMAL,HIGH,FALSE,HIGH,HIGH,NORMAL,FALSE,NORMAL
TRUE,FALSE,NORMAL,FALSE,HIGH,FALSE,HIGH,LOW,NORMAL,HIGH,NORMAL,LOW,NORMAL,HIGH,NORMAL,FALSE,NORMAL,NORMAL,HIGH,NORMAL,ZERO,FALSE,LOW,ZERO,LOW,HIGH,FALSE,FALSE,HIGH,NORMAL,LOW,FALSE,HIGH,ZERO,NORMAL,FALSE,NORMAL
FALSE,FALSE,NORMAL,FALSE,HIGH,FALSE,HIGH,LOW,NORMAL,HIGH,NORMAL,LOW,HIGH,HIGH,NORMAL,FALSE,NORMAL,NORMAL,NORMAL,NORMAL,ZERO,FALSE,LOW,ZERO,LOW,HIGH,FALSE,FALSE,HIGH,NORMAL,LOW,FALSE,HIGH,ZERO,NORMAL,FALSE,NORMAL
FALSE,FALSE,NORMAL,FALSE,HIGH,FALSE,HIGH,NORMAL,NORMAL,HIGH,NORMAL,LOW,HIGH,HIGH,NORMAL,FALSE,HIGH,NORMAL,NORMAL,NORMAL,ZERO,FALSE,LOW,ZERO,LOW,HIGH,FALSE,TRUE,HIGH,HIGH,LOW,FALSE,HIGH,ZERO,NORMAL,FALSE,NORMAL
TRUE,FALSE,LOW,FALSE,LOW,FALSE,HIGH,HIGH,NORMAL,HIGH,NORMAL,ZERO,HIGH,HIGH,NORMAL,FALSE,NORMAL,NORMAL,HIGH,NORMAL,LOW,FALSE,HIGH,HIGH,LOW,HIGH,FALSE,FALSE,HIGH,NORMAL,HIGH,FALSE,HIGH,HIGH,HIGH,FALSE,NORMAL
TRUE,FALSE,NORMAL,FALSE,LOW,TRUE,HIGH,HIGH,NORMAL,NORMAL,NORMAL,ZERO,HIGH,HIGH,NORMAL,FALSE,HIGH,NORMAL,NORMAL,NORMAL,LOW,FALSE,HIGH,HIGH,LOW,NORMAL,FALSE,TRUE,NORMAL,HIGH,HIGH,FALSE,HIGH,HIGH,NORMAL,FALSE,NORMAL
FALSE,FALSE,HIGH,FALSE,HIGH,FALSE,HIGH,HIGH,NORMAL,LOW,NORMAL,LOW,HIGH,HIGH,ONESIDED,FALSE,NORMAL,NORMAL,LOW,NORMAL,LOW,FALSE,LOW,ZERO,NORMAL,HIGH,FALSE,FALSE,HIGH,NORMAL,LOW,FALSE,HIGH,LOW,NORMAL,FALSE,HIGH
FALSE,FALSE,NORMAL,FALSE,HIGH,FALSE,HIGH,NORMAL,NORMAL,LOW,NORMAL,LOW,HIGH,NORMAL,NORMAL,FALSE,HIGH,NORMAL,HIGH,NORMAL,ZERO,FALSE,LOW,ZERO,LOW,HIGH,FALSE,TRUE,HIGH,HIGH,LOW,FALSE,HIGH,ZERO,LOW,FALSE,NORMAL
TRUE,FALSE,NORMAL,FALSE,NORMAL,FALSE,HIGH,HIGH,NORMAL,HIGH,NORMAL,ZERO,HIGH,HIGH,NORMAL,FALSE,HIGH,NORMAL,NORMAL,NORMAL,LOW,FALSE,HIGH,HIGH,ZERO,HIGH,FALSE,TRUE,HIGH,HIGH,HIGH,FALSE,HIGH,HIGH,NORMAL,FALSE,NORMAL
FALSE,TRUE,NORMAL,FALSE,HIGH,TRUE,HIGH,HIGH,NORMAL,NORMAL,NORMAL,LOW,HIGH,NORMAL,NORMAL,FALSE,NORMAL,NORMAL,NORMAL,NORMAL,ZERO,FALSE,LOW,ZERO,LOW,NORMAL,FALSE,TRUE,NORMAL,NORMAL,LOW,FALSE,HIGH,ZERO,LOW,FALSE,NORMAL
FALSE,FALSE,NORMAL,FALSE,HIGH,FALSE,HIGH,HIGH,NORMAL,LOW,NORMAL,LOW,HIGH,HIGH,ESOPHAGEAL,FALSE,HIGH,NORMAL,LOW,HIGH,LOW,FALSE,LOW,ZERO,NORMAL,HIGH,FALSE,TRUE,HIGH,HIGH,LOW,FALSE,HIGH,ZERO,NORMAL,FALSE,NORMAL
FALSE,FALSE,NORMAL,FALSE,LOW,FALSE,HIGH,LOW,NORMAL,HIGH,HIGH,HIGH,HIGH,HIGH,NORMAL,FALSE,NORMAL,HIGH,HIGH,NORMAL,LOW,FALSE,HIGH,HIGH,LOW,HIGH,FALSE,FALSE,HIGH,NORMAL,HIGH,FALSE,HIGH,HIGH,NORMAL,FALSE,NORMAL
TRUE,FALSE,NORMAL,FALSE,LOW,FALSE,HIGH,HIGH,NORMAL,NORMAL,NORMAL,ZERO,HIGH,HIGH,NORMAL,FALSE,HIGH,NORMAL,LOW,HIGH,LOW,FALSE,HIGH,HIGH,LOW,HIGH,FALSE,FALSE,HIGH,HIGH,HIGH,FALSE,HIGH,HIGH,NORMAL,FALSE,NORMAL
FALSE,FALSE,NORMAL,FALSE,HIGH,TRUE,LOW,NORMAL,NORMAL,LOW,NORMAL,LOW,HIGH,NORMAL,NORMAL,FALSE,NORMAL,NORMAL,LOW,NORMAL,ZERO,FALSE,LOW,ZERO,LOW,LOW,FALSE,FALSE,NORMAL,NORMAL,LOW,FALSE,NORMAL,ZERO,NORMAL,FALSE,NORMAL
FALSE,FALSE,NORMAL,TRUE,HIGH,FALSE,HIGH,HIGH,NORMAL,LOW,HIGH,HIGH,HIGH,NORMAL,ONESIDED,FALSE,LOW,HIGH,NORMAL,LOW,HIGH,FALSE,LOW,HIGH,HIGH,HIGH,TRUE,TRUE,HIGH,LOW,LOW,FALSE,HIGH,LOW,LOW,FALSE,NORMAL
FALSE,FALSE,NORMAL,FALSE,HIGH,FALSE,HIGH,HIGH,NORMAL,LOW,NORMAL,LOW,HIGH,HIGH,NORMAL,FALSE,NORMAL,NORMAL,LOW,NORMAL,ZERO,FALSE,LOW,ZERO,LOW,HIGH,FALSE,FALSE,HIGH,NORMAL,LOW,FALSE,HIGH,ZERO,NORMAL,FALSE,NORMAL
FALSE,FALSE,NORMAL,FALSE,HIGH,FALSE,HIGH,LOW,NORMAL,HIGH,NORMAL,LOW,HIGH,HIGH,NORMAL,FALSE,NORMAL,NORMAL,NORMAL,NORMAL,ZERO,FALSE,LOW,ZERO,LOW,HIGH,FALSE,FALSE,HIGH,NORMAL,LOW,FALSE,HIGH,ZERO,HIGH,FALSE,NORMAL
FALSE,FALSE,NORMAL,FALSE,HIGH,FALSE,LOW,HIGH,NORMAL,LOW,NORMAL,LOW,HIGH,LOW,NORMAL,FALSE,HIGH,NORMAL,LOW,HIGH,ZERO,FALSE,LOW,ZERO,LOW,LOW,FALSE,TRUE,LOW,HIGH,LOW,FALSE,NORMAL,ZERO,LOW,FALSE,NORMAL
FALSE,FALSE,NORMAL,FALSE,LOW,FALSE,HIGH,HIGH,NORMAL,HIGH,LOW,ZERO,HIGH,HIGH,NORMAL,FALSE,NORMAL,LOW,NORMAL,NORMAL,LOW,FALSE,HIGH,HIGH,LOW,HIGH,FALSE,FALSE,HIGH,NORMAL,HIGH,FALSE,HIGH,HIGH,NORMAL,FALSE,NORMAL
FALSE,FALSE,NORMAL,FALSE,HIGH,FALSE,HIGH,LOW,NORMAL,LOW,NORMAL,LOW,HIGH,HIGH,NORMAL,FALSE,NORMAL,NORMAL,LOW,NORMAL,HIGH,FALSE,LOW,LOW,HIGH,LOW,FALSE,FALSE,HIGH,NORMAL,LOW,FALSE,HIGH,LOW,NORMAL,FALSE,NORMAL
FALSE,TRUE,NORMAL,FALSE,HIGH,FALSE,HIGH,HIGH,NORMAL,HIGH,LOW,ZERO,HIGH,HIGH,NORMAL,FALSE,HIGH,LOW,NORMAL,HIGH,ZERO,FALSE,LOW,ZERO,LOW,HIGH,FALSE,TRUE,HIGH,HIGH,LOW,FALSE,HIGH,ZERO,LOW,FALSE,NORMAL
FALSE,FALSE,HIGH,FALSE,HIGH,FALSE,HIGH,HIGH,NORMAL,NORMAL,NORMAL,LOW,HIGH,HIGH,NORMAL,FALSE,LOW,NORMAL,NORMAL,LOW,ZERO,FALSE,LOW,ZERO,LOW,HIGH,FALSE,FALSE,HIGH,LOW,LOW,FALSE,HIGH,ZERO,NORMAL,FALSE,NORMAL
FALSE,FALSE,NORMAL,FALSE,HIGH,TRUE,HIGH,NORMAL,NORMAL,HIGH,NORMAL,LOW,HIGH,HIGH,NORMAL,FALSE,NORMAL,NORMAL,HIGH,NORMAL,ZERO,FALSE,LOW,ZERO,LOW,NORMAL,FALSE,FALSE,NORMAL,NORMAL,LOW,FALSE,HIGH,ZERO,NORMAL,FALSE,NORMAL
FALSE,TRUE,NORMAL,FALSE,HIGH,FALSE,HIGH,HIGH,NORMAL,NORMAL,NORMAL,LOW,HIGH,NORMAL,NORMAL,FALSE,HIGH,NORMAL,NORMAL,HIGH,ZERO,FALSE,LOW,LOW,LOW,HIGH,FALSE,TRUE,HIGH,HIGH,LOW,FALSE,HIGH,ZERO,LOW,FALSE,NORMAL
FALSE,FALSE,NORMAL,FALSE,NORMAL,FALSE,HIGH,NORMAL,NORMAL,LOW,NORMAL,LOW,HIGH,HIGH,NORMAL,FALSE,NORMAL,NORMAL,LOW,NORMAL,ZERO,FALSE,LOW,ZERO,LOW,HIGH,FALSE,FALSE,HIGH,NORMAL,LOW,FALSE,HIGH,ZERO,NORMAL,FALSE,NORMAL
FALSE,FALSE,NORMAL,FALSE,HIGH,FALSE,HIGH,HIGH,NORMAL,LOW,ZERO,ZERO,HIGH,HIGH,NORMAL,FALSE,NORMAL,NORMAL,NORMAL,NORMAL,ZERO,FALSE,LOW,ZERO,LOW,HIGH,FALSE,FALSE,HIGH,NORMAL,LOW,FALSE,HIGH,ZERO,NORMAL,FALSE,NORMAL
FALSE,FALSE,NORMAL,FALSE,HIGH,FALSE,HIGH,HIGH,NORMAL,LOW,NORMAL,LOW,HIGH,HIGH,NORMAL,FALSE,NORMAL,NORMAL,LOW,NORMAL,ZERO,FALSE,LOW,ZERO,LOW,NORMAL,FALSE,FALSE,HIGH,NORMAL,LOW,FALSE,HIGH,ZERO,NORMAL,FALSE,HIGH
FALSE,FALSE,NORMAL,FALSE,HIGH,TRUE,HIGH,NORMAL,NORMAL,LOW,NORMAL,LOW,HIGH,HIGH,NORMAL,FALSE,NORMAL,NORMAL,LOW,NORMAL,ZERO,FALSE,LOW,ZERO,LOW,NORMAL,FALSE,FALSE,NORMAL,NORMAL,LOW,FALSE,HIGH,ZERO,NORMAL,TRUE,NORMAL
FALSE,FALSE,NORMAL,FALSE,HIGH,FALSE,HIGH,HIGH,NORMAL,HIGH,NORMAL,LOW,HIGH,HIGH,ESOPHAGEAL,FALSE,NORMAL,NORMAL,NORMAL,NORMAL,LOW,FALSE,LOW,ZERO,NORMAL,HIGH,FALSE,FALSE,HIGH,NORMAL,LOW,FALSE,HIGH,ZERO,NORMAL,FALSE,NORMAL
FALSE,TRUE,NORMAL,FALSE,HIGH,FALSE,HIGH,NORMAL,NORMAL,LOW,NORMAL,LOW,HIGH,LOW,NORMAL,FALSE,NORMAL,NORMAL,LOW,NORMAL,ZERO,FALSE,LOW,ZERO,LOW,HIGH,FALSE,FALSE,HIGH,NORMAL,LOW,FALSE,HIGH,ZERO,LOW,FALSE,NORMAL
FALSE,TRUE,NORMAL,FALSE,HIGH,FALSE,HIGH,NORMAL,NORMAL,LOW,NORMAL,LOW,HIGH,HIGH,NORMAL,FALSE,HIGH,NORMAL,LOW,NORMAL,ZERO,FALSE,LOW,ZERO,LOW,HIGH,FALSE,FALSE,HIGH,NORMAL,LOW,FALSE,HIGH,ZERO,NORMAL,FALSE,NORMAL
FALSE,FALSE,NORMAL,FALSE,HIGH,FALSE,HIGH,LOW,NORMAL,HIGH,NORMAL,LOW,HIGH,HIGH,NORMAL,FALSE,NORMAL,NORMAL,NORMAL,NORMAL,ZERO,FALSE,LOW,ZERO,LOW,HIGH,FALSE,FALSE,HIGH,NORMAL,LOW,FALSE,HIGH,ZERO,NORMAL,FALSE,HIGH
TRUE,FALSE,NORMAL,FALSE,LOW,FALSE,HIGH,HIGH,NORMAL,LOW,NORMAL,ZERO,HIGH,LOW,NORMAL,FALSE,HIGH,NORMAL,LOW,HIGH,LOW,FALSE,HIGH,HIGH,LOW,HIGH,FALSE,TRUE,HIGH,HIGH,HIGH,FALSE,HIGH,HIGH,LOW,FALSE,NORMAL
FALSE,TRUE,NORMAL,FALSE,HIGH,FALSE,HIGH,LOW,NORMAL,HIGH,NORMAL,LOW,HIGH,HIGH,NORMAL,FALSE,NORMAL,NORMAL,NORMAL,NORMAL,ZERO,FALSE,LOW,ZERO,LOW,HIGH,FALSE,FALSE,HIGH,NORMAL,LOW,FALSE,HIGH,ZERO,NORMAL,FALSE,NORMAL
FALSE,FALSE,NORMAL,FALSE,LOW,FALSE,LOW,HIGH,NORMAL,HIGH,LOW,ZERO,NORMAL,NORMAL,NORMAL,FALSE,HIGH,NORMAL,HIGH,HIGH,LOW,FALSE,HIGH,HIGH,LOW,LOW,FALSE,TRUE,LOW,HIGH,HIGH,FALSE,NORMAL,HIGH,NORMAL,FALSE,NORMAL
FALSE,FALSE,NORMAL,FALSE,HIGH,FALSE,HIGH,HIGH,NORMAL,LOW,NORMAL,LOW,HIGH,LOW,NORMAL,FALSE,NORMAL,NORMAL,NORMAL,NORMAL,ZERO,FALSE,LOW,ZERO,LOW,HIGH,FALSE,FALSE,HIGH,NORMAL,LOW,FALSE,HIGH,ZERO,LOW,FALSE,NORMAL
FALSE,FALSE,NORMAL,FALSE,HIGH,FALSE,HIGH,HIGH,NORMAL,HIGH,NORMAL,LOW,HIGH,HIGH,NORMAL,FALSE,HIGH,NORMAL,HIGH,NORMAL,ZERO,FALSE,LOW,ZERO,LOW,HIGH,FALSE,TRUE,HIGH,HIGH,LOW,FALSE,HIGH,ZERO,NORMAL,FALSE,NORMAL
FALSE,FALSE,NORMAL,FALSE,HIGH,FALSE,HIGH,LOW,NORMAL,HIGH,NORMAL,LOW,HIGH,HIGH,NORMAL,FALSE,NORMAL,NORMAL,HIGH,NORMAL,ZERO,FALSE,LOW,ZERO,LOW,HIGH,FALSE,FALSE,HIGH,NORMAL,LOW,FALSE,HIGH,ZERO,NORMAL,FALSE,NORMAL
FALSE,FALSE,NORMAL,FALSE,HIGH,FALSE,HIGH,HIGH,NORMAL,HIGH,NORMAL,LOW,HIGH,HIGH,NORMAL,FALSE,NORMAL,NORMAL,HIGH,NORMAL,ZERO,FALSE,LOW,ZERO,LOW,HIGH,FALSE,FALSE,HIGH,NORMAL,LOW,FALSE,HIGH,ZERO,NORMAL,FALSE,NORMAL
FALSE,FALSE,NORMAL,FALSE,HIGH,FALSE,HIGH,HIGH,NORMAL,HIGH,NORMAL,LOW,HIGH,HIGH,NORMAL,FALSE,NORMAL,NORMAL,HIGH,LOW,ZERO,FALSE,LOW,ZERO,LOW,HIGH,FALSE,FALSE,HIGH,NORMAL,LOW,FALSE,HIGH,ZERO,NORMAL,FALSE,NORMAL
FALSE,FALSE,NORMAL,FALSE,HIGH,FALSE,HIGH,HIGH,NORMAL,LOW,NORMAL,LOW,HIGH,LOW,NORMAL,FALSE,HIGH,NORMAL,NORMAL,HIGH,ZERO,FALSE,LOW,ZERO,LOW,HIGH,FALSE,TRUE,HIGH,HIGH,LOW,FALSE,HIGH,ZERO,LOW,FALSE,NORMAL
FALSE,FALSE,LOW,FALSE,HIGH,FALSE,HIGH,LOW,NORMAL,HIGH,NORMAL,LOW,HIGH,HIGH,NORMAL,FALSE,NORMAL,NORMAL,NORMAL,NORMAL,ZERO,FALSE,LOW,ZERO,LOW,NORMAL,FALSE,FALSE,HIGH,NORMAL,LOW,FALSE,HIGH,ZERO,NORMAL,FALSE,NORMAL
FALSE,TRUE,NORMAL,FALSE,HIGH,FALSE,HIGH,HIGH,NORMAL,HIGH,NORMAL,LOW,HIGH,HIGH,NORMAL,FALSE,NORMAL,NORMAL,HIGH,NORMAL,NORMAL,FALSE,LOW,ZERO,ZERO,HIGH,FALSE,FALSE,HIGH,NORMAL,LOW,FALSE,HIGH,ZERO,NORMAL,FALSE,NORMAL
TRUE,FALSE,NORMAL,FALSE,LOW,TRUE,NORMAL,HIGH,NORMAL,LOW,NORMAL,ZERO,HIGH,HIGH,NORMAL,FALSE,LOW,NORMAL,LOW,LOW,LOW,TRUE,HIGH,HIGH,LOW,NORMAL,FALSE,FALSE,NORMAL,LOW,HIGH,FALSE,HIGH,HIGH,NORMAL,FALSE,NORMAL
FALSE,FALSE,NORMAL,FALSE,LOW,FALSE,HIGH,LOW,NORMAL,HIGH,HIGH,HIGH,HIGH,HIGH,NORMAL,FALSE,NORMAL,HIGH,NORMAL,NORMAL,LOW,FALSE,HIGH,HIGH,LOW,HIGH,FALSE,FALSE,HIGH,NORMAL,HIGH,FALSE,HIGH,HIGH,NORMAL,FALSE,NORMAL
TRUE,FALSE,NORMAL,FALSE,LOW,FALSE,HIGH,HIGH,NORMAL,LOW,NORMAL,ZERO,HIGH,HIGH,NORMAL,FALSE,NORMAL,NORMAL,LOW,LOW,ZERO,FALSE,HIGH,ZERO,ZERO,HIGH,FALSE,FALSE,HIGH,LOW,HIGH,FALSE,HIGH,HIGH,NORMAL,FALSE,NORMAL
TRUE,FALSE,NORMAL,FALSE,LOW,FALSE,HIGH,HIGH,NORMAL,LOW,NORMAL,ZERO,HIGH,HIGH,NORMAL,FALSE,HIGH,NORMAL,LOW,HIGH,LOW,FALSE,HIGH,HIGH,LOW,HIGH,FALSE,TRUE,HIGH,HIGH,HIGH,FALSE,HIGH,HIGH,NORMAL,FALSE,NORMAL
TRUE,FALSE,NORMAL,FALSE,HIGH,FALSE,HIGH,HIGH,NORMAL,LOW,NORMAL,ZERO,HIGH,HIGH,NORMAL,FALSE,NORMAL,NORMAL,LOW,NORMAL,ZERO,FALSE,LOW,ZERO,LOW,HIGH,FALSE,FALSE,HIGH,NORMAL,LOW,FALSE,HIGH,ZERO,NORMAL,FALSE,NORMAL
TRUE,FALSE,NORMAL,FALSE,LOW,FALSE,HIGH,HIGH,NORMAL,LOW,ZERO,ZERO,HIGH,HIGH,NORMAL,FALSE,NORMAL,NORMAL,LOW,NORMAL,LOW,TRUE,HIGH,HIGH,LOW,HIGH,FALSE,FALSE,HIGH,NORMAL,HIGH,FALSE,HIGH,HIGH,NORMAL,FALSE,NORMAL
FALSE,FALSE,NORMAL,FALSE,HIGH,FALSE,HIGH,LOW,NORMAL,HIGH,NORMAL,LOW,HIGH,HIGH,NORMAL,FALSE,NORMAL,NORMAL,NORMAL,NORMAL,ZERO,FALSE,LOW,ZERO,LOW,HIGH,FALSE,FALSE,HIGH,NORMAL,LOW,FALSE,HIGH,ZERO,HIGH,FALSE,NORMAL
FALSE,FALSE,HIGH,FALSE,HIGH,FALSE,HIGH,NORMAL,NORMAL,HIGH,NORMAL,LOW,HIGH,HIGH,NORMAL,FALSE,HIGH,NORMAL,HIGH,HIGH,ZERO,FALSE,LOW,ZERO,LOW,HIGH,FALSE,TRUE,HIGH,HIGH,LOW,FALSE,HIGH,ZERO,NORMAL,TRUE,NORMAL
FALSE,FALSE,LOW,FALSE,HIGH,FALSE,HIGH,NORMAL,NORMAL,NORMAL,NORMAL,LOW,HIGH,HIGH,NORMAL,FALSE,NORMAL,NORMAL,NORMAL,NORMAL,ZERO,FALSE,LOW,ZERO,LOW,HIGH,FALSE,FALSE,HIGH,NORMAL,LOW,FALSE,HIGH,ZERO,NORMAL,FALSE,NORMAL
TRUE,FALSE,LOW,FALSE,LOW,FALSE,HIGH,HIGH,NORMAL,LOW,NORMAL,ZERO,HIGH,HIGH,NORMAL,FALSE,NORMAL,NORMAL,LOW,NORMAL,LOW,FALSE,HIGH,HIGH,LOW,HIGH,FALSE,FALSE,HIGH,NORMAL,HIGH,FALSE,HIGH,HIGH,NORMAL,FALSE,NORMAL
FALSE,FALSE,NORMAL,FALSE,HIGH,FALSE,HIGH,LOW,NORMAL,HIGH,NORMAL,LOW,HIGH,HIGH,NORMAL,FALSE,NORMAL,NORMAL,NORMAL,NORMAL,ZERO,FALSE,LOW,ZERO,LOW,HIGH,FALSE,FALSE,HIGH,NORMAL,LOW,FALSE,HIGH,ZERO,NORMAL,FALSE,NORMAL
FALSE,FALSE,NORMAL,TRUE,HIGH,FALSE,HIGH,HIGH,NORMAL,LOW,NORMAL,LOW,HIGH,NORMAL,NORMAL,FALSE,NORMAL,NORMAL,LOW,LOW,ZERO,FALSE,LOW,LOW,ZERO,HIGH,TRUE,FALSE,HIGH,LOW,LOW,FALSE,HIGH,ZERO,LOW,FALSE,NORMAL
FALSE,FALSE,HIGH,FALSE,LOW,FALSE,LOW,HIGH,NORMAL,NORMAL,LOW,ZERO,NORMAL,NORMAL,NORMAL,FALSE,NORMAL,LOW,HIGH,NORMAL,LOW,FALSE,HIGH,HIGH,LOW,LOW,FALSE,FALSE,LOW,NORMAL,HIGH,FALSE,NORMAL,HIGH,NORMAL,FALSE,NORMAL
FALSE,FALSE,NORMAL,FALSE,HIGH,FALSE,HIGH,NORMAL,NORMAL,HIGH,NORMAL,LOW,HIGH,LOW,NORMAL,FALSE,HIGH,NORMAL,HIGH,HIGH,ZERO,FALSE,LOW,ZERO,LOW,HIGH,FALSE,TRUE,HIGH,HIGH,LOW,FALSE,HIGH,ZERO,LOW,FALSE,NORMAL
FALSE,FALSE,NORMAL,FALSE,HIGH,FALSE,HIGH,LOW,NORMAL,NORMAL,NORMAL,LOW,HIGH,HIGH,NORMAL,FALSE,NORMAL,NORMAL,HIGH,NORMAL,ZERO,FALSE,LOW,ZERO,LOW,HIGH,FALSE,FALSE,HIGH,NORMAL,LOW,FALSE,HIGH,ZERO,NORMAL,FALSE,NORMAL
FALSE,FALSE,NORMAL,FALSE,HIGH,FALSE,HIGH,LOW,NORMAL,HIGH,NORMAL,LOW,HIGH,HIGH,NORMAL,FALSE,NORMAL,NORMAL,HIGH,NORMAL,ZERO,FALSE,LOW,ZERO,LOW,HIGH,FALSE,FALSE,HIGH,NORMAL,LOW,FALSE,HIGH,ZERO,NORMAL,FALSE,HIGH
FALSE,FALSE,NORMAL,FALSE,HIGH,FALSE,LOW,HIGH,NORMAL,LOW,NORMAL,LOW,HIGH,NORMAL,NORMAL,FALSE,LOW,NORMAL,LOW,NORMAL,ZERO,FALSE,LOW,ZERO,LOW,LOW,FALSE,FALSE,LOW,NORMAL,LOW,FALSE,NORMAL,ZERO,NORMAL,FALSE,NORMAL
FALSE,FALSE,NORMAL,FALSE,LOW,FALSE,HIGH,LOW,NORMAL,HIGH,HIGH,HIGH,NORMAL,HIGH,NORMAL,FALSE,HIGH,NORMAL,HIGH,HIGH,LOW,FALSE,HIGH,HIGH,LOW,HIGH,FALSE,TRUE,HIGH,HIGH,HIGH,FALSE,HIGH,HIGH,NORMAL,FALSE,NORMAL
FALSE,FALSE,NORMAL,FALSE,HIGH,FALSE,HIGH,HIGH,NORMAL,NORMAL,NORMAL,LOW,HIGH,HIGH,NORMAL,FALSE,NORMAL,NORMAL,LOW,NORMAL,ZERO,FALSE,LOW,ZERO,LOW,HIGH,FALSE,FALSE,HIGH,NORMAL,LOW,FALSE,HIGH,ZERO,NORMAL,FALSE,NORMAL
FALSE,FALSE,NORMAL,TRUE,NORMAL,FALSE,HIGH,HIGH,NORMAL,LOW,NORMAL,LOW,HIGH,LOW,NORMAL,FALSE,LOW,NORMAL,NORMAL,LOW,ZERO,FALSE,LOW,ZERO,LOW,HIGH,TRUE,FALSE,HIGH,LOW,LOW,FALSE,HIGH,ZERO,LOW,FALSE,NORMAL
FALSE,FALSE,NORMAL,FALSE,HIGH,FALSE,HIGH,HIGH,NORMAL,NORMAL,NORMAL,LOW,HIGH,HIGH,NORMAL,FALSE,LOW,NORMAL,NORMAL,NORMAL,ZERO,FALSE,LOW,ZERO,LOW,HIGH,FALSE,FALSE,HIGH,NORMAL,LOW,FALSE,HIGH,ZERO,NORMAL,FALSE,NORMAL
FALSE,TRUE,NORMAL,FALSE,HIGH,FALSE,HIGH,NORMAL,NORMAL,LOW,NORMAL,LOW,HIGH,HIGH,NORMAL,FALSE,LOW,NORMAL,LOW,LOW,ZERO,FALSE,LOW,ZERO,LOW,HIGH,FALSE,FALSE,HIGH,LOW,LOW,FALSE,HIGH,ZERO,HIGH,FALSE,NORMAL
FALSE,FALSE,NORMAL,FALSE,LOW,FALSE,LOW,HIGH,NORMAL,HIGH,ZERO,ZERO,NORMAL,NORMAL,NORMAL,FALSE,NORMAL,NORMAL,HIGH,NORMAL,LOW,FALSE,HIGH,HIGH,LOW,LOW,FALSE,FALSE,LOW,NORMAL,NORMAL,FALSE,NORMAL,HIGH,HIGH,FALSE,NORMAL
FALSE,FALSE,HIGH,FALSE,NORMAL,FALSE,LOW,HIGH,LOW,HIGH,NORMAL,LOW,NORMAL,NORMAL,ONESIDED,FALSE,NORMAL,NORMAL,HIGH,NORMAL,ZERO,FALSE,LOW,NORMAL,LOW,LOW,FALSE,FALSE,LOW,NORMAL,LOW,FALSE,NORMAL,NORMAL,NORMAL,FALSE,HIGH
FALSE,FALSE,NORMAL,FALSE,HIGH,FALSE,HIGH,HIGH,NORMAL,HIGH,NORMAL,LOW,HIGH,HIGH,ESOPHAGEAL,FALSE,HIGH,NORMAL,NORMAL,HIGH,LOW,FALSE,LOW,NORMAL,NORMAL,HIGH,FALSE,TRUE,HIGH,HIGH,LOW,FALSE,HIGH,ZERO,NORMAL,FALSE,NORMAL
FALSE,FALSE,NORMAL,FALSE,HIGH,TRUE,HIGH,HIGH,NORMAL,LOW,ZERO,ZERO,HIGH,HIGH,NORMAL,FALSE,LOW,NORMAL,LOW,NORMAL,ZERO,FALSE,LOW,HIGH,LOW,NORMAL,FALSE,FALSE,NORMAL,NORMAL,LOW,FALSE,HIGH,ZERO,NORMAL,FALSE,NORMAL
FALSE,FALSE,NORMAL,FALSE,HIGH,FALSE,HIGH,NORMAL,NORMAL,LOW,NORMAL,LOW,HIGH,HIGH,NORMAL,FALSE,HIGH,NORMAL,LOW,HIGH,HIGH,FALSE,LOW,LOW,HIGH,LOW,FALSE,TRUE,HIGH,HIGH,LOW,FALSE,HIGH,LOW,NORMAL,FALSE,HIGH
FALSE,FALSE,NORMAL,FALSE,NORMAL,FALSE,LOW,HIGH,NORMAL,HIGH,NORMAL,LOW,NORMAL,NORMAL,NORMAL,FALSE,NORMAL,NORMAL,HIGH,NORMAL,NORMAL,FALSE,LOW,LOW,NORMAL,LOW,FALSE,FALSE,LOW,NORMAL,LOW,FALSE,NORMAL,NORMAL,NORMAL,FALSE,NORMAL
FALSE,TRUE,NORMAL,FALSE,LOW,FALSE,LOW,HIGH,NORMAL,NORMAL,LOW,ZERO,NORMAL,NORMAL,NORMAL,FALSE,HIGH,LOW,NORMAL,HIGH,LOW,FALSE,HIGH,HIGH,LOW,LOW,FALSE,TRUE,LOW,HIGH,HIGH,FALSE,NORMAL,HIGH,NORMAL,FALSE,NORMAL
FALSE,FALSE,NORMAL,FALSE,LOW,FALSE,LOW,LOW,NORMAL,NORMAL,HIGH,HIGH,NORMAL,NORMAL,NORMAL,FALSE,NORMAL,HIGH,HIGH,NORMAL,LOW,FALSE,HIGH,HIGH,LOW,NORMAL,FALSE,FALSE,LOW,NORMAL,HIGH,FALSE,NORMAL,HIGH,NORMAL,FALSE,NORMAL
FALSE,FALSE,NORMAL,FALSE,HIGH,FALSE,HIGH,HIGH,NORMAL,HIGH,NORMAL,LOW,HIGH,HIGH,NORMAL,FALSE,LOW,NORMAL,HIGH,NORMAL,ZERO,FALSE,LOW,ZERO,LOW,HIGH,FALSE,FALSE,HIGH,NORMAL,LOW,FALSE,HIGH,ZERO,NORMAL,FALSE,NORMAL
TRUE,FALSE,NORMAL,FALSE,HIGH,FALSE,HIGH,HIGH,NORMAL,LOW,ZERO,ZERO,HIGH,LOW,NORMAL,FALSE,HIGH,NORMAL,HIGH,NORMAL,ZERO,FALSE,LOW,ZERO,LOW,HIGH,FALSE,TRUE,HIGH,HIGH,LOW,FALSE,HIGH,ZERO,LOW,FALSE,NORMAL
FALSE,TRUE,NORMAL,FALSE,HIGH,FALSE,HIGH,LOW,NORMAL,HIGH,NORMAL,LOW,HIGH,HIGH,NORMAL,FALSE,NORMAL,NORMAL,HIGH,NORMAL,ZERO,FALSE,LOW,ZERO,LOW,HIGH,FALSE,FALSE,HIGH,NORMAL,LOW,FALSE,HIGH,ZERO,NORMAL,FALSE,NORMAL
FALSE,FALSE,NORMAL,FALSE,HIGH,FALSE,HIGH,HIGH,NORMAL,HIGH,NORMAL,LOW,HIGH,HIGH,NORMAL,FALSE,HIGH,NORMAL,NORMAL,NORMAL,ZERO,FALSE,LOW,ZERO,LOW,HIGH,FALSE,TRUE,HIGH,HIGH,LOW,FALSE,HIGH,ZERO,HIGH,TRUE,NORMAL
FALSE,FALSE,NORMAL,FALSE,HIGH,FALSE,HIGH,HIGH,NORMAL,NORMAL,NORMAL,LOW,HIGH,LOW,NORMAL,FALSE,NORMAL,NORMAL,HIGH,NORMAL,ZERO,FALSE,LOW,ZERO,LOW,HIGH,FALSE,FALSE,HIGH,NORMAL,NORMAL,FALSE,HIGH,ZERO,LOW,FALSE,NORMAL
FALSE,TRUE,NORMAL,FALSE,HIGH,FALSE,LOW,NORMAL,NORMAL,HIGH,NORMAL,LOW,NORMAL,NORMAL,NORMAL,FALSE,NORMAL,NORMAL,HIGH,NORMAL,ZERO,FALSE,LOW,ZERO,LOW,LOW,FALSE,FALSE,LOW,NORMAL,LOW,FALSE,NORMAL,ZERO,NORMAL,FALSE,NORMAL
FALSE,FALSE,HIGH,FALSE,HIGH,FALSE,LOW,LOW,NORMAL,HIGH,NORMAL,LOW,NORMAL,NORMAL,NORMAL,FALSE,NORMAL,NORMAL,HIGH,NORMAL,ZERO,FALSE,LOW,ZERO,LOW,LOW,FALSE,FALSE,LOW,NORMAL,LOW,FALSE,NORMAL,ZERO,NORMAL,FALSE,NORMAL
FALSE,FALSE,NORMAL,FALSE,LOW,FALSE,LOW,HIGH,NORMAL,HIGH,NORMAL,LOW,NORMAL,NORMAL,NORMAL,FALSE,NORMAL,NORMAL,HIGH,NORMAL,ZERO,FALSE,HIGH,ZERO,ZERO,LOW,FALSE,FALSE,LOW,NORMAL,HIGH,FALSE,NORMAL,HIGH,NORMAL,FALSE,NORMAL
FALSE,FALSE,NORMAL,FALSE,HIGH,FALSE,HIGH,HIGH,NORMAL,HIGH,NORMAL,NORMAL,HIGH,HIGH,NORMAL,FALSE,NORMAL,NORMAL,NORMAL,NORMAL,HIGH,FALSE,LOW,LOW,HIGH,HIGH,FALSE,FALSE,HIGH,NORMAL,LOW,FALSE,HIGH,LOW,NORMAL,FALSE,NORMAL
FALSE,FALSE,NORMAL,FALSE,HIGH,FALSE,HIGH,LOW,NORMAL,HIGH,NORMAL,LOW,HIGH,HIGH,NORMAL,FALSE,LOW,NORMAL,HIGH,NORMAL,ZERO,FALSE,LOW,ZERO,LOW,HIGH,FALSE,FALSE,HIGH,NORMAL,LOW,FALSE,HIGH,ZERO,NORMAL,FALSE,NORMAL
FALSE,FALSE,NORMAL,FALSE,HIGH,TRUE,HIGH,NORMAL,NORMAL,NORMAL,NORMAL,LOW,HIGH,LOW,NORMAL,FALSE,NORMAL,NORMAL,HIGH,NORMAL,ZERO,FALSE,LOW,ZERO,LOW,NORMAL,FALSE,FALSE,NORMAL,NORMAL,LOW,FALSE,HIGH,ZERO,LOW,FALSE,NORMAL
FALSE,FALSE,NORMAL,FALSE,HIGH,TRUE,HIGH,HIGH,NORMAL,HIGH,NORMAL,LOW,HIGH,HIGH,NORMAL,FALSE,NORMAL,NORMAL,HIGH,LOW,ZERO,FALSE,LOW,ZERO,LOW,NORMAL,FALSE,FALSE,NORMAL,NORMAL,LOW,FALSE,HIGH,ZERO,NORMAL,FALSE,NORMAL
FALSE,FALSE,NORMAL,FALSE,LOW,FALSE,HIGH,LOW,NORMAL,LOW,HIGH,HIGH,HIGH,LOW,NORMAL,FALSE,NORMAL,HIGH,NORMAL,NORMAL,LOW,FALSE,HIGH,HIGH,LOW,HIGH,FALSE,TRUE,HIGH,NORMAL,HIGH,FALSE,HIGH,HIGH,LOW,FALSE,NORMAL
FALSE,FALSE,NORMAL,TRUE,HIGH,FALSE,HIGH,HIGH,NORMAL,LOW,NORMAL,LOW,HIGH,LOW,NORMAL,FALSE,LOW,NORMAL,NORMAL,LOW,ZERO,FALSE,LOW,ZERO,LOW,HIGH,TRUE,FALSE,HIGH,LOW,HIGH,FALSE,HIGH,ZERO,LOW,FALSE,NORMAL
FALSE,FALSE,NORMAL,FALSE,LOW,TRUE,HIGH,LOW,NORMAL,LOW,HIGH,HIGH,HIGH,HIGH,NORMAL,FALSE,NORMAL,NORMAL,LOW,HIGH,LOW,TRUE,HIGH,HIGH,LOW,NORMAL,FALSE,FALSE,NORMAL,HIGH,HIGH,FALSE,HIGH,HIGH,NORMAL,FALSE,NORMAL
FALSE,TRUE,NORMAL,FALSE,HIGH,FALSE,NORMAL,HIGH,NORMAL,LOW,NORMAL,LOW,HIGH,LOW,ONESIDED,TRUE,HIGH,NORMAL,LOW,NORMAL,LOW,FALSE,LOW,LOW,NORMAL,HIGH,FALSE,TRUE,HIGH,HIGH,LOW,FALSE,HIGH,LOW,LOW,FALSE,HIGH
FALSE,TRUE,NORMAL,FALSE,HIGH,TRUE,HIGH,LOW,NORMAL,LOW,NORMAL,LOW,HIGH,LOW,NORMAL,FALSE,HIGH,NORMAL,HIGH,HIGH,ZERO,FALSE,LOW,ZERO,LOW,NORMAL,FALSE,TRUE,NORMAL,HIGH,LOW,FALSE,HIGH,ZERO,LOW,FALSE,NORMAL
FALSE,TRUE,NORMAL,FALSE,HIGH,TRUE,HIGH,NORMAL,NORMAL,LOW,NORMAL,LOW,HIGH,HIGH,NORMAL,FALSE,HIGH,NORMAL,LOW,HIGH,ZERO,FALSE,LOW,ZERO,LOW,NORMAL,FALSE,FALSE,NORMAL,HIGH,LOW,FALSE,HIGH,ZERO,NORMAL,FALSE,NORMAL
FALSE,FALSE,NORMAL,FALSE,HIGH,FALSE,LOW,HIGH,NORMAL,HIGH,NORMAL,LOW,HIGH,NORMAL,NORMAL,FALSE,NORMAL,NORMAL,HIGH,NORMAL,ZERO,FALSE,LOW,ZERO,LOW,LOW,FALSE,FALSE,LOW,NORMAL,LOW,FALSE,NORMAL,ZERO,NORMAL,FALSE,NORMAL
FALSE,TRUE,NORMAL,FALSE,HIGH,FALSE,HIGH,LOW,NORMAL,HIGH,NORMAL,LOW,HIGH,HIGH,NORMAL,FALSE,HIGH,NORMAL,HIGH,HIGH,ZERO,FALSE,LOW,ZERO,LOW,HIGH,FALSE,TRUE,HIGH,HIGH,LOW,FALSE,HIGH,ZERO,NORMAL,FALSE,NORMAL
TRUE,FALSE,NORMAL,FALSE,LOW,FALSE,LOW,HIGH,NORMAL,NORMAL,NORMAL,ZERO,NORMAL,NORMAL,NORMAL,FALSE,NORMAL,NORMAL,HIGH,NORMAL,LOW,FALSE,HIGH,HIGH,LOW,LOW,FALSE,FALSE,LOW,NORMAL,HIGH,FALSE,NORMAL,HIGH,NORMAL,FALSE,NORMAL
FALSE,FALSE,NORMAL,FALSE,HIGH,FALSE,HIGH,HIGH,NORMAL,LOW,NORMAL,LOW,HIGH,HIGH,NORMAL,FALSE,NORMAL,NORMAL,NORMAL,NORMAL,ZERO,FALSE,LOW,ZERO,LOW,HIGH,FALSE,FALSE,HIGH,NORMAL,LOW,FALSE,HIGH,ZERO,NORMAL,TRUE,NORMAL
FALSE,FALSE,NORMAL,FALSE,HIGH,TRUE,HIGH,LOW,NORMAL,NORMAL,NORMAL,LOW,HIGH,HIGH,NORMAL,FALSE,NORMAL,NORMAL,HIGH,NORMAL,HIGH,FALSE,LOW,LOW,HIGH,NORMAL,FALSE,FALSE,NORMAL,NORMAL,LOW,FALSE,HIGH,LOW,NORMAL,FALSE,NORMAL
FALSE,FALSE,NORMAL,FALSE,NORMAL,FALSE,NORMAL,LOW,LOW,NORMAL,HIGH,HIGH,HIGH,HIGH,NORMAL,FALSE,HIGH,HIGH,NORMAL,HIGH,LOW,FALSE,NORMAL,LOW,ZERO,HIGH,FALSE,TRUE,HIGH,HIGH,NORMAL,FALSE,HIGH,HIGH,NORMAL,FALSE,NORMAL
FALSE,FALSE,NORMAL,FALSE,HIGH,FALSE,HIGH,NORMAL,NORMAL,HIGH,NORMAL,LOW,HIGH,HIGH,NORMAL,FALSE,NORMAL,NORMAL,HIGH,NORMAL,ZERO,FALSE,LOW,ZERO,LOW,HIGH,FALSE,FALSE,HIGH,NORMAL,LOW,FALSE,HIGH,ZERO,NORMAL,FALSE,NORMAL
FALSE,FALSE,NORMAL,FALSE,LOW,FALSE,HIGH,LOW,NORMAL,HIGH,NORMAL,LOW,HIGH,HIGH,NORMAL,FALSE,NORMAL,NORMAL,NORMAL,NORMAL,LOW,FALSE,HIGH,HIGH,LOW,HIGH,FALSE,FALSE,HIGH,NORMAL,HIGH,FALSE,HIGH,HIGH,NORMAL,FALSE,NORMAL
FALSE,FALSE,HIGH,FALSE,HIGH,FALSE,NORMAL,HIGH,NORMAL,HIGH,NORMAL,LOW,HIGH,HIGH,NORMAL,TRUE,NORMAL,NORMAL,HIGH,NORMAL,HIGH,FALSE,NORMAL,LOW,HIGH,HIGH,FALSE,FALSE,HIGH,NORMAL,NORMAL,FALSE,HIGH,LOW,NORMAL,FALSE,NORMAL
FALSE,TRUE,NORMAL,FALSE,HIGH,FALSE,HIGH,LOW,NORMAL,HIGH,NORMAL,LOW,HIGH,HIGH,NORMAL,FALSE,NORMAL,NORMAL,HIGH,NORMAL,ZERO,FALSE,LOW,ZERO,LOW,HIGH,FALSE,FALSE,HIGH,NORMAL,LOW,FALSE,HIGH,ZERO,NORMAL,FALSE,NORMAL
FALSE,FALSE,NORMAL,FALSE,HIGH,FALSE,HIGH,HIGH,NORMAL,NORMAL,NORMAL,LOW,NORMAL,NORMAL,NORMAL,FALSE,LOW,NORMAL,HIGH,LOW,ZERO,FALSE,NORMAL,ZERO,LOW,HIGH,FALSE,FALSE,HIGH,LOW,NORMAL,FALSE,HIGH,ZERO,HIGH,FALSE,NORMAL
FALSE,FALSE,NORMAL,FALSE,HIGH,FALSE,HIGH,HIGH,NORMAL,LOW,NORMAL,LOW,HIGH,LOW,NORMAL,FALSE,HIGH,NORMAL,NORMAL,NORMAL,ZERO,FALSE,LOW,ZERO,LOW,HIGH,FALSE,TRUE,HIGH,HIGH,LOW,FALSE,HIGH,ZERO,LOW,TRUE,NORMAL
FALSE,FALSE,NORMAL,FALSE,LOW,TRUE,LOW,LOW,NORMAL,HIGH,HIGH,HIGH,NORMAL,NORMAL,NORMAL,FALSE,HIGH,NORMAL,HIGH,NORMAL,LOW,FALSE,HIGH,HIGH,LOW,LOW,FALSE,TRUE,HIGH,HIGH,LOW,FALSE,NORMAL,HIGH,NORMAL,FALSE,HIGH
FALSE,FALSE,NORMAL,FALSE,HIGH,FALSE,HIGH,HIGH,NORMAL,NORMAL,NORMAL,LOW,HIGH,NORMAL,NORMAL,FALSE,HIGH,NORMAL,NORMAL,HIGH,ZERO,FALSE,LOW,ZERO,LOW,HIGH,FALSE,TRUE,HIGH,HIGH,LOW,FALSE,HIGH,ZERO,LOW,TRUE,NORMAL
TRUE,FALSE,NORMAL,FALSE,LOW,FALSE,HIGH,HIGH,NORMAL,LOW,NORMAL,ZERO,HIGH,LOW,NORMAL,FALSE,NORMAL,NORMAL,LOW,NORMAL,LOW,FALSE,HIGH,HIGH,LOW,HIGH,FALSE,TRUE,HIGH,NORMAL,HIGH,FALSE,HIGH,HIGH,LOW,FALSE,NORMAL
FALSE,FALSE,NORMAL,FALSE,HIGH,FALSE,LOW,HIGH,NORMAL,LOW,NORMAL,LOW,HIGH,LOW,NORMAL,FALSE,HIGH,NORMAL,HIGH,NORMAL,ZERO,FALSE,LOW,ZERO,LOW,LOW,FALSE,FALSE,LOW,HIGH,LOW,FALSE,NORMAL,ZERO,NORMAL,FALSE,NORMAL
FALSE,FALSE,NORMAL,FALSE,HIGH,FALSE,HIGH,NORMAL,LOW,HIGH,NORMAL,LOW,HIGH,HIGH,NORMAL,FALSE,HIGH,NORMAL,NORMAL,HIGH,ZERO,FALSE,LOW,ZERO,LOW,HIGH,FALSE,TRUE,HIGH,HIGH,LOW,FALSE,HIGH,ZERO,NORMAL,FALSE,NORMAL
FALSE,FALSE,NORMAL,FALSE,HIGH,FALSE,LOW,NORMAL,NORMAL,LOW,NORMAL,LOW,HIGH,NORMAL,NORMAL,FALSE,HIGH,NORMAL,LOW,HIGH,ZERO,FALSE,LOW,ZERO,LOW,LOW,FALSE,FALSE,LOW,HIGH,LOW,FALSE,NORMAL,ZERO,NORMAL,FALSE,NORMAL
FALSE,FALSE,NORMAL,FALSE,HIGH,FALSE,HIGH,LOW,NORMAL,HIGH,NORMAL,LOW,HIGH,HIGH,NORMAL,FALSE,NORMAL,NORMAL,HIGH,NORMAL,ZERO,FALSE,LOW,ZERO,LOW,HIGH,FALSE,FALSE,HIGH,NORMAL,LOW,FALSE,HIGH,ZERO,NORMAL,FALSE,NORMAL
TRUE,FALSE,NORMAL,FALSE,HIGH,FALSE,HIGH,HIGH,NORMAL,NORMAL,NORMAL,ZERO,HIGH,HIGH,NORMAL,FALSE,NORMAL,NORMAL,NORMAL,NORMAL,ZERO,FALSE,LOW,ZERO,LOW,HIGH,FALSE,FALSE,HIGH,NORMAL,LOW,FALSE,HIGH,ZERO,NORMAL,FALSE,NORMAL
FALSE,FALSE,NORMAL,FALSE,NORMAL,FALSE,HIGH,HIGH,NORMAL,HIGH,LOW,ZERO,HIGH,HIGH,NORMAL,FALSE,NORMAL,LOW,NORMAL,NORMAL,LOW,FALSE,HIGH,HIGH,ZERO,HIGH,FALSE,FALSE,HIGH,NORMAL,HIGH,FALSE,HIGH,HIGH,NORMAL,FALSE,NORMAL
FALSE,FALSE,NORMAL,FALSE,HIGH,FALSE,HIGH,HIGH,NORMAL,HIGH,NORMAL,LOW,HIGH,NORMAL,NORMAL,FALSE,HIGH,NORMAL,HIGH,HIGH,ZERO,FALSE,LOW,ZERO,LOW,HIGH,FALSE,TRUE,HIGH,HIGH,LOW,FALSE,HIGH,ZERO,LOW,FALSE,NORMAL
FALSE,FALSE,NORMAL,FALSE,HIGH,FALSE,HIGH,LOW,NORMAL,LOW,NORMAL,LOW,HIGH,LOW,NORMAL,FALSE,HIGH,NORMAL,NORMAL,HIGH,ZERO,FALSE,LOW,ZERO,LOW,HIGH,FALSE,TRUE,HIGH,HIGH,LOW,FALSE,HIGH,ZERO,LOW,FALSE,NORMAL
FALSE,TRUE,NORMAL,FALSE,HIGH,FALSE,HIGH,LOW,NORMAL,HIGH,NORMAL,LOW,HIGH,HIGH,NORMAL,FALSE,NORMAL,NORMAL,HIGH,NORMAL,ZERO,FALSE,LOW,ZERO,LOW,HIGH,FALSE,FALSE,HIGH,NORMAL,LOW,FALSE,HIGH,ZERO,NORMAL,FALSE,NORMAL
FALSE,FALSE,NORMAL,FALSE,HIGH,FALSE,HIGH,HIGH,NORMAL,HIGH,NORMAL,LOW,HIGH,HIGH,NORMAL,FALSE,HIGH,NORMAL,NORMAL,NORMAL,ZERO,FALSE,LOW,ZERO,LOW,HIGH,FALSE,FALSE,HIGH,NORMAL,LOW,FALSE,HIGH,ZERO,NORMAL,FALSE,NORMAL
FALSE,FALSE,NORMAL,FALSE,HIGH,FALSE,HIGH,HIGH,NORMAL,LOW,NORMAL,LOW,HIGH,HIGH,NORMAL,FALSE,LOW,NORMAL,LOW,LOW,ZERO,FALSE,LOW,ZERO,LOW,HIGH,FALSE,FALSE,HIGH,LOW,LOW,FALSE,HIGH,ZERO,NORMAL,FALSE,NORMAL
FALSE,FALSE,NORMAL,FALSE,HIGH,TRUE,HIGH,LOW,LOW,HIGH,NORMAL,LOW,HIGH,HIGH,NORMAL,FALSE,NORMAL,NORMAL,HIGH,NORMAL,ZERO,FALSE,LOW,ZERO,LOW,NORMAL,FALSE,FALSE,NORMAL,NORMAL,LOW,FALSE,HIGH,ZERO,NORMAL,FALSE,NORMAL
FALSE,FALSE,NORMAL,TRUE,HIGH,FALSE,HIGH,HIGH,NORMAL,LOW,NORMAL,LOW,HIGH,LOW,NORMAL,FALSE,LOW,NORMAL,NORMAL,LOW,ZERO,FALSE,LOW,ZERO,LOW,HIGH,TRUE,FALSE,HIGH,LOW,LOW,FALSE,HIGH,ZERO,LOW,FALSE,NORMAL
TRUE,FALSE,LOW,FALSE,LOW,FALSE,HIGH,HIGH,NORMAL,NORMAL,ZERO,ZERO,HIGH,NORMAL,NORMAL,FALSE,HIGH,NORMAL,NORMAL,HIGH,LOW,FALSE,HIGH,HIGH,LOW,NORMAL,FALSE,TRUE,HIGH,HIGH,HIGH,FALSE,HIGH,HIGH,LOW,FALSE,NORMAL
FALSE,TRUE,NORMAL,FALSE,HIGH,FALSE,NORMAL,LOW,NORMAL,NORMAL,NORMAL,LOW,HIGH,HIGH,NORMAL,TRUE,NORMAL,NORMAL,NORMAL,NORMAL,ZERO,FALSE,LOW,ZERO,LOW,HIGH,FALSE,FALSE,HIGH,NORMAL,LOW,FALSE,HIGH,ZERO,NORMAL,FALSE,NORMAL
FALSE,FALSE,NORMAL,FALSE,HIGH,FALSE,NORMAL,HIGH,NORMAL,LOW,NORMAL,LOW,HIGH,HIGH,NORMAL,TRUE,NORMAL,NORMAL,LOW,LOW,ZERO,FALSE,LOW,ZERO,LOW,HIGH,FALSE,FALSE,HIGH,NORMAL,LOW,FALSE,HIGH,ZERO,NORMAL,FALSE,NORMAL
FALSE,TRUE,NORMAL,FALSE,HIGH,FALSE,HIGH,HIGH,NORMAL,LOW,NORMAL,LOW,HIGH,LOW,ESOPHAGEAL,FALSE,HIGH,NORMAL,NORMAL,NORMAL,ZERO,FALSE,LOW,LOW,LOW,HIGH,FALSE,TRUE,HIGH,HIGH,LOW,FALSE,HIGH,LOW,LOW,FALSE,NORMAL
FALSE,FALSE,NORMAL,FALSE,HIGH,FALSE,HIGH,HIGH,NORMAL,HIGH,NORMAL,LOW,HIGH,HIGH,NORMAL,FALSE,NORMAL,NORMAL,HIGH,NORMAL,ZERO,FALSE,LOW,ZERO,LOW,HIGH,FALSE,FALSE,HIGH,NORMAL,LOW,FALSE,HIGH,ZERO,NORMAL,FALSE,NORMAL
TRUE,FALSE,NORMAL,FALSE,LOW,FALSE,HIGH,HIGH,NORMAL,HIGH,NORMAL,ZERO,HIGH,HIGH,NORMAL,FALSE,NORMAL,NORMAL,NORMAL,NORMAL,LOW,FALSE,HIGH,HIGH,LOW,HIGH,FALSE,FALSE,HIGH,NORMAL,HIGH,FALSE,HIGH,HIGH,NORMAL,FALSE,NORMAL
FALSE,FALSE,NORMAL,FALSE,HIGH,FALSE,HIGH,LOW,NORMAL,HIGH,NORMAL,LOW,HIGH,HIGH,NORMAL,FALSE,NORMAL,NORMAL,HIGH,NORMAL,ZERO,FALSE,LOW,ZERO,LOW,HIGH,FALSE,FALSE,HIGH,NORMAL,LOW,FALSE,HIGH,ZERO,NORMAL,FALSE,NORMAL
FALSE,FALSE,NORMAL,FALSE,HIGH,FALSE,HIGH,LOW,NORMAL,HIGH,NORMAL,LOW,HIGH,HIGH,NORMAL,FALSE,NORMAL,NORMAL,NORMAL,NORMAL,ZERO,FALSE,NORMAL,ZERO,LOW,HIGH,FALSE,FALSE,HIGH,NORMAL,NORMAL,FALSE,HIGH,ZERO,NORMAL,FALSE,NORMAL
FALSE,FALSE,HIGH,FALSE,HIGH,FALSE,HIGH,HIGH,NORMAL,LOW,NORMAL,LOW,HIGH,LOW,NORMAL,FALSE,HIGH,NORMAL,NORMAL,HIGH,ZERO,FALSE,LOW,ZERO,LOW,HIGH,FALSE,TRUE,HIGH,HIGH,LOW,FALSE,HIGH,ZERO,LOW,FALSE,NORMAL
FALSE,TRUE,NORMAL,FALSE,NORMAL,FALSE,HIGH,HIGH,NORMAL,LOW,NORMAL,LOW,HIGH,HIGH,NORMAL,FALSE,NORMAL,NORMAL,LOW,NORMAL,NORMAL,TRUE,LOW,LOW,NORMAL,HIGH,FALSE,FALSE,HIGH,NORMAL,LOW,FALSE,HIGH,NORMAL,NORMAL,TRUE,NORMAL
FALSE,FALSE,NORMAL,FALSE,HIGH,FALSE,HIGH,LOW,NORMAL,LOW,NORMAL,LOW,HIGH,HIGH,NORMAL,FALSE,NORMAL,NORMAL,LOW,NORMAL,ZERO,FALSE,LOW,ZERO,LOW,HIGH,FALSE,FALSE,HIGH,NORMAL,LOW,FALSE,HIGH,ZERO,NORMAL,FALSE,NORMAL
FALSE,FALSE,NORMAL,FALSE,HIGH,FALSE,HIGH,LOW,LOW,HIGH,NORMAL,LOW,HIGH,HIGH,NORMAL,FALSE,NORMAL,NORMAL,NORMAL,NORMAL,ZERO,FALSE,LOW,ZERO,LOW,HIGH,FALSE,FALSE,HIGH,NORMAL,LOW,FALSE,HIGH,ZERO,NORMAL,TRUE,NORMAL
FALSE,FALSE,NORMAL,FALSE,HIGH,FALSE,HIGH,HIGH,NORMAL,LOW,NORMAL,LOW,HIGH,HIGH,NORMAL,FALSE,NORMAL,NORMAL,LOW,NORMAL,ZERO,FALSE,LOW,ZERO,LOW,HIGH,FALSE,FALSE,HIGH,NORMAL,LOW,FALSE,HIGH,ZERO,NORMAL,FALSE,HIGH
FALSE,FALSE,NORMAL,FALSE,LOW,FALSE,HIGH,LOW,NORMAL,LOW,NORMAL,HIGH,HIGH,HIGH,NORMAL,FALSE,NORMAL,NORMAL,LOW,NORMAL,LOW,FALSE,HIGH,HIGH,LOW,HIGH,FALSE,FALSE,HIGH,NORMAL,HIGH,FALSE,HIGH,HIGH,NORMAL,FALSE,NORMAL
FALSE,FALSE,NORMAL,FALSE,HIGH,FALSE,LOW,HIGH,NORMAL,LOW,NORMAL,LOW,HIGH,NORMAL,NORMAL,FALSE,HIGH,NORMAL,LOW,NORMAL,ZERO,FALSE,LOW,ZERO,LOW,LOW,FALSE,TRUE,LOW,HIGH,LOW,FALSE,NORMAL,ZERO,NORMAL,FALSE,NORMAL
FALSE,TRUE,NORMAL,FALSE,HIGH,FALSE,HIGH,HIGH,NORMAL,HIGH,NORMAL,LOW,HIGH,HIGH,ONESIDED,FALSE,HIGH,NORMAL,NORMAL,HIGH,LOW,FALSE,LOW,LOW,NORMAL,HIGH,FALSE,TRUE,NORMAL,HIGH,LOW,FALSE,HIGH,LOW,NORMAL,FALSE,HIGH
FALSE,FALSE,NORMAL,FALSE,LOW,FALSE,HIGH,LOW,NORMAL,LOW,HIGH,HIGH,HIGH,HIGH,NORMAL,FALSE,NORMAL,HIGH,LOW,NORMAL,LOW,FALSE,HIGH,ZERO,LOW,HIGH,FALSE,FALSE,HIGH,NORMAL,HIGH,FALSE,HIGH,HIGH,NORMAL,FALSE,NORMAL
TRUE,FALSE,NORMAL,FALSE,HIGH,FALSE,HIGH,HIGH,NORMAL,HIGH,NORMAL,ZERO,HIGH,HIGH,NORMAL,FALSE,NORMAL,NORMAL,NORMAL,NORMAL,ZERO,FALSE,LOW,ZERO,LOW,HIGH,FALSE,FALSE,HIGH,NORMAL,LOW,FALSE,HIGH,ZERO,HIGH,FALSE,NORMAL
TRUE,FALSE,NORMAL,FALSE,HIGH,FALSE,HIGH,HIGH,NORMAL,HIGH,NORMAL,ZERO,HIGH,HIGH,NORMAL,FALSE,NORMAL,NORMAL,NORMAL,NORMAL,ZERO,FALSE,LOW,ZERO,LOW,HIGH,FALSE,FALSE,HIGH,NORMAL,LOW,FALSE,HIGH,ZERO,NORMAL,FALSE,NORMAL
FALSE,FALSE,HIGH,FALSE,HIGH,FALSE,LOW,NORMAL,NORMAL,LOW,HIGH,HIGH,HIGH,LOW,NORMAL,FALSE,NORMAL,LOW,LOW,NORMAL,ZERO,FALSE,LOW,ZERO,LOW,LOW,FALSE,FALSE,LOW,NORMAL,LOW,FALSE,NORMAL,ZERO,LOW,TRUE,NORMAL
FALSE,FALSE,NORMAL,FALSE,HIGH,FALSE,HIGH,NORMAL,NORMAL,LOW,NORMAL,LOW,HIGH,LOW,NORMAL,FALSE,HIGH,NORMAL,LOW,NORMAL,ZERO,FALSE,LOW,ZERO,LOW,HIGH,FALSE,TRUE,HIGH,HIGH,LOW,FALSE,HIGH,ZERO,LOW,FALSE,NORMAL
TRUE,FALSE,NORMAL,FALSE,HIGH,FALSE,HIGH,HIGH,NORMAL,HIGH,LOW,ZERO,HIGH,HIGH,NORMAL,FALSE,NORMAL,LOW,NORMAL,NORMAL,ZERO,FALSE,LOW,ZERO,LOW,HIGH,FALSE,FALSE,HIGH,NORMAL,LOW,FALSE,HIGH,ZERO,NORMAL,FALSE,NORMAL
FALSE,TRUE,NORMAL,FALSE,LOW,FALSE,LOW,LOW,NORMAL,NORMAL,NORMAL,LOW,NORMAL,NORMAL,NORMAL,FALSE,NORMAL,NORMAL,HIGH,NORMAL,LOW,FALSE,HIGH,HIGH,LOW,LOW,FALSE,FALSE,LOW,NORMAL,HIGH,FALSE,NORMAL,HIGH,NORMAL,FALSE,NORMAL
FALSE,FALSE,HIGH,FALSE,HIGH,FALSE,HIGH,HIGH,NORMAL,HIGH,NORMAL,LOW,HIGH,HIGH,NORMAL,FALSE,LOW,NORMAL,NORMAL,NORMAL,ZERO,FALSE,LOW,ZERO,LOW,HIGH,FALSE,FALSE,NORMAL,NORMAL,LOW,TRUE,HIGH,ZERO,NORMAL,FALSE,HIGH
FALSE,FALSE,NORMAL,FALSE,HIGH,TRUE,HIGH,LOW,NORMAL,HIGH,NORMAL,LOW,HIGH,HIGH,NORMAL,FALSE,NORMAL,NORMAL,NORMAL,NORMAL,ZERO,FALSE,LOW,ZERO,LOW,NORMAL,FALSE,FALSE,NORMAL,NORMAL,LOW,FALSE,HIGH,ZERO,NORMAL,FALSE,NORMAL
FALSE,TRUE,NORMAL,FALSE,HIGH,FALSE,HIGH,NORMAL,NORMAL,HIGH,NORMAL,LOW,HIGH,HIGH,NORMAL,FALSE,NORMAL,NORMAL,HIGH,LOW,ZERO,FALSE,LOW,ZERO,LOW,HIGH,FALSE,FALSE,HIGH,NORMAL,LOW,FALSE,HIGH,ZERO,NORMAL,FALSE,NORMAL
FALSE,FALSE,NORMAL,FALSE,LOW,FALSE,HIGH,LOW,NORMAL,LOW,HIGH,HIGH,HIGH,LOW,NORMAL,FALSE,HIGH,HIGH,LOW,NORMAL,LOW,FALSE,HIGH,HIGH,LOW,HIGH,FALSE,TRUE,HIGH,HIGH,HIGH,FALSE,HIGH,HIGH,LOW,FALSE,NORMAL
FALSE,FALSE,NORMAL,FALSE,NORMAL,FALSE,HIGH,ZERO,LOW,NORMAL,HIGH,HIGH,HIGH,NORMAL,ONESIDED,FALSE,LOW,HIGH,HIGH,LOW,ZERO,FALSE,LOW,NORMAL,LOW,HIGH,FALSE,FALSE,HIGH,LOW,LOW,FALSE,HIGH,NORMAL,NORMAL,TRUE,HIGH
FALSE,FALSE,NORMAL,FALSE,HIGH,FALSE,HIGH,HIGH,NORMAL,HIGH,NORMAL,LOW,HIGH,HIGH,NORMAL,FALSE,NORMAL,NORMAL,NORMAL,NORMAL,ZERO,FALSE,LOW,ZERO,LOW,HIGH,FALSE,FALSE,HIGH,NORMAL,LOW,FALSE,HIGH,ZERO,NORMAL,FALSE,NORMAL
FALSE,FALSE,NORMAL,FALSE,HIGH,FALSE,HIGH,HIGH,NORMAL,HIGH,NORMAL,LOW,HIGH,HIGH,NORMAL,FALSE,NORMAL,NORMAL,HIGH,NORMAL,ZERO,FALSE,LOW,ZERO,LOW,HIGH,FALSE,FALSE,HIGH,NORMAL,LOW,FALSE,HIGH,ZERO,NORMAL,FALSE,NORMAL
FALSE,FALSE,NORMAL,TRUE,HIGH,FALSE,HIGH,NORMAL,NORMAL,LOW,NORMAL,LOW,HIGH,LOW,NORMAL,FALSE,NORMAL,NORMAL,NORMAL,LOW,ZERO,FALSE,LOW,ZERO,LOW,HIGH,TRUE,FALSE,HIGH,LOW,LOW,FALSE,HIGH,ZERO,LOW,FALSE,NORMAL
FALSE,FALSE,NORMAL,FALSE,HIGH,FALSE,HIGH,HIGH,NORMAL,LOW,NORMAL,LOW,HIGH,LOW,ONESIDED,FALSE,HIGH,NORMAL,NORMAL,HIGH,LOW,FALSE,LOW,ZERO,NORMAL,HIGH,FALSE,TRUE,HIGH,HIGH,LOW,FALSE,HIGH,LOW,LOW,FALSE,HIGH
FALSE,FALSE,NORMAL,FALSE,HIGH,FALSE,HIGH,HIGH,NORMAL,LOW,NORMAL,LOW,HIGH,LOW,NORMAL,FALSE,HIGH,NORMAL,NORMAL,NORMAL,ZERO,FALSE,LOW,ZERO,LOW,HIGH,FALSE,TRUE,HIGH,HIGH,LOW,FALSE,HIGH,ZERO,LOW,FALSE,NORMAL
FALSE,FALSE,NORMAL,FALSE,HIGH,TRUE,HIGH,HIGH,NORMAL,HIGH,NORMAL,LOW,HIGH,HIGH,ESOPHAGEAL,FALSE,HIGH,NORMAL,NORMAL,NORMAL,LOW,FALSE,LOW,ZERO,NORMAL,NORMAL,FALSE,FALSE,NORMAL,HIGH,LOW,FALSE,HIGH,ZERO,NORMAL,FALSE,NORMAL
FALSE,FALSE,NORMAL,FALSE,HIGH,FALSE,HIGH,NORMAL,NORMAL,LOW,NORMAL,LOW,HIGH,HIGH,NORMAL,FALSE,NORMAL,NORMAL,LOW,NORMAL,ZERO,FALSE,LOW,ZERO,LOW,HIGH,FALSE,FALSE,HIGH,NORMAL,LOW,FALSE,HIGH,ZERO,NORMAL,FALSE,NORMAL
FALSE,FALSE,NORMAL,FALSE,HIGH,FALSE,HIGH,HIGH,NORMAL,NORMAL,LOW,ZERO,HIGH,HIGH,NORMAL,FALSE,LOW,LOW,HIGH,NORMAL,ZERO,FALSE,LOW,ZERO,LOW,HIGH,FALSE,FALSE,HIGH,NORMAL,LOW,FALSE,HIGH,ZERO,NORMAL,FALSE,NORMAL
FALSE,FALSE,NORMAL,FALSE,HIGH,TRUE,HIGH,NORMAL,NORMAL,HIGH,NORMAL,LOW,HIGH,HIGH,NORMAL,FALSE,NORMAL,NORMAL,HIGH,NORMAL,ZERO,FALSE,LOW,ZERO,LOW,NORMAL,FALSE,FALSE,NORMAL,NORMAL,LOW,FALSE,HIGH,ZERO,NORMAL,FALSE,NORMAL
FALSE,FALSE,NORMAL,FALSE,HIGH,FALSE,HIGH,LOW,NORMAL,HIGH,NORMAL,LOW,HIGH,HIGH,NORMAL,FALSE,HIGH,NORMAL,HIGH,HIGH,ZERO,FALSE,LOW,ZERO,LOW,HIGH,FALSE,TRUE,HIGH,HIGH,LOW,FALSE,HIGH,ZERO,HIGH,FALSE,NORMAL
FALSE,FALSE,NORMAL,FALSE,LOW,FALSE,HIGH,LOW,NORMAL,HIGH,HIGH,HIGH,HIGH,HIGH,NORMAL,FALSE,NORMAL,NORMAL,NORMAL,NORMAL,LOW,FALSE,HIGH,HIGH,LOW,HIGH,FALSE,FALSE,HIGH,NORMAL,HIGH,FALSE,HIGH,HIGH,NORMAL,FALSE,NORMAL
FALSE,FALSE,NORMAL,TRUE,LOW,FALSE,NORMAL,HIGH,NORMAL,NORMAL,NORMAL,ZERO,NORMAL,LOW,NORMAL,TRUE,LOW,NORMAL,HIGH,LOW,LOW,FALSE,HIGH,HIGH,LOW,LOW,TRUE,FALSE,LOW,LOW,HIGH,FALSE,NORMAL,HIGH,LOW,FALSE,NORMAL
FALSE,FALSE,NORMAL,FALSE,HIGH,FALSE,HIGH,HIGH,NORMAL,HIGH,NORMAL,LOW,HIGH,HIGH,NORMAL,FALSE,NORMAL,NORMAL,HIGH,NORMAL,ZERO,FALSE,LOW,ZERO,LOW,HIGH,FALSE,TRUE,HIGH,NORMAL,LOW,FALSE,HIGH,ZERO,NORMAL,FALSE,NORMAL
TRUE,FALSE,NORMAL,FALSE,NORMAL,FALSE,HIGH,HIGH,NORMAL,HIGH,NORMAL,ZERO,HIGH,HIGH,NORMAL,FALSE,NORMAL,NORMAL,NORMAL,NORMAL,LOW,FALSE,HIGH,HIGH,ZERO,HIGH,FALSE,FALSE,HIGH,NORMAL,HIGH,FALSE,HIGH,HIGH,NORMAL,FALSE,NORMAL
FALSE,TRUE,NORMAL,FALSE,HIGH,FALSE,HIGH,LOW,NORMAL,HIGH,NORMAL,LOW,HIGH,HIGH,NORMAL,FALSE,HIGH,NORMAL,NORMAL,NORMAL,ZERO,FALSE,LOW,ZERO,LOW,HIGH,FALSE,TRUE,HIGH,HIGH,LOW,FALSE,HIGH,ZERO,NORMAL,FALSE,NORMAL
FALSE,FALSE,NORMAL,FALSE,HIGH,FALSE,LOW,LOW,NORMAL,NORMAL,NORMAL,LOW,HIGH,LOW,NORMAL,FALSE,NORMAL,NORMAL,HIGH,NORMAL,ZERO,FALSE,LOW,ZERO,LOW,LOW,FALSE,FALSE,LOW,NORMAL,LOW,FALSE,NORMAL,ZERO,LOW,FALSE,NORMAL
FALSE,FALSE,NORMAL,FALSE,HIGH,FALSE,HIGH,NORMAL,NORMAL,LOW,NORMAL,LOW,HIGH,HIGH,NORMAL,FALSE,NORMAL,NORMAL,LOW,NORMAL,ZERO,FALSE,LOW,ZERO,LOW,HIGH,FALSE,FALSE,HIGH,NORMAL,LOW,FALSE,HIGH,ZERO,NORMAL,FALSE,NORMAL
FALSE,FALSE,NORMAL,FALSE,HIGH,FALSE,HIGH,LOW,NORMAL,LOW,NORMAL,LOW,HIGH,HIGH,NORMAL,FALSE,NORMAL,NORMAL,LOW,LOW,ZERO,FALSE,LOW,ZERO,LOW,HIGH,FALSE,FALSE,HIGH,NORMAL,LOW,FALSE,HIGH,ZERO,NORMAL,FALSE,HIGH
FALSE,FALSE,NORMAL,FALSE,HIGH,FALSE,HIGH,HIGH,NORMAL,HIGH,NORMAL,LOW,HIGH,HIGH,ONESIDED,FALSE,NORMAL,NORMAL,NORMAL,NORMAL,LOW,FALSE,LOW,LOW,NORMAL,HIGH,FALSE,FALSE,HIGH,NORMAL,LOW,FALSE,HIGH,ZERO,NORMAL,FALSE,HIGH
FALSE,TRUE,NORMAL,FALSE,HIGH,FALSE,LOW,HIGH,NORMAL,NORMAL,NORMAL,LOW,HIGH,NORMAL,NORMAL,FALSE,NORMAL,NORMAL,NORMAL,LOW,ZERO,FALSE,LOW,ZERO,LOW,HIGH,FALSE,FALSE,LOW,NORMAL,LOW,FALSE,HIGH,ZERO,LOW,FALSE,NORMAL
FALSE,TRUE,NORMAL,FALSE,HIGH,FALSE,HIGH,HIGH,NORMAL,NORMAL,NORMAL,LOW,HIGH,LOW,ONESIDED,FALSE,NORMAL,NORMAL,HIGH,NORMAL,LOW,FALSE,LOW,ZERO,NORMAL,HIGH,FALSE,FALSE,HIGH,NORMAL,LOW,FALSE,HIGH,LOW,LOW,FALSE,HIGH
FALSE,FALSE,NORMAL,FALSE,HIGH,FALSE,HIGH,LOW,NORMAL,NORMAL,NORMAL,LOW,HIGH,HIGH,NORMAL,FALSE,NORMAL,NORMAL,HIGH,NORMAL,ZERO,FALSE,LOW,ZERO,LOW,HIGH,FALSE,FALSE,HIGH,NORMAL,LOW,FALSE,HIGH,ZERO,HIGH,FALSE,NORMAL
FALSE,TRUE,NORMAL,FALSE,HIGH,FALSE,HIGH,LOW,NORMAL,NORMAL,NORMAL,LOW,HIGH,LOW,NORMAL,FALSE,HIGH,NORMAL,HIGH,NORMAL,ZERO,FALSE,LOW,ZERO,LOW,HIGH,FALSE,TRUE,HIGH,HIGH,LOW,FALSE,HIGH,ZERO,LOW,FALSE,NORMAL
FALSE,FALSE,NORMAL,FALSE,HIGH,FALSE,LOW,NORMAL,NORMAL,HIGH,NORMAL,LOW,NORMAL,NORMAL,NORMAL,FALSE,NORMAL,NORMAL,HIGH,NORMAL,ZERO,FALSE,LOW,ZERO,LOW,LOW,FALSE,FALSE,LOW,NORMAL,LOW,FALSE,NORMAL,ZERO,NORMAL,FALSE,NORMAL
FALSE,FALSE,NORMAL,FALSE,LOW,FALSE,HIGH,HIGH,NORMAL,NORMAL,NORMAL,LOW,NORMAL,NORMAL,NORMAL,FALSE,NORMAL,NORMAL,HIGH,NORMAL,LOW,FALSE,HIGH,HIGH,LOW,LOW,FALSE,FALSE,LOW,NORMAL,HIGH,FALSE,NORMAL,HIGH,NORMAL,FALSE,NORMAL
FALSE,TRUE,NORMAL,FALSE,HIGH,FALSE,HIGH,LOW,NORMAL,NORMAL,NORMAL,LOW,HIGH,HIGH,NORMAL,FALSE,NORMAL,NORMAL,NORMAL,LOW,ZERO,FALSE,LOW,ZERO,LOW,HIGH,FALSE,TRUE,HIGH,NORMAL,LOW,FALSE,HIGH,ZERO,NORMAL,FALSE,NORMAL
FALSE,FALSE,NORMAL,FALSE,HIGH,FALSE,LOW,LOW,NORMAL,NORMAL,NORMAL,LOW,HIGH,NORMAL,NORMAL,FALSE,LOW,NORMAL,NORMAL,LOW,ZERO,FALSE,LOW,ZERO,LOW,LOW,FALSE,FALSE,LOW,LOW,LOW,FALSE,NORMAL,ZERO,NORMAL,FALSE,NORMAL
FALSE,FALSE,NORMAL,FALSE,LOW,FALSE,NORMAL,HIGH,NORMAL,HIGH,NORMAL,LOW,HIGH,HIGH,NORMAL,FALSE,HIGH,NORMAL,NORMAL,NORMAL,LOW,FALSE,HIGH,HIGH,LOW,HIGH,FALSE,TRUE,HIGH,HIGH,HIGH,FALSE,HIGH,HIGH,NORMAL,FALSE,NORMAL
FALSE,FALSE,NORMAL,FALSE,HIGH,FALSE,HIGH,HIGH,NORMAL,HIGH,NORMAL,LOW,HIGH,HIGH,NORMAL,FALSE,NORMAL,NORMAL,NORMAL,NORMAL,ZERO,FALSE,LOW,ZERO,LOW,HIGH,FALSE,FALSE,HIGH,NORMAL,LOW,FALSE,HIGH,ZERO,NORMAL,FALSE,NORMAL
FALSE,FALSE,NORMAL,FALSE,LOW,TRUE,HIGH,LOW,NORMAL,LOW,NORMAL,LOW,HIGH,HIGH,NORMAL,FALSE,NORMAL,NORMAL,LOW,NORMAL,ZERO,FALSE,LOW,ZERO,ZERO,NORMAL,FALSE,FALSE,NORMAL,NORMAL,LOW,FALSE,HIGH,ZERO,NORMAL,FALSE,NORMAL
FALSE,TRUE,NORMAL,FALSE,HIGH,FALSE,HIGH,LOW,NORMAL,HIGH,NORMAL,LOW,HIGH,HIGH,NORMAL,FALSE,NORMAL,NORMAL,HIGH,NORMAL,ZERO,FALSE,LOW,ZERO,LOW,HIGH,FALSE,FALSE,HIGH,NORMAL,LOW,FALSE,HIGH,ZERO,NORMAL,FALSE,NORMAL
FALSE,FALSE,NORMAL,FALSE,HIGH,FALSE,HIGH,NORMAL,NORMAL,LOW,NORMAL,LOW,HIGH,HIGH,NORMAL,FALSE,NORMAL,NORMAL,LOW,NORMAL,ZERO,TRUE,LOW,ZERO,LOW,HIGH,FALSE,FALSE,HIGH,NORMAL,LOW,FALSE,HIGH,ZERO,NORMAL,FALSE,NORMAL
FALSE,FALSE,NORMAL,FALSE,HIGH,FALSE,HIGH,HIGH,LOW,LOW,NORMAL,LOW,HIGH,NORMAL,NORMAL,FALSE,NORMAL,NORMAL,LOW,NORMAL,ZERO,FALSE,LOW,ZERO,LOW,HIGH,FALSE,FALSE,HIGH,NORMAL,LOW,FALSE,HIGH,ZERO,NORMAL,TRUE,NORMAL
FALSE,FALSE,NORMAL,TRUE,HIGH,TRUE,HIGH,LOW,NORMAL,LOW,NORMAL,LOW,HIGH,LOW,NORMAL,FALSE,LOW,NORMAL,HIGH,LOW,ZERO,FALSE,LOW,ZERO,LOW,NORMAL,TRUE,FALSE,NORMAL,LOW,LOW,FALSE,HIGH,ZERO,LOW,FALSE,NORMAL
FALSE,FALSE,NORMAL,FALSE,HIGH,FALSE,LOW,NORMAL,NORMAL,HIGH,NORMAL,LOW,HIGH,NORMAL,NORMAL,FALSE,NORMAL,NORMAL,HIGH,NORMAL,ZERO,FALSE,LOW,ZERO,LOW,LOW,FALSE,FALSE,LOW,NORMAL,LOW,FALSE,NORMAL,ZERO,NORMAL,FALSE,NORMAL
FALSE,FALSE,NORMAL,FALSE,HIGH,FALSE,HIGH,HIGH,NORMAL,HIGH,NORMAL,NORMAL,HIGH,HIGH,NORMAL,FALSE,HIGH,NORMAL,NORMAL,LOW,HIGH,FALSE,LOW,LOW,HIGH,HIGH,FALSE,FALSE,HIGH,HIGH,LOW,FALSE,HIGH,LOW,NORMAL,FALSE,NORMAL
FALSE,FALSE,NORMAL,FALSE,HIGH,FALSE,HIGH,LOW,NORMAL,HIGH,NORMAL,LOW,HIGH,HIGH,NORMAL,FALSE,HIGH,NORMAL,NORMAL,HIGH,ZERO,FALSE,LOW,ZERO,LOW,HIGH,FALSE,TRUE,HIGH,HIGH,LOW,FALSE,HIGH,ZERO,NORMAL,FALSE,NORMAL
FALSE,FALSE,NORMAL,FALSE,HIGH,TRUE,HIGH,NORMAL,NORMAL,LOW,NORMAL,LOW,HIGH,HIGH,NORMAL,FALSE,NORMAL,NORMAL,LOW,NORMAL,ZERO,FALSE,LOW,ZERO,LOW,NORMAL,FALSE,FALSE,NORMAL,NORMAL,LOW,FALSE,HIGH,ZERO,NORMAL,FALSE,NORMAL
FALSE,FALSE,NORMAL,FALSE,LOW,FALSE,NORMAL,HIGH,NORMAL,NORMAL,LOW,ZERO,HIGH,HIGH,NORMAL,TRUE,NORMAL,LOW,LOW,NORMAL,LOW,FALSE,HIGH,HIGH,LOW,HIGH,FALSE,FALSE,HIGH,NORMAL,HIGH,FALSE,HIGH,HIGH,NORMAL,FALSE,NORMAL
FALSE,FALSE,NORMAL,FALSE,NORMAL,FALSE,HIGH,HIGH,NORMAL,HIGH,NORMAL,LOW,HIGH,HIGH,NORMAL,FALSE,NORMAL,NORMAL,NORMAL,NORMAL,ZERO,FALSE,LOW,ZERO,LOW,HIGH,FALSE,FALSE,HIGH,NORMAL,LOW,FALSE,HIGH,ZERO,NORMAL,FALSE,NORMAL
FALSE,FALSE,NORMAL,FALSE,HIGH,FALSE,HIGH,LOW,NORMAL,HIGH,NORMAL,LOW,HIGH,HIGH,NORMAL,FALSE,LOW,NORMAL,NORMAL,LOW,ZERO,FALSE,LOW,ZERO,LOW,HIGH,FALSE,FALSE,HIGH,LOW,LOW,TRUE,HIGH,ZERO,NORMAL,FALSE,HIGH
FALSE,FALSE,HIGH,TRUE,LOW,FALSE,HIGH,LOW,NORMAL,NORMAL,HIGH,HIGH,HIGH,NORMAL,NORMAL,FALSE,LOW,NORMAL,NORMAL,LOW,LOW,FALSE,HIGH,HIGH,LOW,HIGH,TRUE,FALSE,HIGH,LOW,LOW,TRUE,HIGH,HIGH,LOW,FALSE,HIGH
FALSE,FALSE,NORMAL,FALSE,HIGH,FALSE,HIGH,LOW,NORMAL,LOW,NORMAL,LOW,HIGH,LOW,NORMAL,FALSE,NORMAL,NORMAL,NORMAL,NORMAL,ZERO,FALSE,LOW,ZERO,LOW,HIGH,FALSE,TRUE,HIGH,HIGH,LOW,FALSE,HIGH,ZERO,LOW,FALSE,NORMAL
FALSE,FALSE,NORMAL,FALSE,HIGH,FALSE,HIGH,LOW,NORMAL,LOW,NORMAL,LOW,HIGH,HIGH,NORMAL,FALSE,NORMAL,NORMAL,LOW,NORMAL,ZERO,FALSE,LOW,ZERO,LOW,HIGH,FALSE,FALSE,HIGH,NORMAL,LOW,FALSE,HIGH,ZERO,NORMAL,FALSE,NORMAL
FALSE,FALSE,NORMAL,FALSE,HIGH,FALSE,HIGH,HIGH,NORMAL,LOW,NORMAL,LOW,HIGH,HIGH,NORMAL,FALSE,NORMAL,NORMAL,LOW,NORMAL,ZERO,FALSE,LOW,ZERO,LOW,HIGH,FALSE,FALSE,HIGH,NORMAL,LOW,FALSE,HIGH,ZERO,NORMAL,TRUE,NORMAL
FALSE,TRUE,NORMAL,FALSE,HIGH,FALSE,HIGH,NORMAL,NORMAL,LOW,NORMAL,LOW,HIGH,HIGH,NORMAL,FALSE,NORMAL,NORMAL,LOW,NORMAL,ZERO,FALSE,LOW,ZERO,LOW,HIGH,FALSE,FALSE,HIGH,NORMAL,LOW,FALSE,HIGH,ZERO,NORMAL,FALSE,NORMAL
FALSE,FALSE,NORMAL,FALSE,HIGH,FALSE,HIGH,HIGH,NORMAL,HIGH,LOW,ZERO,HIGH,HIGH,NORMAL,FALSE,NORMAL,LOW,HIGH,NORMAL,ZERO,FALSE,LOW,ZERO,LOW,HIGH,FALSE,FALSE,HIGH,NORMAL,LOW,FALSE,HIGH,ZERO,NORMAL,FALSE,NORMAL
FALSE,FALSE,NORMAL,FALSE,HIGH,FALSE,HIGH,HIGH,NORMAL,LOW,NORMAL,LOW,HIGH,HIGH,NORMAL,FALSE,NORMAL,NORMAL,NORMAL,HIGH,ZERO,FALSE,LOW,ZERO,LOW,HIGH,FALSE,FALSE,HIGH,HIGH,LOW,FALSE,HIGH,ZERO,NORMAL,FALSE,NORMAL
FALSE,FALSE,NORMAL,TRUE,HIGH,FALSE,HIGH,LOW,NORMAL,LOW,NORMAL,LOW,HIGH,LOW,NORMAL,FALSE,LOW,NORMAL,HIGH,LOW,ZERO,FALSE,NORMAL,ZERO,LOW,NORMAL,TRUE,FALSE,HIGH,LOW,NORMAL,FALSE,HIGH,ZERO,LOW,FALSE,NORMAL
FALSE,FALSE,NORMAL,FALSE,HIGH,TRUE,HIGH,LOW,NORMAL,LOW,HIGH,HIGH,HIGH,HIGH,NORMAL,FALSE,NORMAL,HIGH,LOW,NORMAL,ZERO,FALSE,LOW,ZERO,LOW,NORMAL,FALSE,FALSE,NORMAL,NORMAL,LOW,FALSE,HIGH,ZERO,NORMAL,TRUE,NORMAL
FALSE,FALSE,LOW,FALSE,LOW,FALSE,NORMAL,HIGH,NORMAL,HIGH,ZERO,ZERO,HIGH,HIGH,NORMAL,TRUE,NORMAL,NORMAL,NORMAL,NORMAL,LOW,FALSE,HIGH,HIGH,LOW,HIGH,FALSE,FALSE,HIGH,NORMAL,HIGH,FALSE,HIGH,HIGH,NORMAL,FALSE,NORMAL
TRUE,FALSE,NORMAL,FALSE,LOW,FALSE,LOW,HIGH,NORMAL,LOW,NORMAL,ZERO,NORMAL,NORMAL,NORMAL,FALSE,NORMAL,NORMAL,LOW,NORMAL,LOW,FALSE,HIGH,HIGH,LOW,LOW,FALSE,FALSE,LOW,NORMAL,HIGH,FALSE,NORMAL,HIGH,NORMAL,FALSE,NORMAL
FALSE,FALSE,NORMAL,FALSE,NORMAL,FALSE,HIGH,HIGH,NORMAL,LOW,NORMAL,LOW,HIGH,HIGH,ONESIDED,FALSE,NORMAL,NORMAL,LOW,NORMAL,ZERO,FALSE,LOW,NORMAL,LOW,HIGH,FALSE,FALSE,HIGH,NORMAL,LOW,FALSE,HIGH,NORMAL,NORMAL,FALSE,HIGH
FALSE,FALSE,NORMAL,FALSE,HIGH,FALSE,HIGH,NORMAL,NORMAL,HIGH,NORMAL,LOW,HIGH,HIGH,NORMAL,FALSE,NORMAL,NORMAL,HIGH,NORMAL,ZERO,FALSE,LOW,ZERO,LOW,HIGH,FALSE,FALSE,HIGH,NORMAL,LOW,FALSE,HIGH,ZERO,NORMAL,FALSE,NORMAL
FALSE,TRUE,NORMAL,FALSE,HIGH,FALSE,HIGH,NORMAL,NORMAL,HIGH,NORMAL,LOW,HIGH,HIGH,NORMAL,FALSE,NORMAL,NORMAL,NORMAL,NORMAL,ZERO,FALSE,LOW,ZERO,LOW,HIGH,FALSE,FALSE,HIGH,NORMAL,LOW,FALSE,HIGH,ZERO,NORMAL,FALSE,NORMAL
FALSE,TRUE,NORMAL,FALSE,HIGH,FALSE,HIGH,LOW,NORMAL,NORMAL,NORMAL,LOW,HIGH,HIGH,NORMAL,FALSE,NORMAL,NORMAL,NORMAL,NORMAL,ZERO,FALSE,LOW,ZERO,LOW,HIGH,FALSE,FALSE,HIGH,NORMAL,LOW,FALSE,HIGH,ZERO,NORMAL,FALSE,NORMAL
FALSE,FALSE,NORMAL,FALSE,HIGH,FALSE,NORMAL,LOW,NORMAL,HIGH,NORMAL,LOW,HIGH,HIGH,NORMAL,TRUE,NORMAL,NORMAL,NORMAL,NORMAL,ZERO,FALSE,LOW,ZERO,LOW,HIGH,FALSE,FALSE,HIGH,NORMAL,LOW,FALSE,HIGH,ZERO,NORMAL,FALSE,NORMAL
FALSE,TRUE,NORMAL,FALSE,HIGH,FALSE,NORMAL,HIGH,NORMAL,NORMAL,NORMAL,LOW,HIGH,HIGH,NORMAL,TRUE,NORMAL,NORMAL,NORMAL,NORMAL,ZERO,FALSE,LOW,ZERO,LOW,HIGH,FALSE,FALSE,HIGH,NORMAL,LOW,FALSE,HIGH,ZERO,NORMAL,FALSE,NORMAL
FALSE,TRUE,NORMAL,FALSE,HIGH,FALSE,HIGH,LOW,NORMAL,NORMAL,NORMAL,LOW,HIGH,HIGH,NORMAL,FALSE,NORMAL,NORMAL,NORMAL,NORMAL,ZERO,FALSE,LOW,ZERO,LOW,HIGH,FALSE,FALSE,HIGH,NORMAL,LOW,FALSE,HIGH,ZERO,NORMAL,FALSE,NORMAL
FALSE,FALSE,NORMAL,FALSE,HIGH,FALSE,HIGH,LOW,NORMAL,HIGH,NORMAL,LOW,HIGH,HIGH,NORMAL,FALSE,NORMAL,NORMAL,NORMAL,NORMAL,ZERO,FALSE,LOW,ZERO,LOW,HIGH,FALSE,FALSE,HIGH,NORMAL,LOW,FALSE,HIGH,ZERO,NORMAL,FALSE,NORMAL
FALSE,TRUE,NORMAL,FALSE,HIGH,FALSE,HIGH,HIGH,NORMAL,HIGH,NORMAL,LOW,HIGH,HIGH,NORMAL,FALSE,NORMAL,NORMAL,NORMAL,NORMAL,ZERO,FALSE,LOW,NORMAL,LOW,HIGH,FALSE,FALSE,HIGH,NORMAL,LOW,FALSE,HIGH,ZERO,NORMAL,FALSE,NORMAL
FALSE,FALSE,HIGH,FALSE,HIGH,FALSE,LOW,HIGH,NORMAL,LOW,NORMAL,LOW,HIGH,LOW,ONESIDED,FALSE,NORMAL,NORMAL,NORMAL,NORMAL,LOW,FALSE,LOW,ZERO,NORMAL,LOW,FALSE,FALSE,LOW,NORMAL,LOW,TRUE,NORMAL,LOW,NORMAL,FALSE,HIGH
FALSE,FALSE,NORMAL,FALSE,LOW,TRUE,LOW,HIGH,NORMAL,LOW,LOW,ZERO,NORMAL,LOW,NORMAL,FALSE,HIGH,LOW,HIGH,HIGH,LOW,FALSE,HIGH,HIGH,LOW,NORMAL,FALSE,TRUE,HIGH,HIGH,HIGH,FALSE,NORMAL,HIGH,LOW,FALSE,NORMAL
FALSE,FALSE,NORMAL,FALSE,HIGH,FALSE,HIGH,LOW,NORMAL,LOW,NORMAL,LOW,HIGH,LOW,NORMAL,FALSE,HIGH,NORMAL,NORMAL,NORMAL,ZERO,FALSE,LOW,ZERO,LOW,HIGH,FALSE,TRUE,HIGH,HIGH,LOW,FALSE,HIGH,ZERO,LOW,FALSE,NORMAL
FALSE,FALSE,NORMAL,FALSE,HIGH,TRUE,HIGH,HIGH,NORMAL,LOW,NORMAL,LOW,HIGH,HIGH,NORMAL,FALSE,NORMAL,NORMAL,LOW,NORMAL,ZERO,FALSE,LOW,ZERO,LOW,NORMAL,FALSE,FALSE,NORMAL,NORMAL,LOW,FALSE,HIGH,ZERO,NORMAL,TRUE,NORMAL
FALSE,FALSE,NORMAL,FALSE,HIGH,FALSE,HIGH,HIGH,NORMAL,LOW,NORMAL,LOW,HIGH,LOW,NORMAL,FALSE,HIGH,NORMAL,NORMAL,HIGH,ZERO,FALSE,LOW,ZERO,ZERO,HIGH,FALSE,TRUE,HIGH,HIGH,LOW,FALSE,HIGH,ZERO,LOW,FALSE,NORMAL
FALSE,FALSE,NORMAL,FALSE,HIGH,FALSE,HIGH,LOW,NORMAL,NORMAL,NORMAL,LOW,HIGH,LOW,NORMAL,FALSE,HIGH,NORMAL,HIGH,HIGH,ZERO,FALSE,LOW,ZERO,LOW,HIGH,FALSE,TRUE,HIGH,HIGH,LOW,FALSE,HIGH,ZERO,LOW,FALSE,NORMAL
TRUE,FALSE,NORMAL,FALSE,LOW,FALSE,HIGH,HIGH,NORMAL,LOW,NORMAL,ZERO,HIGH,HIGH,NORMAL,FALSE,NORMAL,NORMAL,LOW,NORMAL,LOW,FALSE,HIGH,HIGH,LOW,HIGH,FALSE,FALSE,LOW,NORMAL,HIGH,FALSE,HIGH,HIGH,NORMAL,FALSE,NORMAL
FALSE,FALSE,NORMAL,FALSE,HIGH,FALSE,HIGH,LOW,NORMAL,HIGH,NORMAL,LOW,HIGH,HIGH,NORMAL,FALSE,NORMAL,NORMAL,NORMAL,NORMAL,ZERO,FALSE,LOW,ZERO,LOW,HIGH,FALSE,FALSE,HIGH,NORMAL,LOW,FALSE,HIGH,ZERO,NORMAL,FALSE,NORMAL
FALSE,TRUE,NORMAL,FALSE,HIGH,FALSE,HIGH,NORMAL,NORMAL,NORMAL,NORMAL,LOW,HIGH,LOW,NORMAL,FALSE,HIGH,NORMAL,HIGH,NORMAL,ZERO,FALSE,LOW,ZERO,LOW,HIGH,FALSE,TRUE,HIGH,HIGH,LOW,FALSE,HIGH,ZERO,LOW,FALSE,NORMAL
FALSE,FALSE,NORMAL,FALSE,LOW,FALSE,LOW,LOW,NORMAL,NORMAL,NORMAL,HIGH,NORMAL,NORMAL,NORMAL,FALSE,NORMAL,NORMAL,HIGH,NORMAL,LOW,FALSE,HIGH,HIGH,LOW,LOW,FALSE,FALSE,LOW,NORMAL,HIGH,FALSE,NORMAL,HIGH,NORMAL,FALSE,NORMAL
FALSE,FALSE,NORMAL,FALSE,HIGH,FALSE,HIGH,NORMAL,NORMAL,HIGH,NORMAL,LOW,HIGH,HIGH,NORMAL,FALSE,NORMAL,NORMAL,HIGH,NORMAL,ZERO,FALSE,LOW,ZERO,LOW,HIGH,FALSE,FALSE,HIGH,NORMAL,NORMAL,FALSE,HIGH,ZERO,NORMAL,FALSE,NORMAL
FALSE,FALSE,NORMAL,FALSE,LOW,FALSE,HIGH,NORMAL,NORMAL,LOW,HIGH,HIGH,HIGH,HIGH,ESOPHAGEAL,FALSE,LOW,HIGH,LOW,LOW,NORMAL,FALSE,HIGH,ZERO,NORMAL,HIGH,FALSE,FALSE,HIGH,LOW,HIGH,FALSE,HIGH,HIGH,NORMAL,FALSE,NORMAL
FALSE,FALSE,NORMAL,FALSE,LOW,FALSE,HIGH,LOW,NORMAL,LOW,NORMAL,LOW,HIGH,LOW,NORMAL,FALSE,NORMAL,NORMAL,NORMAL,NORMAL,LOW,FALSE,HIGH,HIGH,LOW,HIGH,FALSE,FALSE,HIGH,NORMAL,HIGH,FALSE,HIGH,HIGH,LOW,FALSE,NORMAL
FALSE,FALSE,NORMAL,FALSE,HIGH,FALSE,NORMAL,LOW,NORMAL,HIGH,NORMAL,LOW,HIGH,HIGH,NORMAL,TRUE,NORMAL,NORMAL,HIGH,NORMAL,ZERO,FALSE,LOW,ZERO,LOW,HIGH,FALSE,FALSE,HIGH,NORMAL,LOW,FALSE,HIGH,ZERO,NORMAL,FALSE,NORMAL
FALSE,FALSE,NORMAL,FALSE,HIGH,FALSE,HIGH,LOW,NORMAL,NORMAL,NORMAL,LOW,HIGH,HIGH,NORMAL,FALSE,NORMAL,NORMAL,NORMAL,NORMAL,ZERO,FALSE,LOW,ZERO,LOW,HIGH,FALSE,FALSE,HIGH,NORMAL,LOW,FALSE,HIGH,ZERO,NORMAL,FALSE,NORMAL
FALSE,TRUE,LOW,TRUE,HIGH,FALSE,HIGH,LOW,NORMAL,HIGH,NORMAL,LOW,HIGH,HIGH,NORMAL,FALSE,NORMAL,NORMAL,NORMAL,NORMAL,ZERO,FALSE,LOW,ZERO,LOW,HIGH,FALSE,FALSE,HIGH,NORMAL,LOW,FALSE,HIGH,ZERO,NORMAL,FALSE,NORMAL
FALSE,FALSE,NORMAL,FALSE,HIGH,FALSE,LOW,LOW,NORMAL,NORMAL,NORMAL,LOW,HIGH,NORMAL,NORMAL,FALSE,NORMAL,NORMAL,HIGH,NORMAL,ZERO,FALSE,LOW,ZERO,LOW,LOW,FALSE,FALSE,LOW,NORMAL,LOW,FALSE,NORMAL,ZERO,NORMAL,FALSE,NORMAL
FALSE,FALSE,NORMAL,FALSE,HIGH,FALSE,LOW,HIGH,LOW,NORMAL,NORMAL,LOW,HIGH,NORMAL,NORMAL,FALSE,NORMAL,NORMAL,NORMAL,NORMAL,ZERO,FALSE,LOW,ZERO,LOW,HIGH,FALSE,FALSE,LOW,NORMAL,LOW,FALSE,NORMAL,ZERO,NORMAL,FALSE,NORMAL
FALSE,FALSE,NORMAL,FALSE,HIGH,FALSE,HIGH,HIGH,NORMAL,LOW,NORMAL,LOW,HIGH,HIGH,NORMAL,FALSE,NORMAL,NORMAL,LOW,NORMAL,ZERO,FALSE,LOW,ZERO,LOW,HIGH,FALSE,FALSE,HIGH,NORMAL,LOW,FALSE,HIGH,ZERO,NORMAL,FALSE,NORMAL
FALSE,FALSE,NORMAL,FALSE,HIGH,FALSE,HIGH,LOW,NORMAL,HIGH,NORMAL,LOW,HIGH,HIGH,NORMAL,FALSE,NORMAL,NORMAL,HIGH,HIGH,ZERO,FALSE,LOW,ZERO,LOW,HIGH,FALSE,TRUE,HIGH,HIGH,LOW,FALSE,HIGH,ZERO,NORMAL,FALSE,NORMAL
FALSE,FALSE,NORMAL,FALSE,LOW,FALSE,NORMAL,LOW,NORMAL,HIGH,HIGH,HIGH,HIGH,HIGH,NORMAL,TRUE,HIGH,HIGH,NORMAL,HIGH,LOW,FALSE,HIGH,HIGH,LOW,HIGH,FALSE,FALSE,HIGH,HIGH,HIGH,FALSE,HIGH,HIGH,NORMAL,FALSE,NORMAL
FALSE,FALSE,HIGH,FALSE,LOW,FALSE,HIGH,NORMAL,NORMAL,LOW,NORMAL,LOW,HIGH,HIGH,NORMAL,FALSE,NORMAL,NORMAL,LOW,NORMAL,LOW,FALSE,HIGH,HIGH,LOW,HIGH,FALSE,FALSE,HIGH,NORMAL,HIGH,FALSE,HIGH,HIGH,NORMAL,FALSE,NORMAL
FALSE,FALSE,NORMAL,FALSE,LOW,FALSE,HIGH,LOW,NORMAL,HIGH,HIGH,HIGH,HIGH,HIGH,NORMAL,FALSE,NORMAL,NORMAL,NORMAL,NORMAL,LOW,FALSE,HIGH,HIGH,HIGH,HIGH,FALSE,FALSE,HIGH,NORMAL,HIGH,FALSE,HIGH,HIGH,HIGH,FALSE,NORMAL
FALSE,FALSE,NORMAL,FALSE,LOW,FALSE,LOW,HIGH,NORMAL,NORMAL,LOW,ZERO,HIGH,NORMAL,NORMAL,FALSE,LOW,LOW,NORMAL,LOW,LOW,FALSE,HIGH,HIGH,LOW,LOW,FALSE,FALSE,LOW,LOW,HIGH,FALSE,NORMAL,HIGH,NORMAL,FALSE,NORMAL
FALSE,FALSE,NORMAL,FALSE,HIGH,TRUE,HIGH,NORMAL,NORMAL,HIGH,NORMAL,LOW,HIGH,HIGH,NORMAL,FALSE,NORMAL,NORMAL,HIGH,LOW,ZERO,FALSE,LOW,ZERO,LOW,NORMAL,FALSE,FALSE,NORMAL,NORMAL,LOW,FALSE,HIGH,ZERO,NORMAL,FALSE,NORMAL
FALSE,FALSE,NORMAL,FALSE,HIGH,FALSE,HIGH,HIGH,NORMAL,LOW,NORMAL,LOW,HIGH,HIGH,NORMAL,FALSE,NORMAL,NORMAL,LOW,NORMAL,ZERO,FALSE,LOW,ZERO,LOW,HIGH,FALSE,FALSE,HIGH,NORMAL,LOW,FALSE,HIGH,ZERO,NORMAL,FALSE,NORMAL
FALSE,FALSE,NORMAL,FALSE,HIGH,FALSE,HIGH,LOW,NORMAL,NORMAL,NORMAL,LOW,HIGH,HIGH,NORMAL,FALSE,NORMAL,NORMAL,NORMAL,NORMAL,ZERO,FALSE,LOW,ZERO,LOW,HIGH,FALSE,FALSE,HIGH,NORMAL,LOW,FALSE,HIGH,ZERO,NORMAL,FALSE,NORMAL
FALSE,TRUE,NORMAL,FALSE,LOW,FALSE,HIGH,HIGH,NORMAL,LOW,NORMAL,LOW,HIGH,HIGH,NORMAL,FALSE,NORMAL,NORMAL,NORMAL,NORMAL,LOW,FALSE,HIGH,HIGH,LOW,HIGH,FALSE,FALSE,HIGH,NORMAL,HIGH,FALSE,HIGH,HIGH,NORMAL,FALSE,NORMAL
FALSE,FALSE,NORMAL,FALSE,HIGH,FALSE,HIGH,HIGH,NORMAL,LOW,LOW,ZERO,HIGH,HIGH,NORMAL,FALSE,NORMAL,NORMAL,LOW,NORMAL,ZERO,FALSE,LOW,ZERO,LOW,HIGH,FALSE,FALSE,HIGH,NORMAL,LOW,FALSE,HIGH,ZERO,NORMAL,FALSE,NORMAL
FALSE,FALSE,NORMAL,FALSE,HIGH,FALSE,HIGH,LOW,LOW,LOW,NORMAL,LOW,HIGH,LOW,NORMAL,FALSE,NORMAL,NORMAL,LOW,NORMAL,ZERO,FALSE,LOW,ZERO,LOW,HIGH,FALSE,FALSE,HIGH,NORMAL,LOW,FALSE,HIGH,ZERO,LOW,FALSE,NORMAL
FALSE,FALSE,NORMAL,FALSE,HIGH,FALSE,HIGH,HIGH,NORMAL,LOW,NORMAL,LOW,HIGH,HIGH,NORMAL,FALSE,NORMAL,NORMAL,HIGH,NORMAL,ZERO,FALSE,LOW,ZERO,LOW,HIGH,FALSE,FALSE,HIGH,NORMAL,LOW,FALSE,HIGH,ZERO,NORMAL,FALSE,NORMAL
FALSE,TRUE,NORMAL,FALSE,HIGH,FALSE,HIGH,LOW,NORMAL,HIGH,NORMAL,LOW,HIGH,HIGH,NORMAL,FALSE,LOW,NORMAL,NORMAL,LOW,ZERO,FALSE,LOW,ZERO,LOW,HIGH,FALSE,FALSE,HIGH,LOW,LOW,FALSE,HIGH,ZERO,NORMAL,FALSE,NORMAL
FALSE,FALSE,NORMAL,TRUE,NORMAL,FALSE,HIGH,LOW,NORMAL,NORMAL,LOW,ZERO,HIGH,NORMAL,ONESIDED,FALSE,LOW,LOW,NORMAL,LOW,ZERO,FALSE,LOW,NORMAL,LOW,HIGH,TRUE,FALSE,HIGH,LOW,LOW,FALSE,HIGH,NORMAL,LOW,FALSE,HIGH
FALSE,FALSE,NORMAL,FALSE,HIGH,TRUE,HIGH,HIGH,NORMAL,NORMAL,NORMAL,LOW,HIGH,HIGH,ONESIDED,FALSE,NORMAL,NORMAL,NORMAL,NORMAL,LOW,FALSE,LOW,ZERO,NORMAL,NORMAL,FALSE,FALSE,NORMAL,NORMAL,LOW,FALSE,HIGH,LOW,NORMAL,FALSE,HIGH
FALSE,FALSE,NORMAL,FALSE,HIGH,FALSE,HIGH,LOW,NORMAL,LOW,NORMAL,LOW,HIGH,HIGH,NORMAL,FALSE,HIGH,NORMAL,LOW,HIGH,ZERO,FALSE,LOW,ZERO,LOW,HIGH,FALSE,FALSE,HIGH,HIGH,LOW,FALSE,HIGH,ZERO,NORMAL,FALSE,NORMAL
FALSE,FALSE,NORMAL,FALSE,LOW,TRUE,LOW,HIGH,LOW,LOW,ZERO,ZERO,NORMAL,NORMAL,NORMAL,FALSE,NORMAL,NORMAL,HIGH,NORMAL,LOW,FALSE,NORMAL,HIGH,LOW,LOW,FALSE,FALSE,HIGH,NORMAL,NORMAL,FALSE,NORMAL,HIGH,NORMAL,FALSE,NORMAL
TRUE,FALSE,NORMAL,FALSE,LOW,FALSE,LOW,HIGH,LOW,NORMAL,NORMAL,ZERO,NORMAL,LOW,NORMAL,FALSE,HIGH,NORMAL,HIGH,HIGH,LOW,FALSE,HIGH,HIGH,LOW,LOW,FALSE,TRUE,LOW,HIGH,HIGH,FALSE,NORMAL,HIGH,LOW,FALSE,NORMAL
FALSE,FALSE,NORMAL,FALSE,HIGH,FALSE,HIGH,HIGH,NORMAL,HIGH,NORMAL,LOW,HIGH,HIGH,NORMAL,FALSE,NORMAL,NORMAL,HIGH,NORMAL,ZERO,FALSE,LOW,ZERO,LOW,HIGH,FALSE,FALSE,HIGH,NORMAL,LOW,FALSE,HIGH,ZERO,NORMAL,FALSE,NORMAL
FALSE,FALSE,NORMAL,FALSE,HIGH,FALSE,HIGH,HIGH,NORMAL,HIGH,LOW,ZERO,HIGH,HIGH,NORMAL,FALSE,NORMAL,LOW,NORMAL,NORMAL,ZERO,FALSE,LOW,ZERO,LOW,HIGH,FALSE,FALSE,HIGH,NORMAL,LOW,FALSE,HIGH,ZERO,NORMAL,FALSE,NORMAL
FALSE,FALSE,NORMAL,TRUE,NORMAL,FALSE,HIGH,LOW,NORMAL,LOW,NORMAL,HIGH,HIGH,LOW,NORMAL,FALSE,LOW,NORMAL,NORMAL,LOW,LOW,FALSE,HIGH,HIGH,ZERO,HIGH,TRUE,FALSE,HIGH,LOW,HIGH,FALSE,HIGH,HIGH,LOW,FALSE,NORMAL
FALSE,FALSE,HIGH,FALSE,HIGH,FALSE,HIGH,NORMAL,NORMAL,LOW,NORMAL,LOW,HIGH,HIGH,NORMAL,FALSE,NORMAL,NORMAL,LOW,NORMAL,ZERO,FALSE,LOW,ZERO,LOW,HIGH,FALSE,FALSE,HIGH,NORMAL,LOW,FALSE,HIGH,ZERO,NORMAL,FALSE,NORMAL
FALSE,FALSE,NORMAL,FALSE,HIGH,FALSE,HIGH,HIGH,NORMAL,HIGH,NORMAL,LOW,HIGH,HIGH,ESOPHAGEAL,FALSE,NORMAL,NORMAL,HIGH,NORMAL,ZERO,FALSE,LOW,LOW,LOW,HIGH,FALSE,FALSE,HIGH,NORMAL,LOW,FALSE,HIGH,LOW,NORMAL,FALSE,NORMAL
FALSE,FALSE,NORMAL,FALSE,HIGH,FALSE,HIGH,NORMAL,NORMAL,LOW,NORMAL,LOW,HIGH,LOW,NORMAL,FALSE,HIGH,NORMAL,NORMAL,HIGH,ZERO,FALSE,LOW,ZERO,LOW,HIGH,FALSE,TRUE,HIGH,HIGH,LOW,FALSE,HIGH,ZERO,LOW,FALSE,NORMAL
TRUE,FALSE,NORMAL,FALSE,HIGH,FALSE,HIGH,HIGH,NORMAL,HIGH,NORMAL,ZERO,HIGH,HIGH,ONESIDED,FALSE,NORMAL,NORMAL,HIGH,NORMAL,LOW,FALSE,NORMAL,ZERO,NORMAL,HIGH,FALSE,FALSE,HIGH,NORMAL,LOW,FALSE,HIGH,LOW,NORMAL,TRUE,HIGH
FALSE,FALSE,NORMAL,FALSE,HIGH,FALSE,HIGH,NORMAL,NORMAL,HIGH,NORMAL,LOW,HIGH,HIGH,NORMAL,FALSE,NORMAL,NORMAL,HIGH,NORMAL,ZERO,FALSE,LOW,ZERO,LOW,HIGH,FALSE,FALSE,HIGH,NORMAL,LOW,FALSE,HIGH,ZERO,NORMAL,FALSE,NORMAL
FALSE,FALSE,HIGH,FALSE,HIGH,FALSE,HIGH,HIGH,NORMAL,HIGH,NORMAL,LOW,HIGH,HIGH,ESOPHAGEAL,FALSE,NORMAL,NORMAL,NORMAL,NORMAL,ZERO,FALSE,LOW,LOW,LOW,HIGH,FALSE,FALSE,HIGH,NORMAL,LOW,FALSE,HIGH,LOW,NORMAL,FALSE,NORMAL
FALSE,FALSE,NORMAL,FALSE,HIGH,FALSE,HIGH,LOW,NORMAL,NORMAL,NORMAL,LOW,HIGH,NORMAL,NORMAL,FALSE,NORMAL,NORMAL,HIGH,LOW,ZERO,FALSE,LOW,ZERO,LOW,HIGH,FALSE,FALSE,HIGH,NORMAL,LOW,FALSE,HIGH,ZERO,NORMAL,FALSE,NORMAL
FALSE,FALSE,NORMAL,FALSE,LOW,FALSE,HIGH,HIGH,NORMAL,HIGH,ZERO,ZERO,HIGH,HIGH,NORMAL,FALSE,NORMAL,NORMAL,NORMAL,NORMAL,LOW,FALSE,HIGH,HIGH,LOW,HIGH,FALSE,FALSE,HIGH,NORMAL,HIGH,FALSE,HIGH,HIGH,NORMAL,FALSE,NORMAL
FALSE,FALSE,NORMAL,FALSE,HIGH,FALSE,HIGH,HIGH,NORMAL,HIGH,NORMAL,LOW,HIGH,HIGH,NORMAL,FALSE,NORMAL,NORMAL,HIGH,NORMAL,ZERO,FALSE,LOW,ZERO,LOW,HIGH,FALSE,FALSE,HIGH,NORMAL,LOW,FALSE,HIGH,ZERO,NORMAL,FALSE,NORMAL
TRUE,TRUE,HIGH,FALSE,HIGH,FALSE,HIGH,HIGH,NORMAL,HIGH,HIGH,NORMAL,HIGH,HIGH,NORMAL,FALSE,NORMAL,HIGH,HIGH,NORMAL,HIGH,FALSE,LOW,LOW,HIGH,HIGH,FALSE,FALSE,HIGH,NORMAL,LOW,FALSE,HIGH,LOW,NORMAL,FALSE,NORMAL
TRUE,FALSE,NORMAL,FALSE,HIGH,FALSE,HIGH,NORMAL,NORMAL,NORMAL,NORMAL,ZERO,HIGH,HIGH,NORMAL,FALSE,NORMAL,NORMAL,HIGH,NORMAL,ZERO,FALSE,LOW,ZERO,LOW,HIGH,FALSE,FALSE,HIGH,NORMAL,LOW,FALSE,HIGH,ZERO,NORMAL,FALSE,NORMAL
FALSE,FALSE,NORMAL,FALSE,HIGH,FALSE,HIGH,HIGH,NORMAL,HIGH,NORMAL,LOW,HIGH,HIGH,NORMAL,FALSE,NORMAL,NORMAL,HIGH,NORMAL,ZERO,FALSE,LOW,ZERO,LOW,HIGH,FALSE,FALSE,HIGH,NORMAL,LOW,FALSE,HIGH,ZERO,NORMAL,FALSE,NORMAL
FALSE,FALSE,NORMAL,FALSE,HIGH,FALSE,HIGH,HIGH,NORMAL,HIGH,NORMAL,LOW,HIGH,HIGH,ONESIDED,FALSE,NORMAL,NORMAL,HIGH,NORMAL,LOW,FALSE,LOW,ZERO,NORMAL,HIGH,FALSE,FALSE,HIGH,NORMAL,LOW,FALSE,HIGH,LOW,NORMAL,FALSE,HIGH
FALSE,FALSE,NORMAL,FALSE,NORMAL,FALSE,LOW,HIGH,NORMAL,HIGH,ZERO,ZERO,NORMAL,NORMAL,NORMAL,FALSE,NORMAL,HIGH,HIGH,NORMAL,LOW,FALSE,HIGH,HIGH,ZERO,LOW,FALSE,FALSE,LOW,NORMAL,HIGH,FALSE,NORMAL,HIGH,NORMAL,FALSE,NORMAL
FALSE,FALSE,LOW,FALSE,LOW,TRUE,NORMAL,HIGH,NORMAL,HIGH,LOW,ZERO,HIGH,HIGH,NORMAL,FALSE,HIGH,LOW,NORMAL,HIGH,LOW,FALSE,HIGH,HIGH,LOW,NORMAL,FALSE,TRUE,NORMAL,HIGH,HIGH,FALSE,HIGH,HIGH,NORMAL,FALSE,NORMAL
FALSE,FALSE,NORMAL,FALSE,HIGH,FALSE,HIGH,LOW,NORMAL,HIGH,NORMAL,LOW,HIGH,HIGH,NORMAL,FALSE,HIGH,NORMAL,HIGH,HIGH,ZERO,FALSE,LOW,ZERO,LOW,HIGH,FALSE,FALSE,HIGH,HIGH,LOW,FALSE,HIGH,ZERO,NORMAL,FALSE,NORMAL
FALSE,FALSE,NORMAL,FALSE,LOW,FALSE,HIGH,HIGH,NORMAL,LOW,NORMAL,LOW,HIGH,HIGH,NORMAL,FALSE,NORMAL,NORMAL,LOW,NORMAL,ZERO,FALSE,LOW,ZERO,ZERO,HIGH,FALSE,FALSE,HIGH,NORMAL,LOW,FALSE,HIGH,ZERO,NORMAL,FALSE,NORMAL
FALSE,FALSE,NORMAL,FALSE,HIGH,FALSE,HIGH,NORMAL,NORMAL,LOW,NORMAL,LOW,HIGH,HIGH,NORMAL,FALSE,NORMAL,NORMAL,LOW,NORMAL,ZERO,FALSE,LOW,ZERO,LOW,HIGH,FALSE,FALSE,HIGH,NORMAL,LOW,FALSE,HIGH,ZERO,NORMAL,FALSE,NORMAL
FALSE,FALSE,NORMAL,FALSE,HIGH,FALSE,HIGH,LOW,NORMAL,NORMAL,HIGH,HIGH,HIGH,NORMAL,NORMAL,FALSE,NORMAL,NORMAL,NORMAL,NORMAL,ZERO,FALSE,LOW,ZERO,LOW,HIGH,FALSE,FALSE,HIGH,NORMAL,LOW,FALSE,HIGH,ZERO,NORMAL,TRUE,NORMAL
FALSE,FALSE,NORMAL,FALSE,HIGH,FALSE,HIGH,ZERO,NORMAL,HIGH,ZERO,ZERO,HIGH,HIGH,NORMAL,FALSE,NORMAL,NORMAL,NORMAL,NORMAL,ZERO,FALSE,LOW,ZERO,LOW,HIGH,FALSE,FALSE,HIGH,NORMAL,LOW,FALSE,HIGH,ZERO,NORMAL,TRUE,NORMAL
FALSE,TRUE,NORMAL,FALSE,HIGH,FALSE,HIGH,LOW,NORMAL,LOW,NORMAL,LOW,HIGH,NORMAL,NORMAL,FALSE,NORMAL,NORMAL,LOW,NORMAL,ZERO,FALSE,LOW,ZERO,LOW,HIGH,FALSE,FALSE,HIGH,NORMAL,LOW,FALSE,HIGH,ZERO,NORMAL,FALSE,NORMAL
FALSE,FALSE,NORMAL,FALSE,HIGH,FALSE,HIGH,HIGH,NORMAL,HIGH,NORMAL,LOW,HIGH,HIGH,ONESIDED,FALSE,NORMAL,NORMAL,NORMAL,NORMAL,LOW,FALSE,LOW,ZERO,NORMAL,HIGH,FALSE,FALSE,HIGH,NORMAL,LOW,FALSE,HIGH,LOW,NORMAL,FALSE,HIGH
FALSE,FALSE,NORMAL,FALSE,NORMAL,FALSE,LOW,HIGH,LOW,LOW,NORMAL,LOW,HIGH,NORMAL,ONESIDED,FALSE,NORMAL,NORMAL,LOW,NORMAL,ZERO,FALSE,LOW,NORMAL,LOW,LOW,FALSE,FALSE,LOW,NORMAL,LOW,FALSE,NORMAL,NORMAL,NORMAL,FALSE,HIGH
FALSE,FALSE,NORMAL,FALSE,HIGH,FALSE,NORMAL,LOW,NORMAL,LOW,NORMAL,LOW,HIGH,HIGH,NORMAL,TRUE,NORMAL,NORMAL,NORMAL,NORMAL,ZERO,FALSE,LOW,ZERO,LOW,HIGH,FALSE,FALSE,HIGH,NORMAL,LOW,FALSE,HIGH,ZERO,NORMAL,TRUE,NORMAL
FALSE,FALSE,NORMAL,FALSE,HIGH,FALSE,HIGH,HIGH,NORMAL,HIGH,ZERO,ZERO,HIGH,HIGH,NORMAL,FALSE,NORMAL,NORMAL,NORMAL,NORMAL,ZERO,FALSE,LOW,ZERO,LOW,HIGH,FALSE,TRUE,HIGH,NORMAL,LOW,FALSE,HIGH,ZERO,NORMAL,FALSE,NORMAL
FALSE,FALSE,HIGH,FALSE,LOW,FALSE,LOW,HIGH,NORMAL,NORMAL,LOW,ZERO,NORMAL,LOW,NORMAL,FALSE,NORMAL,LOW,HIGH,NORMAL,LOW,FALSE,HIGH,HIGH,LOW,NORMAL,FALSE,FALSE,LOW,NORMAL,HIGH,FALSE,NORMAL,HIGH,LOW,FALSE,NORMAL
FALSE,TRUE,NORMAL,FALSE,HIGH,FALSE,HIGH,HIGH,NORMAL,HIGH,NORMAL,LOW,HIGH,HIGH,ESOPHAGEAL,FALSE,NORMAL,NORMAL,NORMAL,NORMAL,ZERO,FALSE,LOW,NORMAL,LOW,HIGH,FALSE,FALSE,HIGH,NORMAL,LOW,FALSE,HIGH,LOW,NORMAL,FALSE,NORMAL
FALSE,FALSE,NORMAL,FALSE,HIGH,FALSE,HIGH,HIGH,NORMAL,HIGH,NORMAL,LOW,HIGH,HIGH,NORMAL,FALSE,NORMAL,NORMAL,NORMAL,NORMAL,ZERO,FALSE,LOW,ZERO,LOW,HIGH,FALSE,FALSE,HIGH,NORMAL,LOW,FALSE,HIGH,ZERO,NORMAL,FALSE,NORMAL
FALSE,FALSE,NORMAL,FALSE,HIGH,FALSE,HIGH,LOW,NORMAL,LOW,NORMAL,LOW,HIGH,LOW,NORMAL,FALSE,HIGH,NORMAL,NORMAL,NORMAL,ZERO,FALSE,LOW,ZERO,LOW,HIGH,FALSE,TRUE,HIGH,HIGH,LOW,FALSE,HIGH,ZERO,LOW,TRUE,HIGH
FALSE,FALSE,NORMAL,FALSE,LOW,FALSE,LOW,LOW,NORMAL,LOW,HIGH,HIGH,NORMAL,LOW,NORMAL,FALSE,NORMAL,HIGH,HIGH,NORMAL,LOW,FALSE,HIGH,HIGH,LOW,LOW,FALSE,FALSE,LOW,NORMAL,HIGH,FALSE,NORMAL,HIGH,NORMAL,FALSE,NORMAL
FALSE,FALSE,NORMAL,FALSE,HIGH,FALSE,HIGH,HIGH,NORMAL,LOW,NORMAL,LOW,HIGH,HIGH,NORMAL,FALSE,NORMAL,NORMAL,LOW,NORMAL,ZERO,FALSE,LOW,ZERO,LOW,HIGH,FALSE,FALSE,HIGH,NORMAL,LOW,FALSE,HIGH,ZERO,NORMAL,FALSE,NORMAL
TRUE,FALSE,NORMAL,FALSE,HIGH,FALSE,HIGH,ZERO,NORMAL,NORMAL,NORMAL,ZERO,HIGH,NORMAL,NORMAL,FALSE,HIGH,NORMAL,NORMAL,NORMAL,ZERO,FALSE,LOW,NORMAL,LOW,HIGH,FALSE,TRUE,HIGH,HIGH,LOW,FALSE,HIGH,ZERO,LOW,TRUE,NORMAL
FALSE,FALSE,NORMAL,FALSE,HIGH,FALSE,HIGH,LOW,NORMAL,LOW,NORMAL,LOW,HIGH,LOW,NORMAL,FALSE,NORMAL,NORMAL,NORMAL,NORMAL,ZERO,FALSE,LOW,ZERO,LOW,HIGH,FALSE,FALSE,HIGH,NORMAL,NORMAL,FALSE,HIGH,ZERO,LOW,FALSE,NORMAL
FALSE,FALSE,HIGH,FALSE,HIGH,FALSE,HIGH,ZERO,NORMAL,HIGH,NORMAL,ZERO,HIGH,HIGH,NORMAL,FALSE,NORMAL,NORMAL,HIGH,NORMAL,ZERO,FALSE,LOW,ZERO,LOW,HIGH,FALSE,FALSE,HIGH,NORMAL,LOW,TRUE,HIGH,ZERO,NORMAL,TRUE,HIGH
FALSE,FALSE,NORMAL,FALSE,HIGH,FALSE,HIGH,HIGH,NORMAL,HIGH,NORMAL,LOW,HIGH,HIGH,NORMAL,FALSE,NORMAL,NORMAL,HIGH,NORMAL,ZERO,FALSE,LOW,ZERO,LOW,HIGH,FALSE,FALSE,HIGH,NORMAL,LOW,FALSE,HIGH,ZERO,NORMAL,FALSE,NORMAL
FALSE,FALSE,NORMAL,FALSE,HIGH,FALSE,HIGH,HIGH,NORMAL,HIGH,NORMAL,LOW,HIGH,HIGH,NORMAL,FALSE,HIGH,NORMAL,NORMAL,NORMAL,ZERO,FALSE,LOW,ZERO,LOW,HIGH,FALSE,TRUE,HIGH,HIGH,LOW,FALSE,HIGH,ZERO,NORMAL,FALSE,NORMAL
FALSE,FALSE,NORMAL,FALSE,HIGH,FALSE,HIGH,LOW,NORMAL,LOW,NORMAL,LOW,HIGH,LOW,NORMAL,FALSE,HIGH,NORMAL,LOW,NORMAL,ZERO,FALSE,LOW,ZERO,LOW,HIGH,FALSE,TRUE,HIGH,HIGH,LOW,FALSE,HIGH,ZERO,LOW,FALSE,NORMAL
FALSE,FALSE,NORMAL,FALSE,LOW,FALSE,LOW,ZERO,NORMAL,NORMAL,NORMAL,ZERO,NORMAL,NORMAL,NORMAL,FALSE,NORMAL,NORMAL,HIGH,NORMAL,LOW,FALSE,HIGH,HIGH,LOW,LOW,FALSE,FALSE,LOW,NORMAL,HIGH,FALSE,NORMAL,HIGH,NORMAL,FALSE,NORMAL
FALSE,FALSE,NORMAL,FALSE,HIGH,FALSE,HIGH,HIGH,NORMAL,LOW,NORMAL,LOW,HIGH,HIGH,NORMAL,FALSE,NORMAL,NORMAL,LOW,NORMAL,ZERO,FALSE,LOW,ZERO,LOW,HIGH,FALSE,FALSE,HIGH,NORMAL,LOW,FALSE,HIGH,ZERO,NORMAL,FALSE,NORMAL
FALSE,FALSE,HIGH,TRUE,HIGH,FALSE,HIGH,NORMAL,NORMAL,LOW,NORMAL,LOW,HIGH,LOW,NORMAL,FALSE,LOW,NORMAL,LOW,LOW,ZERO,FALSE,LOW,ZERO,LOW,HIGH,TRUE,TRUE,HIGH,LOW,LOW,FALSE,HIGH,ZERO,LOW,FALSE,NORMAL
TRUE,FALSE,NORMAL,FALSE,LOW,FALSE,HIGH,HIGH,NORMAL,LOW,NORMAL,ZERO,HIGH,HIGH,NORMAL,FALSE,NORMAL,NORMAL,LOW,NORMAL,LOW,FALSE,HIGH,HIGH,LOW,HIGH,FALSE,FALSE,HIGH,NORMAL,HIGH,FALSE,HIGH,HIGH,NORMAL,FALSE,NORMAL
FALSE,FALSE,NORMAL,FALSE,HIGH,FALSE,HIGH,HIGH,NORMAL,LOW,NORMAL,LOW,HIGH,HIGH,NORMAL,FALSE,NORMAL,NORMAL,NORMAL,NORMAL,ZERO,FALSE,LOW,ZERO,LOW,HIGH,FALSE,FALSE,HIGH,NORMAL,LOW,FALSE,HIGH,ZERO,NORMAL,FALSE,NORMAL
FALSE,FALSE,LOW,FALSE,HIGH,FALSE,HIGH,LOW,NORMAL,HIGH,NORMAL,LOW,HIGH,HIGH,NORMAL,FALSE,NORMAL,NORMAL,NORMAL,NORMAL,ZERO,FALSE,LOW,ZERO,LOW,HIGH,FALSE,FALSE,HIGH,NORMAL,LOW,FALSE,HIGH,ZERO,NORMAL,FALSE,NORMAL
FALSE,FALSE,NORMAL,FALSE,HIGH,FALSE,HIGH,HIGH,NORMAL,HIGH,NORMAL,LOW,HIGH,HIGH,NORMAL,FALSE,NORMAL,NORMAL,NORMAL,NORMAL,ZERO,FALSE,LOW,ZERO,LOW,HIGH,FALSE,FALSE,HIGH,NORMAL,LOW,FALSE,HIGH,ZERO,NORMAL,FALSE,NORMAL
FALSE,FALSE,NORMAL,FALSE,HIGH,TRUE,LOW,HIGH,NORMAL,HIGH,NORMAL,LOW,NORMAL,NORMAL,ESOPHAGEAL,FALSE,NORMAL,NORMAL,HIGH,NORMAL,LOW,FALSE,LOW,ZERO,NORMAL,LOW,FALSE,FALSE,NORMAL,NORMAL,LOW,FALSE,NORMAL,ZERO,NORMAL,FALSE,NORMAL
TRUE,FALSE,NORMAL,FALSE,LOW,FALSE,HIGH,LOW,NORMAL,HIGH,NORMAL,HIGH,HIGH,HIGH,NORMAL,FALSE,NORMAL,NORMAL,NORMAL,NORMAL,LOW,FALSE,HIGH,HIGH,LOW,HIGH,FALSE,FALSE,HIGH,NORMAL,HIGH,FALSE,HIGH,HIGH,NORMAL,FALSE,NORMAL
TRUE,FALSE,NORMAL,FALSE,LOW,FALSE,NORMAL,HIGH,NORMAL,LOW,LOW,ZERO,HIGH,HIGH,NORMAL,TRUE,HIGH,LOW,LOW,NORMAL,LOW,FALSE,HIGH,HIGH,LOW,HIGH,FALSE,FALSE,HIGH,HIGH,LOW,FALSE,HIGH,HIGH,NORMAL,FALSE,HIGH
FALSE,FALSE,NORMAL,FALSE,HIGH,FALSE,LOW,NORMAL,NORMAL,LOW,NORMAL,LOW,HIGH,LOW,NORMAL,FALSE,HIGH,NORMAL,LOW,NORMAL,ZERO,FALSE,LOW,LOW,LOW,LOW,FALSE,TRUE,LOW,HIGH,LOW,FALSE,NORMAL,ZERO,LOW,FALSE,NORMAL
FALSE,FALSE,NORMAL,FALSE,HIGH,FALSE,HIGH,HIGH,NORMAL,NORMAL,NORMAL,LOW,HIGH,HIGH,ONESIDED,FALSE,HIGH,NORMAL,HIGH,NORMAL,LOW,FALSE,LOW,ZERO,NORMAL,HIGH,FALSE,TRUE,HIGH,HIGH,LOW,FALSE,HIGH,LOW,NORMAL,FALSE,HIGH
FALSE,FALSE,NORMAL,FALSE,HIGH,FALSE,HIGH,NORMAL,NORMAL,NORMAL,NORMAL,LOW,HIGH,HIGH,NORMAL,FALSE,NORMAL,NORMAL,HIGH,NORMAL,ZERO,FALSE,LOW,ZERO,LOW,HIGH,FALSE,FALSE,HIGH,NORMAL,LOW,FALSE,HIGH,ZERO,NORMAL,FALSE,NORMAL
FALSE,FALSE,NORMAL,FALSE,HIGH,TRUE,HIGH,HIGH,NORMAL,LOW,NORMAL,LOW,HIGH,LOW,NORMAL,FALSE,HIGH,NORMAL,NORMAL,HIGH,ZERO,FALSE,LOW,ZERO,LOW,NORMAL,FALSE,TRUE,NORMAL,HIGH,LOW,FALSE,HIGH,ZERO,LOW,FALSE,NORMAL
FALSE,FALSE,HIGH,FALSE,HIGH,FALSE,HIGH,LOW,LOW,LOW,NORMAL,LOW,HIGH,HIGH,NORMAL,FALSE,HIGH,NORMAL,LOW,HIGH,ZERO,FALSE,LOW,ZERO,LOW,HIGH,FALSE,FALSE,HIGH,HIGH,LOW,FALSE,HIGH,ZERO,NORMAL,FALSE,NORMAL
FALSE,FALSE,NORMAL,FALSE,HIGH,FALSE,HIGH,LOW,NORMAL,LOW,NORMAL,LOW,HIGH,LOW,NORMAL,FALSE,NORMAL,NORMAL,NORMAL,LOW,ZERO,FALSE,LOW,ZERO,LOW,HIGH,FALSE,FALSE,HIGH,NORMAL,LOW,FALSE,HIGH,ZERO,LOW,FALSE,HIGH
FALSE,FALSE,NORMAL,FALSE,HIGH,FALSE,HIGH,HIGH,NORMAL,NORMAL,LOW,ZERO,HIGH,HIGH,NORMAL,FALSE,NORMAL,LOW,NORMAL,NORMAL,ZERO,FALSE,LOW,ZERO,LOW,HIGH,FALSE,FALSE,HIGH,NORMAL,LOW,FALSE,HIGH,ZERO,NORMAL,FALSE,NORMAL
FALSE,TRUE,HIGH,FALSE,HIGH,FALSE,HIGH,HIGH,NORMAL,LOW,NORMAL,LOW,HIGH,HIGH,NORMAL,FALSE,NORMAL,NORMAL,LOW,NORMAL,ZERO,FALSE,LOW,ZERO,LOW,HIGH,FALSE,FALSE,HIGH,NORMAL,LOW,FALSE,HIGH,ZERO,NORMAL,FALSE,NORMAL
FALSE,FALSE,NORMAL,FALSE,HIGH,FALSE,HIGH,HIGH,NORMAL,LOW,NORMAL,LOW,HIGH,LOW,NORMAL,FALSE,HIGH,NORMAL,LOW,NORMAL,ZERO,FALSE,LOW,ZERO,LOW,HIGH,FALSE,TRUE,HIGH,HIGH,LOW,FALSE,HIGH,ZERO,LOW,FALSE,NORMAL
FALSE,FALSE,NORMAL,FALSE,HIGH,FALSE,HIGH,LOW,NORMAL,LOW,NORMAL,LOW,HIGH,HIGH,NORMAL,FALSE,NORMAL,NORMAL,LOW,NORMAL,ZERO,FALSE,LOW,ZERO,LOW,HIGH,FALSE,FALSE,HIGH,NORMAL,LOW,FALSE,HIGH,ZERO,NORMAL,FALSE,NORMAL
FALSE,FALSE,NORMAL,FALSE,HIGH,TRUE,HIGH,NORMAL,NORMAL,HIGH,NORMAL,LOW,HIGH,HIGH,NORMAL,FALSE,LOW,NORMAL,NORMAL,NORMAL,ZERO,FALSE,LOW,HIGH,LOW,NORMAL,FALSE,FALSE,NORMAL,NORMAL,LOW,FALSE,HIGH,ZERO,NORMAL,FALSE,NORMAL
FALSE,FALSE,NORMAL,FALSE,HIGH,FALSE,HIGH,HIGH,NORMAL,LOW,NORMAL,LOW,HIGH,LOW,NORMAL,FALSE,HIGH,NORMAL,LOW,NORMAL,ZERO,FALSE,LOW,ZERO,LOW,HIGH,FALSE,TRUE,HIGH,HIGH,LOW,FALSE,HIGH,ZERO,NORMAL,FALSE,NORMAL
TRUE,TRUE,NORMAL,FALSE,LOW,FALSE,HIGH,HIGH,NORMAL,HIGH,NORMAL,ZERO,HIGH,HIGH,NORMAL,FALSE,HIGH,NORMAL,HIGH,HIGH,LOW,FALSE,HIGH,HIGH,ZERO,HIGH,FALSE,TRUE,HIGH,HIGH,LOW,FALSE,HIGH,HIGH,NORMAL,FALSE,HIGH
TRUE,TRUE,NORMAL,FALSE,LOW,TRUE,LOW,HIGH,NORMAL,NORMAL,NORMAL,ZERO,NORMAL,NORMAL,NORMAL,FALSE,NORMAL,NORMAL,HIGH,NORMAL,LOW,FALSE,HIGH,HIGH,LOW,NORMAL,FALSE,FALSE,NORMAL,NORMAL,HIGH,FALSE,NORMAL,HIGH,NORMAL,FALSE,NORMAL
FALSE,FALSE,NORMAL,FALSE,HIGH,FALSE,HIGH,HIGH,NORMAL,LOW,NORMAL,LOW,HIGH,HIGH,NORMAL,FALSE,HIGH,NORMAL,LOW,NORMAL,ZERO,FALSE,LOW,ZERO,LOW,HIGH,FALSE,TRUE,HIGH,HIGH,LOW,FALSE,HIGH,ZERO,NORMAL,FALSE,NORMAL
FALSE,FALSE,NORMAL,FALSE,HIGH,FALSE,HIGH,HIGH,NORMAL,HIGH,NORMAL,LOW,HIGH,HIGH,ESOPHAGEAL,FALSE,NORMAL,NORMAL,NORMAL,NORMAL,ZERO,FALSE,LOW,LOW,LOW,HIGH,FALSE,FALSE,HIGH,NORMAL,LOW,FALSE,HIGH,LOW,NORMAL,FALSE,NORMAL
FALSE,FALSE,NORMAL,FALSE,HIGH,FALSE,HIGH,LOW,NORMAL,LOW,NORMAL,LOW,HIGH,HIGH,NORMAL,FALSE,NORMAL,NORMAL,LOW,HIGH,ZERO,FALSE,LOW,ZERO,LOW,HIGH,FALSE,TRUE,HIGH,HIGH,LOW,FALSE,HIGH,ZERO,NORMAL,FALSE,NORMAL
FALSE,FALSE,NORMAL,FALSE,HIGH,FALSE,LOW,HIGH,NORMAL,LOW,NORMAL,LOW,HIGH,LOW,NORMAL,FALSE,NORMAL,NORMAL,LOW,NORMAL,ZERO,FALSE,LOW,ZERO,LOW,LOW,FALSE,FALSE,LOW,NORMAL,LOW,FALSE,NORMAL,ZERO,LOW,FALSE,NORMAL
FALSE,FALSE,LOW,FALSE,HIGH,FALSE,HIGH,LOW,NORMAL,HIGH,NORMAL,LOW,HIGH,HIGH,NORMAL,FALSE,NORMAL,NORMAL,NORMAL,NORMAL,ZERO,FALSE,LOW,ZERO,LOW,HIGH,FALSE,FALSE,HIGH,NORMAL,LOW,FALSE,HIGH,ZERO,NORMAL,FALSE,NORMAL
TRUE,FALSE,NORMAL,FALSE,LOW,FALSE,HIGH,HIGH,NORMAL,HIGH,NORMAL,ZERO,HIGH,HIGH,NORMAL,FALSE,LOW,NORMAL,NORMAL,NORMAL,LOW,FALSE,HIGH,HIGH,LOW,HIGH,FALSE,FALSE,HIGH,NORMAL,HIGH,FALSE,HIGH,HIGH,NORMAL,FALSE,NORMAL
FALSE,FALSE,NORMAL,FALSE,LOW,TRUE,HIGH,LOW,NORMAL,LOW,HIGH,HIGH,HIGH,HIGH,NORMAL,FALSE,LOW,HIGH,LOW,NORMAL,LOW,TRUE,HIGH,HIGH,LOW,NORMAL,FALSE,FALSE,NORMAL,NORMAL,HIGH,FALSE,HIGH,HIGH,NORMAL,FALSE,NORMAL
FALSE,TRUE,NORMAL,FALSE,HIGH,FALSE,HIGH,LOW,NORMAL,HIGH,NORMAL,LOW,HIGH,HIGH,NORMAL,FALSE,NORMAL,NORMAL,NORMAL,NORMAL,ZERO,FALSE,LOW,ZERO,LOW,HIGH,FALSE,FALSE,HIGH,NORMAL,LOW,FALSE,HIGH,ZERO,NORMAL,FALSE,NORMAL
FALSE,FALSE,NORMAL,FALSE,HIGH,TRUE,HIGH,LOW,NORMAL,NORMAL,NORMAL,LOW,HIGH,HIGH,NORMAL,FALSE,NORMAL,NORMAL,HIGH,NORMAL,ZERO,FALSE,LOW,ZERO,LOW,NORMAL,FALSE,FALSE,NORMAL,NORMAL,NORMAL,FALSE,HIGH,ZERO,NORMAL,FALSE,NORMAL
FALSE,FALSE,NORMAL,FALSE,HIGH,TRUE,HIGH,HIGH,NORMAL,LOW,NORMAL,LOW,HIGH,HIGH,NORMAL,FALSE,NORMAL,NORMAL,LOW,NORMAL,ZERO,FALSE,NORMAL,ZERO,LOW,NORMAL,FALSE,FALSE,LOW,NORMAL,NORMAL,FALSE,HIGH,ZERO,NORMAL,FALSE,NORMAL
FALSE,FALSE,NORMAL,FALSE,LOW,FALSE,LOW,LOW,NORMAL,LOW,HIGH,HIGH,NORMAL,NORMAL,NORMAL,FALSE,HIGH,NORMAL,HIGH,HIGH,LOW,FALSE,HIGH,HIGH,LOW,LOW,FALSE,TRUE,LOW,HIGH,HIGH,FALSE,NORMAL,HIGH,NORMAL,FALSE,NORMAL
FALSE,FALSE,NORMAL,FALSE,HIGH,FALSE,HIGH,NORMAL,NORMAL,LOW,NORMAL,LOW,HIGH,HIGH,NORMAL,FALSE,NORMAL,NORMAL,LOW,NORMAL,ZERO,FALSE,LOW,ZERO,LOW,HIGH,FALSE,FALSE,HIGH,NORMAL,LOW,FALSE,HIGH,ZERO,NORMAL,FALSE,NORMAL
FALSE,FALSE,NORMAL,FALSE,HIGH,FALSE,HIGH,NORMAL,NORMAL,HIGH,NORMAL,LOW,HIGH,HIGH,NORMAL,FALSE,NORMAL,NORMAL,NORMAL,NORMAL,ZERO,FALSE,LOW,ZERO,LOW,HIGH,FALSE,FALSE,HIGH,NORMAL,LOW,FALSE,HIGH,ZERO,NORMAL,FALSE,NORMAL
FALSE,FALSE,NORMAL,FALSE,NORMAL,FALSE,HIGH,HIGH,NORMAL,NORMAL,NORMAL,LOW,HIGH,HIGH,ONESIDED,FALSE,NORMAL,NORMAL,NORMAL,LOW,ZERO,FALSE,LOW,NORMAL,LOW,HIGH,FALSE,FALSE,HIGH,LOW,LOW,FALSE,HIGH,NORMAL,NORMAL,FALSE,HIGH
FALSE,FALSE,NORMAL,FALSE,LOW,FALSE,HIGH,HIGH,NORMAL,LOW,ZERO,ZERO,HIGH,HIGH,NORMAL,FALSE,NORMAL,NORMAL,LOW,NORMAL,LOW,FALSE,HIGH,HIGH,LOW,HIGH,FALSE,FALSE,HIGH,NORMAL,HIGH,FALSE,HIGH,HIGH,NORMAL,FALSE,NORMAL
FALSE,FALSE,NORMAL,FALSE,HIGH,FALSE,HIGH,LOW,NORMAL,HIGH,NORMAL,LOW,HIGH,HIGH,NORMAL,FALSE,NORMAL,NORMAL,HIGH,NORMAL,ZERO,FALSE,LOW,HIGH,LOW,HIGH,FALSE,FALSE,HIGH,NORMAL,LOW,FALSE,HIGH,ZERO,NORMAL,FALSE,NORMAL
FALSE,FALSE,NORMAL,FALSE,HIGH,FALSE,HIGH,HIGH,NORMAL,HIGH,NORMAL,LOW,HIGH,HIGH,NORMAL,FALSE,HIGH,NORMAL,HIGH,NORMAL,ZERO,FALSE,LOW,LOW,LOW,HIGH,FALSE,FALSE,HIGH,HIGH,LOW,FALSE,HIGH,ZERO,NORMAL,FALSE,NORMAL
FALSE,FALSE,NORMAL,FALSE,HIGH,FALSE,HIGH,HIGH,NORMAL,HIGH,NORMAL,ZERO,HIGH,HIGH,NORMAL,FALSE,NORMAL,NORMAL,NORMAL,NORMAL,ZERO,FALSE,LOW,ZERO,LOW,HIGH,FALSE,FALSE,HIGH,NORMAL,LOW,FALSE,HIGH,ZERO,NORMAL,FALSE,HIGH
FALSE,FALSE,NORMAL,FALSE,HIGH,TRUE,HIGH,HIGH,NORMAL,HIGH,NORMAL,LOW,HIGH,HIGH,NORMAL,FALSE,NORMAL,NORMAL,NORMAL,NORMAL,ZERO,FALSE,LOW,ZERO,LOW,NORMAL,FALSE,FALSE,NORMAL,NORMAL,LOW,FALSE,HIGH,ZERO,NORMAL,FALSE,NORMAL
FALSE,FALSE,NORMAL,FALSE,LOW,FALSE,HIGH,HIGH,NORMAL,LOW,LOW,ZERO,HIGH,LOW,NORMAL,FALSE,LOW,LOW,NORMAL,NORMAL,LOW,FALSE,HIGH,HIGH,LOW,HIGH,FALSE,FALSE,HIGH,NORMAL,HIGH,FALSE,HIGH,HIGH,NORMAL,FALSE,NORMAL
FALSE,FALSE,HIGH,FALSE,LOW,FALSE,HIGH,LOW,NORMAL,HIGH,HIGH,HIGH,HIGH,HIGH,NORMAL,FALSE,NORMAL,HIGH,HIGH,NORMAL,LOW,FALSE,HIGH,HIGH,LOW,HIGH,FALSE,FALSE,HIGH,NORMAL,LOW,TRUE,HIGH,HIGH,NORMAL,FALSE,HIGH
FALSE,FALSE,NORMAL,FALSE,LOW,FALSE,HIGH,LOW,NORMAL,LOW,NORMAL,LOW,HIGH,HIGH,NORMAL,FALSE,NORMAL,NORMAL,LOW,NORMAL,ZERO,FALSE,LOW,ZERO,ZERO,HIGH,FALSE,FALSE,HIGH,NORMAL,LOW,FALSE,HIGH,ZERO,NORMAL,FALSE,NORMAL
FALSE,TRUE,NORMAL,FALSE,HIGH,FALSE,LOW,LOW,NORMAL,NORMAL,NORMAL,LOW,HIGH,NORMAL,NORMAL,FALSE,NORMAL,NORMAL,NORMAL,NORMAL,ZERO,FALSE,LOW,ZERO,LOW,LOW,FALSE,FALSE,LOW,NORMAL,LOW,FALSE,NORMAL,ZERO,NORMAL,FALSE,NORMAL
FALSE,FALSE,NORMAL,FALSE,HIGH,FALSE,HIGH,NORMAL,NORMAL,HIGH,NORMAL,LOW,HIGH,HIGH,NORMAL,FALSE,NORMAL,NORMAL,HIGH,NORMAL,ZERO,FALSE,LOW,ZERO,LOW,HIGH,FALSE,FALSE,HIGH,NORMAL,LOW,FALSE,HIGH,ZERO,NORMAL,FALSE,NORMAL
FALSE,FALSE,NORMAL,FALSE,HIGH,FALSE,LOW,LOW,NORMAL,NORMAL,NORMAL,LOW,NORMAL,NORMAL,NORMAL,FALSE,NORMAL,NORMAL,HIGH,NORMAL,ZERO,FALSE,LOW,ZERO,LOW,LOW,FALSE,FALSE,LOW,NORMAL,LOW,FALSE,NORMAL,ZERO,NORMAL,FALSE,NORMAL
FALSE,FALSE,NORMAL,FALSE,HIGH,FALSE,HIGH,HIGH,NORMAL,HIGH,NORMAL,LOW,HIGH,HIGH,NORMAL,FALSE,NORMAL,NORMAL,HIGH,NORMAL,ZERO,FALSE,LOW,ZERO,LOW,HIGH,FALSE,FALSE,HIGH,NORMAL,LOW,FALSE,HIGH,ZERO,NORMAL,FALSE,NORMAL
TRUE,FALSE,NORMAL,FALSE,LOW,FALSE,LOW,HIGH,NORMAL,LOW,NORMAL,ZERO,HIGH,HIGH,NORMAL,FALSE,NORMAL,NORMAL,LOW,NORMAL,LOW,FALSE,HIGH,HIGH,LOW,HIGH,FALSE,FALSE,HIGH,NORMAL,HIGH,FALSE,HIGH,HIGH,NORMAL,FALSE,NORMAL
FALSE,FALSE,NORMAL,FALSE,HIGH,FALSE,HIGH,HIGH,NORMAL,HIGH,NORMAL,LOW,HIGH,HIGH,ESOPHAGEAL,FALSE,HIGH,NORMAL,NORMAL,NORMAL,LOW,FALSE,LOW,ZERO,NORMAL,HIGH,FALSE,FALSE,HIGH,HIGH,LOW,FALSE,HIGH,ZERO,NORMAL,FALSE,NORMAL
FALSE,FALSE,NORMAL,FALSE,HIGH,FALSE,HIGH,LOW,NORMAL,LOW,NORMAL,LOW,HIGH,LOW,NORMAL,FALSE,HIGH,NORMAL,NORMAL,NORMAL,ZERO,FALSE,LOW,ZERO,LOW,HIGH,FALSE,TRUE,HIGH,HIGH,LOW,FALSE,HIGH,ZERO,LOW,FALSE,NORMAL
FALSE,FALSE,NORMAL,FALSE,HIGH,FALSE,HIGH,HIGH,NORMAL,LOW,NORMAL,LOW,HIGH,HIGH,NORMAL,FALSE,NORMAL,NORMAL,NORMAL,NORMAL,ZERO,FALSE,LOW,ZERO,LOW,HIGH,FALSE,FALSE,HIGH,NORMAL,LOW,FALSE,HIGH,ZERO,NORMAL,FALSE,NORMAL
FALSE,FALSE,NORMAL,FALSE,HIGH,FALSE,HIGH,HIGH,NORMAL,LOW,NORMAL,LOW,HIGH,LOW,NORMAL,FALSE,HIGH,NORMAL,LOW,NORMAL,ZERO,FALSE,LOW,ZERO,LOW,HIGH,FALSE,TRUE,HIGH,HIGH,LOW,FALSE,HIGH,ZERO,LOW,FALSE,NORMAL
FALSE,FALSE,LOW,FALSE,HIGH,FALSE,LOW,LOW,NORMAL,NORMAL,HIGH,HIGH,NORMAL,NORMAL,NORMAL,FALSE,NORMAL,HIGH,HIGH,NORMAL,LOW,FALSE,HIGH,HIGH,NORMAL,LOW,FALSE,FALSE,LOW,NORMAL,HIGH,FALSE,NORMAL,HIGH,NORMAL,FALSE,NORMAL
FALSE,FALSE,NORMAL,FALSE,HIGH,FALSE,HIGH,LOW,NORMAL,HIGH,NORMAL,LOW,HIGH,HIGH,NORMAL,FALSE,NORMAL,NORMAL,HIGH,LOW,ZERO,FALSE,LOW,ZERO,LOW,HIGH,FALSE,FALSE,HIGH,NORMAL,LOW,FALSE,HIGH,ZERO,HIGH,FALSE,HIGH
FALSE,FALSE,NORMAL,FALSE,HIGH,FALSE,HIGH,HIGH,NORMAL,LOW,NORMAL,LOW,HIGH,HIGH,NORMAL,FALSE,NORMAL,NORMAL,LOW,NORMAL,ZERO,FALSE,LOW,ZERO,LOW,HIGH,FALSE,FALSE,HIGH,NORMAL,LOW,FALSE,HIGH,ZERO,NORMAL,FALSE,NORMAL
FALSE,FALSE,LOW,FALSE,HIGH,FALSE,HIGH,NORMAL,NORMAL,LOW,NORMAL,LOW,HIGH,LOW,NORMAL,FALSE,LOW,NORMAL,NORMAL,LOW,ZERO,FALSE,LOW,ZERO,LOW,HIGH,FALSE,TRUE,HIGH,LOW,LOW,FALSE,HIGH,ZERO,LOW,FALSE,NORMAL
FALSE,FALSE,NORMAL,TRUE,HIGH,FALSE,HIGH,HIGH,NORMAL,LOW,NORMAL,LOW,HIGH,LOW,NORMAL,FALSE,LOW,NORMAL,LOW,LOW,ZERO,TRUE,LOW,ZERO,LOW,HIGH,TRUE,FALSE,HIGH,LOW,LOW,FALSE,HIGH,ZERO,LOW,FALSE,HIGH
TRUE,TRUE,NORMAL,FALSE,NORMAL,FALSE,HIGH,HIGH,LOW,HIGH,NORMAL,ZERO,HIGH,HIGH,NORMAL,FALSE,NORMAL,NORMAL,NORMAL,NORMAL,LOW,FALSE,NORMAL,HIGH,ZERO,HIGH,FALSE,FALSE,HIGH,NORMAL,LOW,FALSE,HIGH,HIGH,NORMAL,FALSE,NORMAL
FALSE,FALSE,NORMAL,FALSE,HIGH,FALSE,HIGH,HIGH,NORMAL,LOW,NORMAL,LOW,HIGH,LOW,ESOPHAGEAL,FALSE,HIGH,NORMAL,NORMAL,HIGH,LOW,FALSE,LOW,ZERO,NORMAL,HIGH,FALSE,TRUE,HIGH,HIGH,LOW,FALSE,HIGH,ZERO,LOW,FALSE,NORMAL
FALSE,TRUE,NORMAL,FALSE,LOW,FALSE,HIGH,LOW,NORMAL,HIGH,NORMAL,LOW,HIGH,HIGH,NORMAL,FALSE,NORMAL,NORMAL,NORMAL,NORMAL,ZERO,FALSE,LOW,ZERO,ZERO,HIGH,FALSE,FALSE,HIGH,NORMAL,LOW,FALSE,HIGH,ZERO,NORMAL,FALSE,NORMAL
FALSE,FALSE,LOW,FALSE,HIGH,FALSE,HIGH,HIGH,NORMAL,LOW,NORMAL,LOW,HIGH,HIGH,NORMAL,FALSE,NORMAL,NORMAL,LOW,NORMAL,ZERO,FALSE,LOW,ZERO,LOW,HIGH,FALSE,FALSE,HIGH,NORMAL,LOW,FALSE,HIGH,ZERO,NORMAL,FALSE,NORMAL
FALSE,FALSE,NORMAL,FALSE,HIGH,FALSE,HIGH,NORMAL,NORMAL,HIGH,NORMAL,LOW,HIGH,HIGH,NORMAL,FALSE,NORMAL,NORMAL,NORMAL,NORMAL,ZERO,FALSE,LOW,ZERO,LOW,HIGH,FALSE,FALSE,HIGH,NORMAL,LOW,FALSE,HIGH,ZERO,NORMAL,FALSE,NORMAL
FALSE,FALSE,NORMAL,FALSE,HIGH,FALSE,HIGH,NORMAL,NORMAL,HIGH,NORMAL,LOW,HIGH,HIGH,NORMAL,FALSE,NORMAL,NORMAL,NORMAL,NORMAL,ZERO,FALSE,LOW,ZERO,LOW,HIGH,FALSE,FALSE,HIGH,NORMAL,LOW,FALSE,HIGH,ZERO,NORMAL,FALSE,NORMAL
FALSE,FALSE,NORMAL,FALSE,HIGH,FALSE,HIGH,HIGH,NORMAL,LOW,NORMAL,LOW,HIGH,HIGH,NORMAL,FALSE,NORMAL,NORMAL,LOW,NORMAL,ZERO,FALSE,LOW,ZERO,LOW,HIGH,FALSE,FALSE,HIGH,NORMAL,LOW,FALSE,HIGH,ZERO,NORMAL,FALSE,NORMAL
FALSE,FALSE,NORMAL,FALSE,HIGH,FALSE,HIGH,HIGH,NORMAL,LOW,NORMAL,LOW,HIGH,LOW,ESOPHAGEAL,FALSE,HIGH,NORMAL,NORMAL,HIGH,ZERO,FALSE,LOW,LOW,LOW,HIGH,FALSE,TRUE,HIGH,HIGH,LOW,FALSE,HIGH,LOW,LOW,FALSE,NORMAL
FALSE,FALSE,NORMAL,FALSE,HIGH,FALSE,NORMAL,HIGH,NORMAL,LOW,LOW,ZERO,HIGH,LOW,NORMAL,FALSE,HIGH,LOW,LOW,NORMAL,ZERO,TRUE,LOW,HIGH,LOW,NORMAL,FALSE,TRUE,NORMAL,HIGH,LOW,TRUE,LOW,ZERO,NORMAL,FALSE,HIGH
FALSE,FALSE,NORMAL,FALSE,HIGH,FALSE,HIGH,NORMAL,NORMAL,LOW,NORMAL,LOW,HIGH,HIGH,NORMAL,FALSE,NORMAL,NORMAL,NORMAL,NORMAL,ZERO,FALSE,LOW,ZERO,LOW,HIGH,FALSE,FALSE,HIGH,NORMAL,LOW,FALSE,HIGH,ZERO,NORMAL,FALSE,NORMAL
FALSE,TRUE,NORMAL,FALSE,LOW,FALSE,LOW,ZERO,NORMAL,HIGH,LOW,ZERO,NORMAL,NORMAL,NORMAL,FALSE,HIGH,LOW,HIGH,HIGH,LOW,FALSE,HIGH,HIGH,LOW,LOW,FALSE,TRUE,LOW,HIGH,HIGH,FALSE,NORMAL,HIGH,NORMAL,FALSE,NORMAL
FALSE,FALSE,NORMAL,FALSE,HIGH,TRUE,LOW,LOW,LOW,NORMAL,NORMAL,LOW,NORMAL,NORMAL,NORMAL,FALSE,NORMAL,NORMAL,HIGH,NORMAL,ZERO,FALSE,LOW,ZERO,LOW,HIGH,FALSE,FALSE,LOW,NORMAL,LOW,FALSE,NORMAL,ZERO,NORMAL,FALSE,NORMAL
FALSE,FALSE,NORMAL,FALSE,HIGH,FALSE,HIGH,HIGH,NORMAL,LOW,NORMAL,LOW,HIGH,HIGH,NORMAL,FALSE,NORMAL,NORMAL,LOW,HIGH,ZERO,FALSE,LOW,ZERO,LOW,HIGH,FALSE,FALSE,HIGH,NORMAL,LOW,FALSE,HIGH,LOW,NORMAL,FALSE,NORMAL
FALSE,FALSE,HIGH,FALSE,LOW,FALSE,HIGH,HIGH,NORMAL,NORMAL,LOW,ZERO,HIGH,LOW,NORMAL,FALSE,HIGH,LOW,HIGH,NORMAL,NORMAL,FALSE,LOW,LOW,NORMAL,HIGH,FALSE,TRUE,HIGH,HIGH,LOW,FALSE,HIGH,NORMAL,LOW,FALSE,NORMAL
FALSE,FALSE,NORMAL,FALSE,HIGH,FALSE,HIGH,HIGH,NORMAL,LOW,NORMAL,LOW,HIGH,LOW,NORMAL,FALSE,HIGH,NORMAL,NORMAL,HIGH,ZERO,FALSE,LOW,ZERO,LOW,HIGH,FALSE,TRUE,HIGH,HIGH,LOW,FALSE,HIGH,ZERO,LOW,TRUE,NORMAL
FALSE,FALSE,NORMAL,FALSE,HIGH,FALSE,NORMAL,LOW,LOW,NORMAL,NORMAL,LOW,HIGH,HIGH,NORMAL,TRUE,NORMAL,NORMAL,NORMAL,NORMAL,ZERO,FALSE,LOW,ZERO,LOW,HIGH,FALSE,FALSE,HIGH,NORMAL,LOW,FALSE,HIGH,ZERO,NORMAL,FALSE,NORMAL
FALSE,FALSE,NORMAL,TRUE,NORMAL,FALSE,LOW,NORMAL,NORMAL,NORMAL,NORMAL,LOW,HIGH,NORMAL,NORMAL,FALSE,NORMAL,NORMAL,HIGH,NORMAL,ZERO,FALSE,LOW,ZERO,LOW,LOW,FALSE,FALSE,LOW,NORMAL,LOW,FALSE,NORMAL,ZERO,NORMAL,FALSE,NORMAL
FALSE,TRUE,NORMAL,FALSE,HIGH,TRUE,HIGH,LOW,NORMAL,HIGH,NORMAL,LOW,HIGH,HIGH,NORMAL,FALSE,LOW,NORMAL,NORMAL,NORMAL,ZERO,FALSE,LOW,ZERO,LOW,NORMAL,FALSE,FALSE,NORMAL,NORMAL,LOW,FALSE,HIGH,ZERO,NORMAL,FALSE,NORMAL
FALSE,FALSE,NORMAL,FALSE,HIGH,FALSE,HIGH,LOW,NORMAL,HIGH,NORMAL,LOW,HIGH,HIGH,NORMAL,FALSE,NORMAL,NORMAL,HIGH,NORMAL,ZERO,FALSE,LOW,ZERO,LOW,HIGH,FALSE,FALSE,HIGH,NORMAL,LOW,FALSE,HIGH,ZERO,NORMAL,FALSE,NORMAL
FALSE,FALSE,NORMAL,FALSE,HIGH,FALSE,LOW,HIGH,NORMAL,LOW,LOW,ZERO,NORMAL,NORMAL,NORMAL,FALSE,NORMAL,LOW,LOW,NORMAL,HIGH,FALSE,LOW,LOW,HIGH,LOW,FALSE,FALSE,LOW,NORMAL,HIGH,FALSE,NORMAL,LOW,NORMAL,FALSE,NORMAL
FALSE,FALSE,NORMAL,FALSE,NORMAL,FALSE,LOW,HIGH,NORMAL,NORMAL,NORMAL,LOW,NORMAL,NORMAL,NORMAL,FALSE,NORMAL,NORMAL,HIGH,NORMAL,NORMAL,FALSE,LOW,ZERO,NORMAL,LOW,FALSE,FALSE,LOW,NORMAL,LOW,TRUE,NORMAL,NORMAL,NORMAL,FALSE,NORMAL
FALSE,FALSE,NORMAL,TRUE,HIGH,FALSE,HIGH,HIGH,NORMAL,HIGH,NORMAL,LOW,HIGH,HIGH,NORMAL,FALSE,NORMAL,NORMAL,HIGH,NORMAL,ZERO,FALSE,LOW,ZERO,LOW,HIGH,FALSE,FALSE,HIGH,NORMAL,LOW,FALSE,HIGH,ZERO,NORMAL,FALSE,NORMAL
FALSE,FALSE,NORMAL,FALSE,HIGH,TRUE,HIGH,NORMAL,NORMAL,HIGH,NORMAL,LOW,HIGH,HIGH,NORMAL,FALSE,NORMAL,NORMAL,NORMAL,NORMAL,ZERO,FALSE,LOW,ZERO,LOW,NORMAL,FALSE,FALSE,NORMAL,NORMAL,LOW,FALSE,HIGH,ZERO,NORMAL,FALSE,NORMAL
FALSE,FALSE,NORMAL,FALSE,HIGH,FALSE,LOW,LOW,NORMAL,NORMAL,NORMAL,LOW,HIGH,NORMAL,NORMAL,FALSE,NORMAL,NORMAL,NORMAL,NORMAL,ZERO,FALSE,LOW,ZERO,LOW,LOW,FALSE,FALSE,LOW,NORMAL,LOW,FALSE,NORMAL,ZERO,HIGH,FALSE,NORMAL
FALSE,FALSE,NORMAL,FALSE,HIGH,FALSE,HIGH,LOW,NORMAL,LOW,NORMAL,LOW,HIGH,LOW,NORMAL,FALSE,LOW,NORMAL,NORMAL,LOW,ZERO,FALSE,LOW,ZERO,LOW,HIGH,TRUE,FALSE,HIGH,LOW,LOW,FALSE,HIGH,ZERO,LOW,FALSE,NORMAL
FALSE,FALSE,LOW,FALSE,LOW,FALSE,HIGH,LOW,NORMAL,LOW,NORMAL,LOW,HIGH,HIGH,NORMAL,FALSE,LOW,NORMAL,LOW,LOW,ZERO,FALSE,LOW,ZERO,ZERO,HIGH,FALSE,FALSE,HIGH,LOW,LOW,FALSE,HIGH,ZERO,NORMAL,FALSE,NORMAL
FALSE,FALSE,LOW,FALSE,HIGH,FALSE,HIGH,HIGH,NORMAL,HIGH,NORMAL,ZERO,HIGH,HIGH,NORMAL,FALSE,NORMAL,NORMAL,HIGH,NORMAL,ZERO,FALSE,LOW,ZERO,LOW,HIGH,FALSE,FALSE,HIGH,NORMAL,LOW,FALSE,HIGH,ZERO,NORMAL,FALSE,NORMAL
FALSE,FALSE,NORMAL,TRUE,HIGH,TRUE,HIGH,NORMAL,NORMAL,NORMAL,NORMAL,LOW,HIGH,LOW,NORMAL,FALSE,LOW,NORMAL,HIGH,LOW,ZERO,FALSE,LOW,ZERO,LOW,NORMAL,TRUE,FALSE,NORMAL,LOW,LOW,FALSE,HIGH,ZERO,LOW,FALSE,NORMAL
FALSE,FALSE,LOW,FALSE,HIGH,FALSE,LOW,LOW,NORMAL,LOW,NORMAL,LOW,HIGH,LOW,NORMAL,FALSE,NORMAL,NORMAL,NORMAL,NORMAL,ZERO,FALSE,LOW,ZERO,LOW,NORMAL,FALSE,FALSE,HIGH,NORMAL,LOW,FALSE,LOW,ZERO,NORMAL,FALSE,NORMAL
FALSE,FALSE,NORMAL,FALSE,HIGH,FALSE,HIGH,NORMAL,NORMAL,NORMAL,NORMAL,LOW,HIGH,HIGH,NORMAL,FALSE,NORMAL,NORMAL,NORMAL,NORMAL,ZERO,FALSE,LOW,ZERO,LOW,HIGH,FALSE,FALSE,HIGH,NORMAL,LOW,FALSE,HIGH,ZERO,NORMAL,FALSE,NORMAL
TRUE,FALSE,NORMAL,FALSE,LOW,FALSE,NORMAL,HIGH,NORMAL,HIGH,NORMAL,ZERO,HIGH,HIGH,NORMAL,TRUE,NORMAL,NORMAL,NORMAL,NORMAL,LOW,FALSE,HIGH,HIGH,ZERO,HIGH,FALSE,FALSE,HIGH,NORMAL,HIGH,FALSE,HIGH,HIGH,NORMAL,FALSE,NORMAL
FALSE,FALSE,NORMAL,FALSE,HIGH,FALSE,HIGH,HIGH,NORMAL,HIGH,ZERO,ZERO,HIGH,HIGH,NORMAL,FALSE,NORMAL,NORMAL,HIGH,NORMAL,ZERO,FALSE,LOW,ZERO,LOW,HIGH,FALSE,FALSE,HIGH,NORMAL,LOW,FALSE,HIGH,ZERO,NORMAL,FALSE,NORMAL
FALSE,FALSE,NORMAL,FALSE,HIGH,FALSE,HIGH,NORMAL,NORMAL,HIGH,NORMAL,LOW,HIGH,HIGH,NORMAL,FALSE,NORMAL,NORMAL,NORMAL,HIGH,ZERO,FALSE,LOW,ZERO,LOW,HIGH,FALSE,FALSE,HIGH,NORMAL,LOW,FALSE,HIGH,ZERO,NORMAL,FALSE,NORMAL
FALSE,FALSE,NORMAL,FALSE,HIGH,FALSE,NORMAL,LOW,NORMAL,LOW,NORMAL,LOW,HIGH,LOW,NORMAL,FALSE,NORMAL,NORMAL,NORMAL,NORMAL,ZERO,FALSE,LOW,ZERO,LOW,HIGH,FALSE,FALSE,HIGH,NORMAL,LOW,FALSE,HIGH,ZERO,LOW,FALSE,NORMAL
FALSE,FALSE,HIGH,FALSE,HIGH,FALSE,HIGH,HIGH,NORMAL,LOW,LOW,ZERO,HIGH,HIGH,NORMAL,FALSE,HIGH,LOW,LOW,HIGH,ZERO,FALSE,LOW,ZERO,LOW,HIGH,FALSE,TRUE,HIGH,HIGH,LOW,FALSE,HIGH,ZERO,NORMAL,FALSE,NORMAL
FALSE,FALSE,NORMAL,FALSE,LOW,FALSE,HIGH,LOW,LOW,HIGH,HIGH,HIGH,HIGH,HIGH,NORMAL,FALSE,NORMAL,HIGH,NORMAL,NORMAL,LOW,FALSE,NORMAL,HIGH,LOW,HIGH,FALSE,FALSE,HIGH,NORMAL,NORMAL,FALSE,HIGH,HIGH,NORMAL,FALSE,NORMAL
FALSE,FALSE,NORMAL,FALSE,HIGH,FALSE,HIGH,NORMAL,NORMAL,LOW,NORMAL,LOW,HIGH,HIGH,NORMAL,FALSE,NORMAL,NORMAL,LOW,NORMAL,ZERO,FALSE,LOW,ZERO,LOW,HIGH,FALSE,FALSE,HIGH,NORMAL,LOW,FALSE,HIGH,ZERO,NORMAL,FALSE,NORMAL
FALSE,FALSE,NORMAL,FALSE,LOW,FALSE,HIGH,LOW,LOW,LOW,HIGH,HIGH,HIGH,HIGH,NORMAL,FALSE,NORMAL,HIGH,LOW,NORMAL,LOW,FALSE,NORMAL,HIGH,LOW,HIGH,FALSE,FALSE,HIGH,NORMAL,NORMAL,FALSE,HIGH,HIGH,NORMAL,FALSE,NORMAL
FALSE,FALSE,NORMAL,FALSE,HIGH,FALSE,HIGH,LOW,NORMAL,HIGH,NORMAL,LOW,HIGH,HIGH,NORMAL,FALSE,NORMAL,NORMAL,NORMAL,NORMAL,ZERO,FALSE,LOW,ZERO,LOW,HIGH,FALSE,FALSE,HIGH,NORMAL,LOW,FALSE,HIGH,ZERO,NORMAL,FALSE,NORMAL
FALSE,FALSE,NORMAL,FALSE,NORMAL,TRUE,HIGH,ZERO,NORMAL,LOW,LOW,ZERO,HIGH,HIGH,ESOPHAGEAL,FALSE,HIGH,LOW,LOW,NORMAL,ZERO,FALSE,LOW,LOW,LOW,NORMAL,FALSE,FALSE,NORMAL,HIGH,LOW,FALSE,HIGH,LOW,NORMAL,FALSE,NORMAL
FALSE,FALSE,HIGH,FALSE,HIGH,FALSE,HIGH,LOW,NORMAL,LOW,NORMAL,LOW,HIGH,HIGH,NORMAL,FALSE,LOW,NORMAL,LOW,NORMAL,ZERO,FALSE,LOW,ZERO,LOW,HIGH,FALSE,FALSE,HIGH,NORMAL,LOW,FALSE,HIGH,ZERO,NORMAL,FALSE,NORMAL
FALSE,FALSE,NORMAL,FALSE,HIGH,FALSE,HIGH,LOW,NORMAL,HIGH,NORMAL,LOW,HIGH,HIGH,NORMAL,FALSE,NORMAL,NORMAL,LOW,NORMAL,ZERO,FALSE,LOW,LOW,LOW,HIGH,FALSE,FALSE,HIGH,NORMAL,LOW,FALSE,HIGH,ZERO,NORMAL,FALSE,NORMAL
FALSE,FALSE,NORMAL,FALSE,LOW,FALSE,HIGH,HIGH,NORMAL,LOW,NORMAL,LOW,HIGH,HIGH,NORMAL,FALSE,HIGH,NORMAL,LOW,NORMAL,ZERO,FALSE,LOW,ZERO,ZERO,HIGH,FALSE,TRUE,HIGH,HIGH,LOW,FALSE,HIGH,ZERO,NORMAL,FALSE,NORMAL
FALSE,FALSE,NORMAL,FALSE,HIGH,FALSE,LOW,ZERO,NORMAL,LOW,LOW,ZERO,HIGH,NORMAL,NORMAL,FALSE,NORMAL,NORMAL,LOW,NORMAL,ZERO,FALSE,LOW,ZERO,LOW,LOW,FALSE,FALSE,LOW,NORMAL,LOW,FALSE,NORMAL,ZERO,NORMAL,TRUE,NORMAL
FALSE,TRUE,NORMAL,FALSE,HIGH,FALSE,HIGH,HIGH,NORMAL,HIGH,NORMAL,LOW,HIGH,HIGH,NORMAL,FALSE,NORMAL,NORMAL,NORMAL,NORMAL,ZERO,FALSE,LOW,ZERO,LOW,HIGH,FALSE,FALSE,HIGH,NORMAL,LOW,FALSE,HIGH,ZERO,NORMAL,FALSE,NORMAL
FALSE,FALSE,NORMAL,TRUE,HIGH,FALSE,HIGH,HIGH,NORMAL,LOW,NORMAL,LOW,HIGH,NORMAL,NORMAL,FALSE,LOW,NORMAL,NORMAL,LOW,ZERO,FALSE,LOW,ZERO,LOW,HIGH,TRUE,FALSE,HIGH,LOW,LOW,FALSE,HIGH,ZERO,LOW,FALSE,NORMAL
FALSE,TRUE,NORMAL,FALSE,LOW,FALSE,LOW,HIGH,NORMAL,NORMAL,NORMAL,LOW,HIGH,NORMAL,NORMAL,FALSE,NORMAL,NORMAL,NORMAL,NORMAL,ZERO,FALSE,LOW,ZERO,ZERO,LOW,FALSE,FALSE,LOW,NORMAL,HIGH,FALSE,NORMAL,ZERO,NORMAL,FALSE,NORMAL
FALSE,FALSE,NORMAL,FALSE,HIGH,FALSE,HIGH,HIGH,NORMAL,HIGH,LOW,ZERO,HIGH,HIGH,NORMAL,FALSE,NORMAL,LOW,NORMAL,NORMAL,ZERO,FALSE,LOW,ZERO,LOW,HIGH,FALSE,FALSE,HIGH,NORMAL,LOW,FALSE,HIGH,ZERO,NORMAL,FALSE,NORMAL
FALSE,FALSE,HIGH,FALSE,HIGH,FALSE,HIGH,NORMAL,NORMAL,LOW,NORMAL,LOW,HIGH,LOW,NORMAL,FALSE,NORMAL,NORMAL,LOW,NORMAL,ZERO,FALSE,LOW,ZERO,LOW,HIGH,FALSE,FALSE,HIGH,NORMAL,LOW,TRUE,HIGH,ZERO,LOW,FALSE,HIGH
TRUE,FALSE,NORMAL,FALSE,LOW,FALSE,HIGH,HIGH,NORMAL,LOW,NORMAL,ZERO,HIGH,LOW,NORMAL,FALSE,HIGH,NORMAL,NORMAL,HIGH,LOW,FALSE,HIGH,HIGH,LOW,HIGH,FALSE,TRUE,HIGH,HIGH,HIGH,FALSE,HIGH,HIGH,LOW,FALSE,NORMAL
FALSE,FALSE,NORMAL,FALSE,HIGH,FALSE,HIGH,HIGH,NORMAL,NORMAL,NORMAL,LOW,HIGH,HIGH,NORMAL,FALSE,NORMAL,NORMAL,HIGH,NORMAL,ZERO,FALSE,LOW,ZERO,LOW,LOW,FALSE,FALSE,HIGH,NORMAL,LOW,FALSE,HIGH,ZERO,NORMAL,FALSE,NORMAL
FALSE,FALSE,HIGH,FALSE,HIGH,FALSE,HIGH,LOW,NORMAL,NORMAL,NORMAL,LOW,HIGH,NORMAL,NORMAL,FALSE,HIGH,NORMAL,NORMAL,HIGH,ZERO,FALSE,LOW,ZERO,LOW,HIGH,FALSE,TRUE,HIGH,HIGH,LOW,FALSE,HIGH,ZERO,LOW,FALSE,NORMAL
TRUE,FALSE,NORMAL,FALSE,HIGH,TRUE,HIGH,HIGH,NORMAL,NORMAL,LOW,ZERO,HIGH,HIGH,NORMAL,FALSE,LOW,LOW,NORMAL,NORMAL,ZERO,FALSE,LOW,ZERO,LOW,NORMAL,FALSE,FALSE,NORMAL,NORMAL,LOW,FALSE,HIGH,ZERO,HIGH,FALSE,NORMAL
FALSE,FALSE,HIGH,FALSE,NORMAL,FALSE,HIGH,HIGH,NORMAL,HIGH,NORMAL,LOW,HIGH,HIGH,ONESIDED,FALSE,LOW,NORMAL,HIGH,NORMAL,ZERO,FALSE,LOW,NORMAL,ZERO,HIGH,FALSE,TRUE,HIGH,NORMAL,LOW,TRUE,HIGH,NORMAL,NORMAL,FALSE,HIGH
FALSE,FALSE,NORMAL,FALSE,HIGH,FALSE,NORMAL,HIGH,NORMAL,HIGH,LOW,ZERO,HIGH,HIGH,NORMAL,FALSE,NORMAL,LOW,NORMAL,NORMAL,ZERO,FALSE,LOW,ZERO,LOW,NORMAL,FALSE,FALSE,HIGH,NORMAL,LOW,FALSE,HIGH,ZERO,NORMAL,FALSE,NORMAL
FALSE,FALSE,NORMAL,FALSE,HIGH,FALSE,HIGH,NORMAL,NORMAL,HIGH,NORMAL,LOW,HIGH,HIGH,NORMAL,FALSE,NORMAL,NORMAL,HIGH,NORMAL,ZERO,FALSE,LOW,ZERO,LOW,HIGH,FALSE,FALSE,NORMAL,NORMAL,LOW,FALSE,HIGH,ZERO,NORMAL,FALSE,NORMAL
TRUE,FALSE,NORMAL,FALSE,LOW,FALSE,HIGH,HIGH,LOW,NORMAL,NORMAL,ZERO,HIGH,LOW,NORMAL,FALSE,NORMAL,NORMAL,LOW,HIGH,LOW,FALSE,NORMAL,HIGH,HIGH,HIGH,FALSE,TRUE,HIGH,HIGH,NORMAL,FALSE,HIGH,HIGH,LOW,FALSE,NORMAL
FALSE,FALSE,NORMAL,FALSE,HIGH,FALSE,HIGH,NORMAL,NORMAL,NORMAL,NORMAL,LOW,HIGH,HIGH,NORMAL,FALSE,NORMAL,NORMAL,HIGH,NORMAL,ZERO,FALSE,LOW,ZERO,LOW,HIGH,FALSE,FALSE,HIGH,NORMAL,LOW,FALSE,HIGH,ZERO,NORMAL,FALSE,NORMAL
FALSE,FALSE,NORMAL,FALSE,LOW,FALSE,HIGH,LOW,NORMAL,HIGH,HIGH,HIGH,HIGH,HIGH,NORMAL,FALSE,NORMAL,HIGH,NORMAL,LOW,LOW,FALSE,HIGH,HIGH,LOW,HIGH,FALSE,FALSE,HIGH,NORMAL,HIGH,FALSE,HIGH,HIGH,NORMAL,FALSE,NORMAL
FALSE,FALSE,NORMAL,FALSE,HIGH,FALSE,HIGH,LOW,NORMAL,LOW,NORMAL,LOW,HIGH,HIGH,NORMAL,FALSE,NORMAL,NORMAL,LOW,NORMAL,ZERO,FALSE,LOW,ZERO,LOW,HIGH,FALSE,FALSE,HIGH,NORMAL,LOW,FALSE,HIGH,ZERO,NORMAL,FALSE,NORMAL
FALSE,FALSE,NORMAL,FALSE,LOW,FALSE,HIGH,HIGH,NORMAL,HIGH,LOW,ZERO,HIGH,HIGH,NORMAL,FALSE,LOW,LOW,NORMAL,NORMAL,LOW,FALSE,HIGH,HIGH,LOW,HIGH,FALSE,FALSE,HIGH,NORMAL,HIGH,FALSE,HIGH,HIGH,NORMAL,FALSE,NORMAL
FALSE,FALSE,NORMAL,TRUE,HIGH,TRUE,HIGH,NORMAL,NORMAL,LOW,NORMAL,LOW,HIGH,LOW,NORMAL,FALSE,LOW,NORMAL,LOW,LOW,ZERO,FALSE,LOW,ZERO,LOW,NORMAL,TRUE,TRUE,NORMAL,LOW,LOW,FALSE,HIGH,ZERO,LOW,TRUE,NORMAL
FALSE,FALSE,NORMAL,FALSE,HIGH,FALSE,HIGH,LOW,NORMAL,NORMAL,NORMAL,LOW,HIGH,HIGH,NORMAL,FALSE,NORMAL,NORMAL,NORMAL,NORMAL,ZERO,FALSE,LOW,ZERO,LOW,HIGH,FALSE,FALSE,HIGH,NORMAL,LOW,FALSE,HIGH,ZERO,HIGH,FALSE,NORMAL
FALSE,TRUE,NORMAL,FALSE,NORMAL,FALSE,HIGH,HIGH,NORMAL,LOW,NORMAL,LOW,HIGH,HIGH,NORMAL,FALSE,NORMAL,NORMAL,LOW,NORMAL,NORMAL,FALSE,LOW,ZERO,NORMAL,HIGH,FALSE,FALSE,HIGH,NORMAL,LOW,FALSE,HIGH,NORMAL,NORMAL,FALSE,NORMAL
FALSE,FALSE,NORMAL,FALSE,LOW,FALSE,HIGH,HIGH,NORMAL,LOW,LOW,ZERO,HIGH,LOW,NORMAL,FALSE,NORMAL,LOW,LOW,NORMAL,LOW,FALSE,HIGH,HIGH,LOW,HIGH,FALSE,FALSE,HIGH,NORMAL,NORMAL,FALSE,HIGH,HIGH,LOW,FALSE,NORMAL
TRUE,FALSE,HIGH,FALSE,HIGH,FALSE,HIGH,HIGH,NORMAL,HIGH,NORMAL,ZERO,HIGH,HIGH,NORMAL,FALSE,NORMAL,NORMAL,NORMAL,NORMAL,ZERO,FALSE,LOW,ZERO,LOW,HIGH,FALSE,FALSE,HIGH,NORMAL,LOW,TRUE,HIGH,ZERO,NORMAL,FALSE,HIGH
FALSE,FALSE,NORMAL,FALSE,HIGH,FALSE,HIGH,HIGH,NORMAL,NORMAL,NORMAL,LOW,HIGH,HIGH,NORMAL,FALSE,NORMAL,NORMAL,LOW,NORMAL,ZERO,FALSE,LOW,ZERO,LOW,HIGH,FALSE,FALSE,HIGH,NORMAL,LOW,FALSE,HIGH,ZERO,NORMAL,FALSE,NORMAL
FALSE,FALSE,NORMAL,FALSE,HIGH,FALSE,HIGH,HIGH,NORMAL,HIGH,NORMAL,LOW,HIGH,HIGH,NORMAL,FALSE,HIGH,NORMAL,NORMAL,NORMAL,ZERO,FALSE,LOW,ZERO,LOW,HIGH,FALSE,TRUE,HIGH,HIGH,LOW,FALSE,HIGH,ZERO,NORMAL,FALSE,NORMAL
FALSE,FALSE,NORMAL,FALSE,LOW,FALSE,HIGH,LOW,NORMAL,HIGH,HIGH,HIGH,HIGH,HIGH,NORMAL,FALSE,NORMAL,NORMAL,NORMAL,NORMAL,LOW,FALSE,HIGH,LOW,LOW,HIGH,FALSE,FALSE,HIGH,NORMAL,LOW,FALSE,HIGH,HIGH,NORMAL,FALSE,NORMAL
FALSE,FALSE,NORMAL,FALSE,LOW,FALSE,NORMAL,LOW,NORMAL,HIGH,HIGH,HIGH,NORMAL,LOW,NORMAL,FALSE,NORMAL,HIGH,HIGH,NORMAL,LOW,FALSE,HIGH,HIGH,LOW,HIGH,FALSE,FALSE,NORMAL,NORMAL,HIGH,FALSE,LOW,HIGH,NORMAL,FALSE,NORMAL
FALSE,FALSE,NORMAL,FALSE,NORMAL,FALSE,NORMAL,LOW,NORMAL,HIGH,HIGH,HIGH,NORMAL,NORMAL,NORMAL,TRUE,HIGH,HIGH,HIGH,NORMAL,LOW,FALSE,HIGH,HIGH,ZERO,LOW,FALSE,TRUE,LOW,HIGH,HIGH,FALSE,NORMAL,HIGH,NORMAL,FALSE,NORMAL
TRUE,FALSE,HIGH,FALSE,HIGH,FALSE,HIGH,NORMAL,NORMAL,LOW,LOW,LOW,HIGH,HIGH,NORMAL,FALSE,NORMAL,LOW,LOW,NORMAL,ZERO,FALSE,LOW,ZERO,LOW,HIGH,FALSE,FALSE,HIGH,NORMAL,LOW,FALSE,HIGH,ZERO,NORMAL,FALSE,NORMAL
FALSE,FALSE,HIGH,FALSE,HIGH,FALSE,HIGH,LOW,NORMAL,HIGH,NORMAL,LOW,HIGH,HIGH,NORMAL,FALSE,NORMAL,NORMAL,HIGH,NORMAL,ZERO,FALSE,LOW,ZERO,LOW,HIGH,FALSE,FALSE,HIGH,NORMAL,LOW,FALSE,HIGH,ZERO,NORMAL,FALSE,NORMAL
FALSE,FALSE,NORMAL,FALSE,LOW,FALSE,HIGH,HIGH,NORMAL,HIGH,NORMAL,LOW,HIGH,HIGH,NORMAL,FALSE,NORMAL,NORMAL,NORMAL,NORMAL,ZERO,FALSE,LOW,ZERO,ZERO,HIGH,FALSE,FALSE,HIGH,NORMAL,LOW,FALSE,HIGH,ZERO,NORMAL,FALSE,NORMAL
FALSE,FALSE,NORMAL,FALSE,HIGH,TRUE,HIGH,LOW,NORMAL,HIGH,NORMAL,LOW,HIGH,HIGH,NORMAL,FALSE,NORMAL,NORMAL,HIGH,LOW,ZERO,FALSE,LOW,ZERO,LOW,NORMAL,FALSE,FALSE,NORMAL,NORMAL,LOW,FALSE,HIGH,ZERO,NORMAL,FALSE,NORMAL
FALSE,FALSE,NORMAL,FALSE,LOW,FALSE,LOW,HIGH,NORMAL,HIGH,LOW,ZERO,NORMAL,NORMAL,NORMAL,FALSE,NORMAL,LOW,HIGH,NORMAL,LOW,FALSE,HIGH,HIGH,LOW,LOW,FALSE,FALSE,LOW,NORMAL,HIGH,FALSE,NORMAL,HIGH,NORMAL,FALSE,NORMAL
FALSE,FALSE,NORMAL,FALSE,LOW,FALSE,HIGH,HIGH,NORMAL,LOW,LOW,ZERO,HIGH,HIGH,NORMAL,FALSE,NORMAL,LOW,LOW,NORMAL,LOW,FALSE,HIGH,HIGH,LOW,HIGH,FALSE,FALSE,HIGH,NORMAL,HIGH,FALSE,HIGH,HIGH,NORMAL,FALSE,NORMAL
FALSE,FALSE,NORMAL,FALSE,HIGH,FALSE,HIGH,LOW,NORMAL,HIGH,NORMAL,LOW,HIGH,HIGH,NORMAL,FALSE,NORMAL,NORMAL,NORMAL,NORMAL,ZERO,FALSE,LOW,ZERO,LOW,HIGH,FALSE,FALSE,HIGH,NORMAL,LOW,FALSE,HIGH,ZERO,NORMAL,FALSE,NORMAL
FALSE,FALSE,NORMAL,FALSE,HIGH,FALSE,HIGH,LOW,NORMAL,HIGH,NORMAL,LOW,HIGH,NORMAL,NORMAL,FALSE,NORMAL,NORMAL,HIGH,NORMAL,ZERO,FALSE,LOW,ZERO,LOW,HIGH,FALSE,FALSE,HIGH,NORMAL,LOW,FALSE,HIGH,ZERO,NORMAL,FALSE,NORMAL
FALSE,FALSE,NORMAL,FALSE,HIGH,TRUE,HIGH,NORMAL,NORMAL,LOW,NORMAL,LOW,HIGH,LOW,NORMAL,FALSE,NORMAL,NORMAL,NORMAL,NORMAL,ZERO,FALSE,LOW,ZERO,LOW,NORMAL,FALSE,FALSE,NORMAL,NORMAL,LOW,FALSE,HIGH,ZERO,LOW,FALSE,NORMAL
FALSE,TRUE,NORMAL,FALSE,HIGH,FALSE,HIGH,HIGH,NORMAL,NORMAL,NORMAL,LOW,HIGH,LOW,ESOPHAGEAL,FALSE,NORMAL,NORMAL,HIGH,NORMAL,ZERO,FALSE,LOW,LOW,LOW,HIGH,FALSE,TRUE,HIGH,HIGH,LOW,FALSE,HIGH,LOW,LOW,FALSE,HIGH
FALSE,FALSE,NORMAL,FALSE,HIGH,FALSE,HIGH,HIGH,NORMAL,NORMAL,NORMAL,LOW,HIGH,HIGH,ONESIDED,FALSE,LOW,NORMAL,NORMAL,LOW,LOW,FALSE,LOW,ZERO,NORMAL,HIGH,FALSE,FALSE,HIGH,LOW,LOW,FALSE,HIGH,LOW,NORMAL,FALSE,HIGH
FALSE,FALSE,NORMAL,FALSE,HIGH,FALSE,HIGH,NORMAL,NORMAL,HIGH,NORMAL,LOW,HIGH,HIGH,NORMAL,FALSE,NORMAL,NORMAL,NORMAL,NORMAL,ZERO,FALSE,LOW,ZERO,LOW,HIGH,FALSE,FALSE,HIGH,NORMAL,LOW,FALSE,HIGH,ZERO,NORMAL,FALSE,NORMAL
FALSE,FALSE,NORMAL,FALSE,HIGH,FALSE,HIGH,LOW,LOW,HIGH,NORMAL,LOW,HIGH,HIGH,NORMAL,FALSE,NORMAL,NORMAL,HIGH,NORMAL,ZERO,FALSE,LOW,ZERO,LOW,HIGH,FALSE,FALSE,HIGH,NORMAL,LOW,FALSE,HIGH,ZERO,NORMAL,FALSE,NORMAL
FALSE,FALSE,NORMAL,FALSE,HIGH,FALSE,HIGH,NORMAL,NORMAL,HIGH,NORMAL,LOW,HIGH,HIGH,NORMAL,FALSE,NORMAL,NORMAL,HIGH,NORMAL,ZERO,FALSE,LOW,ZERO,LOW,HIGH,FALSE,FALSE,HIGH,NORMAL,LOW,FALSE,HIGH,ZERO,NORMAL,FALSE,NORMAL
FALSE,FALSE,NORMAL,FALSE,HIGH,FALSE,HIGH,HIGH,NORMAL,HIGH,NORMAL,LOW,HIGH,HIGH,ESOPHAGEAL,FALSE,NORMAL,NORMAL,HIGH,NORMAL,ZERO,FALSE,LOW,LOW,LOW,HIGH,FALSE,FALSE,HIGH,NORMAL,LOW,FALSE,HIGH,LOW,NORMAL,FALSE,NORMAL
FALSE,FALSE,NORMAL,FALSE,HIGH,TRUE,HIGH,LOW,NORMAL,HIGH,NORMAL,LOW,HIGH,HIGH,NORMAL,FALSE,HIGH,NORMAL,NORMAL,HIGH,ZERO,FALSE,LOW,ZERO,LOW,NORMAL,FALSE,TRUE,NORMAL,HIGH,LOW,FALSE,HIGH,ZERO,NORMAL,FALSE,NORMAL
FALSE,FALSE,NORMAL,TRUE,HIGH,FALSE,HIGH,HIGH,NORMAL,LOW,LOW,ZERO,HIGH,LOW,NORMAL,FALSE,LOW,LOW,LOW,LOW,ZERO,FALSE,LOW,ZERO,LOW,HIGH,TRUE,FALSE,HIGH,LOW,LOW,FALSE,HIGH,ZERO,LOW,FALSE,NORMAL
FALSE,FALSE,NORMAL,FALSE,HIGH,FALSE,HIGH,ZERO,NORMAL,LOW,LOW,ZERO,HIGH,HIGH,ESOPHAGEAL,FALSE,NORMAL,LOW,LOW,NORMAL,ZERO,FALSE,LOW,LOW,LOW,HIGH,FALSE,FALSE,HIGH,NORMAL,LOW,FALSE,HIGH,LOW,NORMAL,FALSE,NORMAL
FALSE,FALSE,NORMAL,FALSE,HIGH,FALSE,HIGH,HIGH,NORMAL,LOW,NORMAL,LOW,HIGH,LOW,ONESIDED,FALSE,NORMAL,NORMAL,NORMAL,NORMAL,LOW,FALSE,LOW,ZERO,NORMAL,HIGH,FALSE,FALSE,HIGH,NORMAL,LOW,FALSE,HIGH,LOW,LOW,FALSE,HIGH
FALSE,FALSE,NORMAL,FALSE,HIGH,FALSE,HIGH,HIGH,NORMAL,NORMAL,NORMAL,LOW,HIGH,HIGH,NORMAL,FALSE,NORMAL,NORMAL,NORMAL,NORMAL,ZERO,FALSE,LOW,ZERO,LOW,HIGH,FALSE,FALSE,HIGH,NORMAL,LOW,FALSE,HIGH,ZERO,NORMAL,FALSE,NORMAL
FALSE,FALSE,NORMAL,FALSE,HIGH,FALSE,HIGH,NORMAL,NORMAL,HIGH,NORMAL,LOW,HIGH,HIGH,NORMAL,FALSE,NORMAL,NORMAL,NORMAL,NORMAL,ZERO,FALSE,LOW,ZERO,LOW,HIGH,FALSE,FALSE,HIGH,NORMAL,LOW,FALSE,HIGH,ZERO,NORMAL,FALSE,NORMAL
FALSE,FALSE,NORMAL,FALSE,HIGH,FALSE,HIGH,NORMAL,LOW,NORMAL,NORMAL,LOW,HIGH,HIGH,NORMAL,FALSE,NORMAL,NORMAL,NORMAL,NORMAL,ZERO,FALSE,LOW,ZERO,LOW,HIGH,FALSE,FALSE,HIGH,NORMAL,LOW,FALSE,HIGH,ZERO,NORMAL,FALSE,NORMAL
FALSE,FALSE,NORMAL,FALSE,HIGH,FALSE,HIGH,HIGH,NORMAL,HIGH,NORMAL,LOW,HIGH,HIGH,NORMAL,FALSE,NORMAL,NORMAL,HIGH,NORMAL,ZERO,FALSE,LOW,ZERO,LOW,HIGH,FALSE,FALSE,HIGH,NORMAL,LOW,FALSE,HIGH,ZERO,NORMAL,FALSE,NORMAL
FALSE,FALSE,NORMAL,FALSE,HIGH,FALSE,HIGH,LOW,NORMAL,LOW,NORMAL,LOW,HIGH,HIGH,NORMAL,FALSE,NORMAL,NORMAL,LOW,NORMAL,ZERO,FALSE,LOW,ZERO,LOW,HIGH,FALSE,FALSE,HIGH,NORMAL,LOW,FALSE,HIGH,ZERO,NORMAL,FALSE,NORMAL
FALSE,FALSE,NORMAL,FALSE,HIGH,FALSE,HIGH,HIGH,NORMAL,LOW,NORMAL,LOW,HIGH,LOW,NORMAL,FALSE,HIGH,NORMAL,NORMAL,HIGH,ZERO,FALSE,LOW,ZERO,LOW,HIGH,FALSE,TRUE,HIGH,HIGH,LOW,FALSE,HIGH,ZERO,LOW,FALSE,NORMAL
FALSE,FALSE,NORMAL,FALSE,HIGH,TRUE,NORMAL,LOW,NORMAL,NORMAL,NORMAL,LOW,HIGH,HIGH,NORMAL,TRUE,HIGH,NORMAL,NORMAL,NORMAL,ZERO,FALSE,LOW,ZERO,LOW,NORMAL,FALSE,FALSE,NORMAL,HIGH,LOW,FALSE,HIGH,ZERO,NORMAL,FALSE,NORMAL
FALSE,FALSE,LOW,FALSE,HIGH,FALSE,HIGH,NORMAL,NORMAL,NORMAL,NORMAL,LOW,HIGH,NORMAL,NORMAL,FALSE,NORMAL,NORMAL,HIGH,NORMAL,HIGH,FALSE,LOW,LOW,HIGH,HIGH,FALSE,FALSE,HIGH,NORMAL,LOW,FALSE,HIGH,LOW,NORMAL,FALSE,NORMAL
FALSE,FALSE,HIGH,FALSE,HIGH,FALSE,HIGH,HIGH,NORMAL,NORMAL,NORMAL,LOW,HIGH,HIGH,NORMAL,FALSE,NORMAL,NORMAL,LOW,NORMAL,ZERO,FALSE,LOW,ZERO,LOW,HIGH,FALSE,FALSE,HIGH,NORMAL,LOW,FALSE,HIGH,ZERO,NORMAL,FALSE,NORMAL
FALSE,FALSE,NORMAL,FALSE,HIGH,FALSE,HIGH,LOW,NORMAL,LOW,NORMAL,LOW,HIGH,HIGH,NORMAL,FALSE,LOW,NORMAL,NORMAL,LOW,ZERO,FALSE,LOW,ZERO,LOW,HIGH,FALSE,FALSE,HIGH,LOW,LOW,FALSE,HIGH,ZERO,NORMAL,FALSE,NORMAL
FALSE,TRUE,NORMAL,FALSE,HIGH,TRUE,HIGH,HIGH,NORMAL,HIGH,NORMAL,LOW,HIGH,HIGH,ESOPHAGEAL,FALSE,HIGH,NORMAL,NORMAL,HIGH,HIGH,FALSE,LOW,NORMAL,HIGH,NORMAL,FALSE,FALSE,NORMAL,HIGH,LOW,FALSE,HIGH,LOW,NORMAL,FALSE,NORMAL
FALSE,FALSE,NORMAL,FALSE,HIGH,FALSE,HIGH,LOW,NORMAL,LOW,NORMAL,LOW,HIGH,LOW,NORMAL,FALSE,HIGH,NORMAL,LOW,HIGH,ZERO,FALSE,LOW,ZERO,LOW,HIGH,FALSE,TRUE,HIGH,HIGH,LOW,FALSE,HIGH,ZERO,LOW,FALSE,NORMAL
FALSE,FALSE,HIGH,FALSE,HIGH,FALSE,NORMAL,LOW,NORMAL,NORMAL,NORMAL,LOW,HIGH,LOW,NORMAL,TRUE,HIGH,NORMAL,HIGH,HIGH,ZERO,FALSE,LOW,ZERO,LOW,HIGH,FALSE,FALSE,HIGH,HIGH,LOW,FALSE,HIGH,ZERO,LOW,FALSE,NORMAL
FALSE,FALSE,NORMAL,FALSE,HIGH,FALSE,NORMAL,HIGH,NORMAL,NORMAL,NORMAL,LOW,HIGH,HIGH,NORMAL,TRUE,NORMAL,NORMAL,NORMAL,NORMAL,ZERO,FALSE,LOW,ZERO,LOW,HIGH,FALSE,FALSE,HIGH,NORMAL,LOW,FALSE,HIGH,ZERO,NORMAL,FALSE,NORMAL
FALSE,FALSE,NORMAL,FALSE,HIGH,FALSE,HIGH,LOW,NORMAL,HIGH,NORMAL,LOW,HIGH,HIGH,NORMAL,FALSE,NORMAL,NORMAL,HIGH,NORMAL,ZERO,FALSE,LOW,ZERO,LOW,HIGH,FALSE,FALSE,HIGH,NORMAL,LOW,FALSE,HIGH,ZERO,NORMAL,FALSE,NORMAL
FALSE,FALSE,NORMAL,FALSE,HIGH,FALSE,LOW,NORMAL,NORMAL,LOW,NORMAL,LOW,HIGH,NORMAL,NORMAL,FALSE,NORMAL,NORMAL,LOW,NORMAL,ZERO,FALSE,LOW,ZERO,LOW,LOW,FALSE,FALSE,LOW,NORMAL,LOW,FALSE,NORMAL,ZERO,NORMAL,FALSE,NORMAL
FALSE,FALSE,NORMAL,FALSE,HIGH,FALSE,HIGH,HIGH,NORMAL,HIGH,NORMAL,LOW,HIGH,HIGH,ESOPHAGEAL,FALSE,NORMAL,NORMAL,NORMAL,NORMAL,LOW,FALSE,LOW,ZERO,NORMAL,HIGH,FALSE,FALSE,HIGH,NORMAL,LOW,FALSE,HIGH,ZERO,NORMAL,TRUE,NORMAL
FALSE,FALSE,NORMAL,FALSE,HIGH,FALSE,HIGH,HIGH,NORMAL,NORMAL,NORMAL,LOW,HIGH,NORMAL,NORMAL,FALSE,NORMAL,NORMAL,NORMAL,NORMAL,ZERO,FALSE,LOW,ZERO,LOW,HIGH,FALSE,FALSE,HIGH,NORMAL,LOW,FALSE,HIGH,ZERO,LOW,FALSE,NORMAL
FALSE,FALSE,NORMAL,FALSE,HIGH,FALSE,HIGH,HIGH,NORMAL,HIGH,HIGH,HIGH,HIGH,HIGH,ONESIDED,FALSE,NORMAL,HIGH,NORMAL,NORMAL,HIGH,FALSE,LOW,HIGH,HIGH,HIGH,FALSE,FALSE,HIGH,NORMAL,LOW,FALSE,HIGH,LOW,NORMAL,FALSE,HIGH
FALSE,FALSE,NORMAL,FALSE,HIGH,FALSE,LOW,HIGH,NORMAL,NORMAL,NORMAL,LOW,HIGH,NORMAL,NORMAL,FALSE,NORMAL,NORMAL,LOW,NORMAL,ZERO,FALSE,LOW,ZERO,LOW,LOW,FALSE,FALSE,LOW,NORMAL,LOW,FALSE,NORMAL,ZERO,NORMAL,FALSE,NORMAL
FALSE,FALSE,NORMAL,FALSE,HIGH,FALSE,HIGH,HIGH,NORMAL,LOW,LOW,ZERO,HIGH,HIGH,NORMAL,FALSE,HIGH,LOW,LOW,HIGH,ZERO,FALSE,LOW,ZERO,LOW,HIGH,FALSE,TRUE,HIGH,HIGH,LOW,FALSE,HIGH,ZERO,NORMAL,FALSE,HIGH
FALSE,TRUE,NORMAL,FALSE,NORMAL,FALSE,LOW,HIGH,NORMAL,HIGH,LOW,ZERO,NORMAL,NORMAL,NORMAL,FALSE,NORMAL,LOW,HIGH,NORMAL,LOW,FALSE,HIGH,HIGH,ZERO,LOW,FALSE,FALSE,LOW,NORMAL,HIGH,FALSE,NORMAL,HIGH,NORMAL,FALSE,NORMAL
FALSE,FALSE,NORMAL,TRUE,HIGH,FALSE,HIGH,HIGH,NORMAL,NORMAL,NORMAL,LOW,HIGH,NORMAL,NORMAL,FALSE,LOW,NORMAL,NORMAL,LOW,ZERO,FALSE,LOW,ZERO,LOW,HIGH,TRUE,FALSE,HIGH,LOW,LOW,FALSE,HIGH,ZERO,LOW,FALSE,NORMAL
FALSE,FALSE,NORMAL,FALSE,LOW,FALSE,HIGH,HIGH,NORMAL,LOW,ZERO,ZERO,HIGH,HIGH,NORMAL,FALSE,NORMAL,NORMAL,LOW,NORMAL,LOW,FALSE,HIGH,HIGH,LOW,HIGH,FALSE,TRUE,HIGH,NORMAL,HIGH,FALSE,HIGH,HIGH,NORMAL,FALSE,NORMAL
TRUE,FALSE,NORMAL,FALSE,HIGH,FALSE,HIGH,HIGH,LOW,NORMAL,NORMAL,ZERO,HIGH,HIGH,ONESIDED,FALSE,NORMAL,NORMAL,NORMAL,NORMAL,LOW,FALSE,LOW,ZERO,NORMAL,HIGH,FALSE,FALSE,HIGH,NORMAL,LOW,FALSE,HIGH,LOW,NORMAL,TRUE,HIGH
FALSE,FALSE,NORMAL,FALSE,HIGH,FALSE,HIGH,HIGH,NORMAL,LOW,NORMAL,LOW,HIGH,HIGH,NORMAL,FALSE,NORMAL,NORMAL,LOW,NORMAL,ZERO,FALSE,LOW,ZERO,LOW,HIGH,FALSE,FALSE,HIGH,NORMAL,LOW,FALSE,HIGH,ZERO,NORMAL,FALSE,NORMAL
TRUE,FALSE,LOW,FALSE,NORMAL,FALSE,HIGH,NORMAL,NORMAL,LOW,NORMAL,ZERO,HIGH,HIGH,ONESIDED,FALSE,HIGH,NORMAL,LOW,HIGH,ZERO,FALSE,LOW,NORMAL,LOW,HIGH,FALSE,FALSE,HIGH,HIGH,LOW,FALSE,HIGH,NORMAL,NORMAL,FALSE,HIGH
FALSE,FALSE,LOW,FALSE,HIGH,FALSE,HIGH,HIGH,NORMAL,HIGH,NORMAL,LOW,HIGH,HIGH,NORMAL,FALSE,HIGH,NORMAL,HIGH,NORMAL,ZERO,FALSE,LOW,ZERO,LOW,HIGH,FALSE,TRUE,HIGH,HIGH,LOW,FALSE,HIGH,ZERO,NORMAL,FALSE,NORMAL
FALSE,FALSE,HIGH,FALSE,HIGH,FALSE,HIGH,HIGH,NORMAL,LOW,NORMAL,LOW,HIGH,HIGH,NORMAL,FALSE,HIGH,NORMAL,LOW,NORMAL,ZERO,FALSE,LOW,ZERO,LOW,HIGH,FALSE,FALSE,HIGH,NORMAL,LOW,FALSE,HIGH,ZERO,NORMAL,FALSE,NORMAL
FALSE,FALSE,NORMAL,FALSE,HIGH,FALSE,HIGH,LOW,LOW,LOW,NORMAL,LOW,HIGH,LOW,NORMAL,FALSE,HIGH,NORMAL,NORMAL,NORMAL,ZERO,FALSE,LOW,ZERO,LOW,HIGH,FALSE,TRUE,HIGH,HIGH,LOW,FALSE,HIGH,ZERO,LOW,TRUE,NORMAL
FALSE,FALSE,NORMAL,FALSE,LOW,TRUE,NORMAL,HIGH,NORMAL,NORMAL,ZERO,ZERO,HIGH,NORMAL,NORMAL,TRUE,NORMAL,NORMAL,NORMAL,NORMAL,LOW,FALSE,HIGH,HIGH,LOW,NORMAL,FALSE,FALSE,NORMAL,NORMAL,HIGH,FALSE,HIGH,HIGH,LOW,FALSE,NORMAL
FALSE,FALSE,NORMAL,FALSE,NORMAL,FALSE,HIGH,NORMAL,NORMAL,LOW,NORMAL,LOW,HIGH,LOW,NORMAL,FALSE,NORMAL,NORMAL,LOW,NORMAL,ZERO,FALSE,LOW,ZERO,LOW,HIGH,FALSE,FALSE,HIGH,NORMAL,LOW,FALSE,HIGH,NORMAL,LOW,FALSE,NORMAL
TRUE,TRUE,NORMAL,FALSE,HIGH,FALSE,HIGH,HIGH,NORMAL,LOW,NORMAL,ZERO,HIGH,LOW,NORMAL,FALSE,NORMAL,NORMAL,LOW,HIGH,ZERO,FALSE,LOW,ZERO,LOW,HIGH,FALSE,TRUE,HIGH,HIGH,LOW,FALSE,HIGH,ZERO,LOW,FALSE,NORMAL
FALSE,FALSE,NORMAL,FALSE,HIGH,FALSE,HIGH,HIGH,NORMAL,LOW,NORMAL,LOW,HIGH,HIGH,NORMAL,FALSE,HIGH,NORMAL,LOW,NORMAL,ZERO,FALSE,LOW,ZERO,LOW,HIGH,FALSE,FALSE,HIGH,NORMAL,LOW,FALSE,HIGH,ZERO,NORMAL,FALSE,NORMAL
FALSE,FALSE,NORMAL,FALSE,NORMAL,FALSE,HIGH,HIGH,NORMAL,LOW,ZERO,ZERO,HIGH,HIGH,NORMAL,FALSE,HIGH,NORMAL,LOW,HIGH,NORMAL,FALSE,LOW,ZERO,NORMAL,HIGH,FALSE,TRUE,HIGH,HIGH,LOW,FALSE,HIGH,NORMAL,NORMAL,FALSE,NORMAL
FALSE,FALSE,NORMAL,TRUE,HIGH,FALSE,HIGH,HIGH,NORMAL,NORMAL,NORMAL,LOW,HIGH,HIGH,NORMAL,FALSE,NORMAL,NORMAL,LOW,NORMAL,ZERO,FALSE,LOW,ZERO,LOW,HIGH,FALSE,FALSE,HIGH,NORMAL,LOW,FALSE,HIGH,ZERO,NORMAL,FALSE,HIGH
FALSE,FALSE,NORMAL,FALSE,HIGH,FALSE,HIGH,ZERO,NORMAL,HIGH,NORMAL,LOW,HIGH,HIGH,NORMAL,FALSE,NORMAL,NORMAL,HIGH,NORMAL,ZERO,FALSE,LOW,ZERO,LOW,HIGH,FALSE,FALSE,HIGH,NORMAL,LOW,FALSE,HIGH,ZERO,NORMAL,FALSE,NORMAL
FALSE,FALSE,NORMAL,FALSE,HIGH,TRUE,HIGH,HIGH,NORMAL,HIGH,NORMAL,LOW,HIGH,LOW,NORMAL,FALSE,HIGH,NORMAL,HIGH,LOW,ZERO,FALSE,LOW,ZERO,LOW,NORMAL,TRUE,FALSE,NORMAL,LOW,LOW,FALSE,HIGH,ZERO,LOW,FALSE,NORMAL
TRUE,FALSE,LOW,FALSE,HIGH,FALSE,HIGH,ZERO,NORMAL,HIGH,HIGH,NORMAL,HIGH,HIGH,NORMAL,FALSE,LOW,NORMAL,NORMAL,NORMAL,HIGH,FALSE,LOW,LOW,HIGH,HIGH,FALSE,FALSE,HIGH,NORMAL,NORMAL,FALSE,HIGH,LOW,NORMAL,FALSE,NORMAL
FALSE,FALSE,NORMAL,TRUE,HIGH,FALSE,LOW,NORMAL,NORMAL,NORMAL,NORMAL,LOW,NORMAL,LOW,NORMAL,FALSE,LOW,NORMAL,HIGH,LOW,ZERO,FALSE,LOW,ZERO,LOW,HIGH,TRUE,FALSE,LOW,LOW,LOW,FALSE,NORMAL,ZERO,LOW,FALSE,NORMAL
FALSE,FALSE,NORMAL,FALSE,NORMAL,FALSE,HIGH,ZERO,NORMAL,LOW,NORMAL,LOW,HIGH,LOW,ONESIDED,FALSE,HIGH,NORMAL,LOW,HIGH,ZERO,FALSE,LOW,NORMAL,LOW,HIGH,FALSE,TRUE,HIGH,HIGH,LOW,FALSE,HIGH,NORMAL,LOW,TRUE,NORMAL
FALSE,FALSE,NORMAL,FALSE,HIGH,FALSE,HIGH,LOW,NORMAL,LOW,NORMAL,LOW,HIGH,LOW,NORMAL,FALSE,NORMAL,NORMAL,HIGH,HIGH,ZERO,FALSE,LOW,ZERO,LOW,HIGH,FALSE,TRUE,HIGH,HIGH,LOW,FALSE,HIGH,ZERO,LOW,FALSE,NORMAL
FALSE,FALSE,NORMAL,FALSE,HIGH,FALSE,NORMAL,LOW,NORMAL,LOW,NORMAL,LOW,HIGH,HIGH,NORMAL,TRUE,NORMAL,NORMAL,LOW,NORMAL,ZERO,FALSE,NORMAL,ZERO,LOW,HIGH,FALSE,FALSE,HIGH,NORMAL,LOW,FALSE,HIGH,ZERO,NORMAL,FALSE,HIGH
FALSE,FALSE,LOW,FALSE,NORMAL,FALSE,HIGH,HIGH,NORMAL,HIGH,NORMAL,LOW,HIGH,HIGH,ONESIDED,FALSE,NORMAL,NORMAL,HIGH,NORMAL,ZERO,FALSE,LOW,NORMAL,LOW,HIGH,FALSE,FALSE,HIGH,NORMAL,LOW,FALSE,HIGH,NORMAL,NORMAL,FALSE,HIGH
FALSE,TRUE,NORMAL,FALSE,HIGH,FALSE,HIGH,NORMAL,NORMAL,HIGH,NORMAL,LOW,HIGH,HIGH,NORMAL,FALSE,NORMAL,NORMAL,HIGH,NORMAL,ZERO,FALSE,LOW,ZERO,LOW,HIGH,FALSE,FALSE,HIGH,NORMAL,LOW,FALSE,HIGH,ZERO,NORMAL,FALSE,NORMAL
FALSE,FALSE,NORMAL,FALSE,HIGH,FALSE,HIGH,LOW,LOW,HIGH,NORMAL,LOW,HIGH,HIGH,NORMAL,FALSE,HIGH,NORMAL,NORMAL,HIGH,ZERO,FALSE,LOW,ZERO,LOW,HIGH,FALSE,TRUE,HIGH,HIGH,LOW,FALSE,HIGH,ZERO,NORMAL,FALSE,NORMAL
FALSE,FALSE,NORMAL,FALSE,LOW,FALSE,NORMAL,LOW,NORMAL,NORMAL,NORMAL,HIGH,HIGH,NORMAL,NORMAL,TRUE,NORMAL,NORMAL,NORMAL,NORMAL,LOW,FALSE,HIGH,HIGH,LOW,LOW,FALSE,FALSE,LOW,NORMAL,HIGH,FALSE,NORMAL,HIGH,NORMAL,FALSE,NORMAL
FALSE,FALSE,NORMAL,FALSE,HIGH,FALSE,HIGH,HIGH,NORMAL,NORMAL,NORMAL,LOW,HIGH,HIGH,NORMAL,FALSE,NORMAL,NORMAL,HIGH,NORMAL,ZERO,FALSE,LOW,ZERO,LOW,HIGH,FALSE,FALSE,HIGH,NORMAL,LOW,FALSE,HIGH,ZERO,NORMAL,FALSE,NORMAL
TRUE,FALSE,NORMAL,FALSE,HIGH,FALSE,HIGH,HIGH,NORMAL,LOW,NORMAL,ZERO,HIGH,HIGH,NORMAL,FALSE,NORMAL,NORMAL,LOW,NORMAL,ZERO,FALSE,LOW,ZERO,LOW,HIGH,FALSE,FALSE,HIGH,NORMAL,LOW,FALSE,HIGH,ZERO,NORMAL,FALSE,NORMAL
FALSE,FALSE,NORMAL,FALSE,LOW,TRUE,NORMAL,HIGH,NORMAL,NORMAL,LOW,ZERO,NORMAL,LOW,NORMAL,FALSE,NORMAL,LOW,HIGH,NORMAL,LOW,FALSE,HIGH,HIGH,LOW,LOW,FALSE,FALSE,HIGH,NORMAL,HIGH,FALSE,LOW,HIGH,NORMAL,FALSE,NORMAL
FALSE,FALSE,NORMAL,FALSE,HIGH,FALSE,LOW,HIGH,NORMAL,LOW,NORMAL,LOW,HIGH,LOW,ESOPHAGEAL,FALSE,HIGH,NORMAL,NORMAL,HIGH,ZERO,FALSE,LOW,LOW,LOW,LOW,FALSE,TRUE,LOW,HIGH,LOW,FALSE,NORMAL,LOW,LOW,FALSE,NORMAL
FALSE,FALSE,NORMAL,FALSE,HIGH,FALSE,LOW,NORMAL,NORMAL,NORMAL,NORMAL,LOW,HIGH,NORMAL,NORMAL,FALSE,HIGH,NORMAL,NORMAL,NORMAL,ZERO,FALSE,LOW,ZERO,LOW,LOW,FALSE,TRUE,LOW,HIGH,LOW,FALSE,NORMAL,ZERO,NORMAL,FALSE,NORMAL
FALSE,FALSE,NORMAL,FALSE,LOW,FALSE,HIGH,LOW,NORMAL,LOW,HIGH,HIGH,HIGH,HIGH,NORMAL,FALSE,NORMAL,NORMAL,LOW,LOW,LOW,FALSE,HIGH,HIGH,LOW,HIGH,FALSE,FALSE,HIGH,NORMAL,HIGH,FALSE,HIGH,HIGH,HIGH,FALSE,NORMAL
FALSE,FALSE,NORMAL,FALSE,HIGH,FALSE,HIGH,LOW,NORMAL,HIGH,NORMAL,LOW,HIGH,HIGH,NORMAL,FALSE,HIGH,NORMAL,NORMAL,HIGH,ZERO,FALSE,LOW,ZERO,LOW,HIGH,FALSE,FALSE,HIGH,HIGH,LOW,FALSE,HIGH,ZERO,NORMAL,FALSE,NORMAL
FALSE,FALSE,NORMAL,FALSE,HIGH,FALSE,HIGH,LOW,NORMAL,HIGH,NORMAL,LOW,HIGH,HIGH,NORMAL,FALSE,NORMAL,NORMAL,NORMAL,NORMAL,ZERO,FALSE,LOW,ZERO,LOW,HIGH,FALSE,FALSE,HIGH,NORMAL,LOW,FALSE,HIGH,ZERO,NORMAL,FALSE,NORMAL
FALSE,FALSE,NORMAL,TRUE,HIGH,FALSE,HIGH,LOW,NORMAL,HIGH,NORMAL,LOW,HIGH,HIGH,NORMAL,FALSE,NORMAL,NORMAL,NORMAL,NORMAL,ZERO,FALSE,LOW,ZERO,LOW,HIGH,FALSE,FALSE,HIGH,NORMAL,LOW,FALSE,HIGH,ZERO,NORMAL,FALSE,NORMAL
FALSE,FALSE,NORMAL,FALSE,HIGH,TRUE,HIGH,NORMAL,NORMAL,HIGH,NORMAL,LOW,HIGH,HIGH,NORMAL,FALSE,NORMAL,NORMAL,NORMAL,NORMAL,ZERO,FALSE,LOW,ZERO,LOW,NORMAL,FALSE,FALSE,NORMAL,NORMAL,LOW,FALSE,HIGH,ZERO,NORMAL,FALSE,NORMAL
FALSE,FALSE,NORMAL,FALSE,HIGH,FALSE,HIGH,NORMAL,NORMAL,NORMAL,NORMAL,LOW,HIGH,HIGH,NORMAL,FALSE,NORMAL,NORMAL,NORMAL,NORMAL,ZERO,FALSE,LOW,ZERO,LOW,HIGH,FALSE,FALSE,HIGH,NORMAL,LOW,FALSE,HIGH,ZERO,NORMAL,FALSE,NORMAL
FALSE,FALSE,LOW,FALSE,HIGH,FALSE,HIGH,NORMAL,NORMAL,HIGH,NORMAL,LOW,HIGH,HIGH,NORMAL,FALSE,NORMAL,NORMAL,HIGH,NORMAL,ZERO,FALSE,LOW,ZERO,LOW,HIGH,FALSE,FALSE,HIGH,NORMAL,LOW,FALSE,HIGH,ZERO,NORMAL,FALSE,NORMAL
FALSE,FALSE,HIGH,FALSE,HIGH,FALSE,HIGH,HIGH,NORMAL,LOW,NORMAL,LOW,HIGH,NORMAL,NORMAL,FALSE,HIGH,NORMAL,LOW,LOW,ZERO,TRUE,LOW,ZERO,LOW,HIGH,FALSE,TRUE,HIGH,HIGH,LOW,TRUE,HIGH,ZERO,LOW,FALSE,HIGH
FALSE,FALSE,NORMAL,FALSE,HIGH,FALSE,HIGH,NORMAL,NORMAL,LOW,NORMAL,LOW,HIGH,HIGH,NORMAL,FALSE,LOW,NORMAL,NORMAL,LOW,ZERO,FALSE,LOW,ZERO,LOW,HIGH,FALSE,FALSE,HIGH,LOW,LOW,FALSE,HIGH,ZERO,NORMAL,FALSE,NORMAL
FALSE,FALSE,NORMAL,FALSE,HIGH,FALSE,HIGH,HIGH,NORMAL,HIGH,NORMAL,LOW,HIGH,HIGH,NORMAL,FALSE,HIGH,NORMAL,HIGH,HIGH,ZERO,FALSE,LOW,ZERO,LOW,HIGH,FALSE,FALSE,HIGH,HIGH,LOW,FALSE,HIGH,ZERO,NORMAL,FALSE,NORMAL
FALSE,FALSE,NORMAL,FALSE,LOW,FALSE,LOW,HIGH,NORMAL,NORMAL,NORMAL,LOW,NORMAL,NORMAL,ESOPHAGEAL,FALSE,HIGH,NORMAL,HIGH,HIGH,ZERO,FALSE,LOW,LOW,ZERO,LOW,FALSE,TRUE,LOW,HIGH,LOW,FALSE,NORMAL,LOW,NORMAL,FALSE,NORMAL
FALSE,TRUE,NORMAL,FALSE,HIGH,FALSE,NORMAL,NORMAL,NORMAL,HIGH,NORMAL,LOW,HIGH,NORMAL,NORMAL,TRUE,HIGH,NORMAL,HIGH,NORMAL,ZERO,FALSE,LOW,ZERO,LOW,LOW,FALSE,FALSE,LOW,HIGH,LOW,FALSE,NORMAL,ZERO,NORMAL,FALSE,NORMAL
FALSE,FALSE,NORMAL,FALSE,HIGH,FALSE,HIGH,ZERO,NORMAL,HIGH,LOW,ZERO,HIGH,HIGH,NORMAL,FALSE,NORMAL,LOW,HIGH,NORMAL,ZERO,FALSE,LOW,ZERO,LOW,HIGH,FALSE,FALSE,HIGH,NORMAL,LOW,FALSE,HIGH,ZERO,NORMAL,FALSE,NORMAL
FALSE,FALSE,NORMAL,FALSE,HIGH,TRUE,HIGH,NORMAL,NORMAL,HIGH,NORMAL,LOW,HIGH,HIGH,NORMAL,FALSE,LOW,NORMAL,NORMAL,LOW,ZERO,FALSE,LOW,ZERO,LOW,NORMAL,FALSE,FALSE,NORMAL,LOW,LOW,FALSE,HIGH,ZERO,NORMAL,FALSE,HIGH
FALSE,FALSE,NORMAL,FALSE,LOW,FALSE,LOW,HIGH,NORMAL,HIGH,LOW,ZERO,NORMAL,NORMAL,NORMAL,FALSE,NORMAL,LOW,HIGH,NORMAL,LOW,FALSE,HIGH,HIGH,LOW,LOW,FALSE,FALSE,LOW,NORMAL,HIGH,FALSE,NORMAL,HIGH,NORMAL,FALSE,NORMAL
FALSE,FALSE,NORMAL,FALSE,HIGH,FALSE,HIGH,NORMAL,NORMAL,NORMAL,NORMAL,LOW,HIGH,NORMAL,NORMAL,FALSE,LOW,NORMAL,NORMAL,LOW,ZERO,FALSE,LOW,ZERO,LOW,HIGH,FALSE,FALSE,HIGH,LOW,LOW,FALSE,HIGH,ZERO,NORMAL,FALSE,NORMAL
FALSE,FALSE,NORMAL,FALSE,HIGH,FALSE,HIGH,LOW,NORMAL,HIGH,NORMAL,LOW,HIGH,HIGH,NORMAL,FALSE,NORMAL,NORMAL,HIGH,NORMAL,ZERO,FALSE,LOW,ZERO,LOW,HIGH,FALSE,FALSE,HIGH,NORMAL,LOW,FALSE,HIGH,ZERO,NORMAL,FALSE,NORMAL
FALSE,FALSE,NORMAL,FALSE,HIGH,FALSE,HIGH,NORMAL,NORMAL,LOW,NORMAL,LOW,HIGH,HIGH,NORMAL,FALSE,HIGH,NORMAL,LOW,HIGH,ZERO,FALSE,LOW,ZERO,LOW,HIGH,FALSE,TRUE,HIGH,HIGH,LOW,FALSE,HIGH,ZERO,NORMAL,FALSE,NORMAL
TRUE,FALSE,NORMAL,FALSE,LOW,FALSE,HIGH,LOW,NORMAL,HIGH,NORMAL,ZERO,HIGH,HIGH,ONESIDED,FALSE,NORMAL,NORMAL,NORMAL,NORMAL,ZERO,FALSE,LOW,NORMAL,ZERO,HIGH,FALSE,FALSE,HIGH,NORMAL,LOW,FALSE,HIGH,NORMAL,NORMAL,FALSE,HIGH
FALSE,FALSE,NORMAL,FALSE,LOW,FALSE,HIGH,LOW,NORMAL,HIGH,HIGH,HIGH,HIGH,HIGH,NORMAL,FALSE,NORMAL,HIGH,NORMAL,NORMAL,LOW,FALSE,HIGH,HIGH,LOW,HIGH,FALSE,FALSE,HIGH,NORMAL,HIGH,FALSE,HIGH,HIGH,NORMAL,FALSE,NORMAL
FALSE,FALSE,NORMAL,TRUE,HIGH,FALSE,LOW,LOW,NORMAL,NORMAL,NORMAL,LOW,NORMAL,LOW,NORMAL,FALSE,LOW,NORMAL,HIGH,LOW,ZERO,FALSE,NORMAL,ZERO,LOW,LOW,TRUE,FALSE,LOW,LOW,NORMAL,FALSE,NORMAL,ZERO,LOW,FALSE,NORMAL
FALSE,FALSE,NORMAL,FALSE,HIGH,FALSE,HIGH,HIGH,NORMAL,LOW,NORMAL,LOW,HIGH,LOW,NORMAL,FALSE,HIGH,NORMAL,HIGH,HIGH,ZERO,FALSE,LOW,ZERO,LOW,HIGH,FALSE,TRUE,HIGH,HIGH,LOW,FALSE,HIGH,ZERO,LOW,FALSE,NORMAL
FALSE,FALSE,LOW,FALSE,HIGH,FALSE,HIGH,LOW,NORMAL,HIGH,NORMAL,LOW,HIGH,HIGH,NORMAL,FALSE,NORMAL,NORMAL,NORMAL,NORMAL,ZERO,FALSE,LOW,ZERO,ZERO,HIGH,FALSE,FALSE,HIGH,NORMAL,LOW,FALSE,HIGH,ZERO,NORMAL,FALSE,NORMAL
FALSE,FALSE,NORMAL,FALSE,HIGH,FALSE,HIGH,HIGH,NORMAL,LOW,NORMAL,LOW,HIGH,HIGH,NORMAL,FALSE,HIGH,NORMAL,LOW,HIGH,ZERO,FALSE,LOW,ZERO,LOW,HIGH,FALSE,TRUE,HIGH,HIGH,LOW,FALSE,HIGH,ZERO,NORMAL,FALSE,NORMAL
FALSE,FALSE,NORMAL,FALSE,HIGH,FALSE,HIGH,HIGH,NORMAL,NORMAL,NORMAL,LOW,HIGH,HIGH,NORMAL,FALSE,NORMAL,NORMAL,NORMAL,NORMAL,ZERO,FALSE,LOW,ZERO,LOW,HIGH,FALSE,FALSE,HIGH,NORMAL,LOW,FALSE,HIGH,ZERO,NORMAL,FALSE,NORMAL
FALSE,FALSE,NORMAL,FALSE,HIGH,FALSE,HIGH,HIGH,NORMAL,LOW,NORMAL,LOW,HIGH,HIGH,ONESIDED,FALSE,LOW,NORMAL,LOW,NORMAL,LOW,FALSE,LOW,ZERO,NORMAL,HIGH,FALSE,FALSE,HIGH,NORMAL,LOW,FALSE,HIGH,LOW,NORMAL,FALSE,HIGH
FALSE,FALSE,NORMAL,FALSE,LOW,FALSE,LOW,HIGH,NORMAL,LOW,NORMAL,LOW,NORMAL,NORMAL,NORMAL,FALSE,NORMAL,NORMAL,HIGH,NORMAL,LOW,FALSE,HIGH,HIGH,LOW,LOW,FALSE,FALSE,LOW,NORMAL,HIGH,FALSE,NORMAL,HIGH,NORMAL,FALSE,NORMAL
FALSE,FALSE,NORMAL,FALSE,HIGH,FALSE,HIGH,HIGH,NORMAL,HIGH,NORMAL,LOW,HIGH,HIGH,NORMAL,FALSE,NORMAL,NORMAL,NORMAL,NORMAL,ZERO,FALSE,LOW,ZERO,LOW,HIGH,FALSE,FALSE,HIGH,NORMAL,LOW,FALSE,HIGH,ZERO,NORMAL,FALSE,NORMAL
TRUE,TRUE,NORMAL,FALSE,LOW,TRUE,HIGH,HIGH,NORMAL,LOW,NORMAL,ZERO,HIGH,LOW,NORMAL,FALSE,NORMAL,NORMAL,NORMAL,NORMAL,LOW,FALSE,HIGH,HIGH,LOW,NORMAL,FALSE,FALSE,NORMAL,NORMAL,HIGH,FALSE,HIGH,HIGH,LOW,FALSE,NORMAL
FALSE,FALSE,HIGH,FALSE,HIGH,FALSE,LOW,HIGH,NORMAL,HIGH,NORMAL,LOW,HIGH,NORMAL,NORMAL,FALSE,LOW,NORMAL,HIGH,LOW,ZERO,FALSE,LOW,ZERO,LOW,LOW,FALSE,FALSE,LOW,LOW,LOW,FALSE,NORMAL,ZERO,NORMAL,FALSE,NORMAL
FALSE,FALSE,NORMAL,FALSE,HIGH,FALSE,LOW,HIGH,NORMAL,LOW,NORMAL,LOW,HIGH,NORMAL,NORMAL,FALSE,LOW,NORMAL,LOW,LOW,ZERO,FALSE,LOW,ZERO,LOW,LOW,FALSE,FALSE,LOW,LOW,LOW,FALSE,NORMAL,ZERO,NORMAL,FALSE,NORMAL
TRUE,FALSE,NORMAL,FALSE,LOW,FALSE,LOW,HIGH,NORMAL,NORMAL,NORMAL,ZERO,NORMAL,NORMAL,NORMAL,FALSE,LOW,NORMAL,HIGH,NORMAL,LOW,FALSE,HIGH,HIGH,LOW,LOW,FALSE,FALSE,LOW,NORMAL,HIGH,FALSE,NORMAL,HIGH,NORMAL,FALSE,NORMAL
FALSE,TRUE,NORMAL,FALSE,HIGH,FALSE,HIGH,HIGH,NORMAL,LOW,NORMAL,LOW,HIGH,HIGH,NORMAL,FALSE,NORMAL,NORMAL,LOW,NORMAL,ZERO,FALSE,LOW,ZERO,LOW,HIGH,FALSE,FALSE,HIGH,NORMAL,LOW,FALSE,HIGH,ZERO,NORMAL,FALSE,NORMAL
FALSE,TRUE,NORMAL,FALSE,LOW,FALSE,LOW,LOW,NORMAL,HIGH,HIGH,HIGH,NORMAL,NORMAL,NORMAL,FALSE,LOW,HIGH,HIGH,NORMAL,LOW,FALSE,HIGH,HIGH,LOW,LOW,FALSE,FALSE,LOW,NORMAL,HIGH,FALSE,NORMAL,HIGH,NORMAL,FALSE,NORMAL
FALSE,FALSE,HIGH,FALSE,HIGH,FALSE,HIGH,LOW,NORMAL,NORMAL,NORMAL,LOW,HIGH,NORMAL,NORMAL,FALSE,NORMAL,NORMAL,NORMAL,NORMAL,ZERO,FALSE,LOW,ZERO,NORMAL,HIGH,FALSE,FALSE,HIGH,NORMAL,LOW,FALSE,HIGH,ZERO,NORMAL,FALSE,NORMAL
FALSE,TRUE,NORMAL,TRUE,HIGH,FALSE,HIGH,HIGH,NORMAL,LOW,NORMAL,LOW,HIGH,NORMAL,ONESIDED,FALSE,LOW,NORMAL,LOW,LOW,LOW,FALSE,LOW,ZERO,NORMAL,HIGH,TRUE,FALSE,HIGH,LOW,LOW,FALSE,HIGH,LOW,LOW,FALSE,HIGH
FALSE,FALSE,NORMAL,FALSE,NORMAL,FALSE,HIGH,LOW,NORMAL,LOW,NORMAL,LOW,HIGH,HIGH,NORMAL,FALSE,HIGH,NORMAL,NORMAL,HIGH,ZERO,FALSE,LOW,ZERO,LOW,HIGH,FALSE,FALSE,HIGH,HIGH,LOW,FALSE,HIGH,ZERO,NORMAL,FALSE,NORMAL
FALSE,FALSE,NORMAL,FALSE,HIGH,FALSE,HIGH,NORMAL,NORMAL,NORMAL,NORMAL,LOW,HIGH,HIGH,NORMAL,FALSE,NORMAL,NORMAL,HIGH,NORMAL,ZERO,FALSE,LOW,ZERO,LOW,HIGH,FALSE,FALSE,HIGH,NORMAL,LOW,FALSE,HIGH,ZERO,NORMAL,FALSE,NORMAL
FALSE,FALSE,NORMAL,FALSE,HIGH,FALSE,HIGH,HIGH,NORMAL,HIGH,NORMAL,LOW,HIGH,HIGH,NORMAL,FALSE,NORMAL,NORMAL,HIGH,NORMAL,ZERO,FALSE,LOW,ZERO,LOW,HIGH,FALSE,FALSE,HIGH,NORMAL,LOW,FALSE,HIGH,ZERO,NORMAL,FALSE,NORMAL
FALSE,FALSE,NORMAL,FALSE,HIGH,FALSE,HIGH,NORMAL,NORMAL,HIGH,NORMAL,LOW,HIGH,HIGH,NORMAL,FALSE,NORMAL,NORMAL,HIGH,NORMAL,ZERO,FALSE,LOW,ZERO,LOW,HIGH,FALSE,FALSE,HIGH,NORMAL,LOW,FALSE,HIGH,ZERO,NORMAL,FALSE,NORMAL
FALSE,FALSE,NORMAL,FALSE,LOW,FALSE,LOW,LOW,NORMAL,HIGH,HIGH,HIGH,NORMAL,HIGH,NORMAL,FALSE,NORMAL,HIGH,HIGH,NORMAL,LOW,FALSE,HIGH,HIGH,LOW,LOW,FALSE,FALSE,LOW,NORMAL,HIGH,FALSE,NORMAL,HIGH,HIGH,FALSE,NORMAL
FALSE,FALSE,NORMAL,FALSE,HIGH,TRUE,HIGH,HIGH,NORMAL,HIGH,NORMAL,LOW,HIGH,HIGH,NORMAL,FALSE,LOW,NORMAL,HIGH,LOW,ZERO,FALSE,LOW,ZERO,LOW,NORMAL,FALSE,FALSE,NORMAL,LOW,LOW,FALSE,HIGH,ZERO,NORMAL,TRUE,NORMAL
FALSE,FALSE,NORMAL,FALSE,LOW,FALSE,NORMAL,HIGH,NORMAL,NORMAL,LOW,ZERO,NORMAL,LOW,NORMAL,FALSE,NORMAL,LOW,HIGH,NORMAL,LOW,FALSE,HIGH,HIGH,LOW,LOW,FALSE,TRUE,LOW,NORMAL,HIGH,FALSE,NORMAL,HIGH,LOW,FALSE,NORMAL
FALSE,FALSE,NORMAL,FALSE,HIGH,TRUE,HIGH,HIGH,NORMAL,HIGH,NORMAL,LOW,HIGH,HIGH,NORMAL,FALSE,NORMAL,NORMAL,NORMAL,NORMAL,ZERO,FALSE,LOW,ZERO,LOW,NORMAL,FALSE,FALSE,NORMAL,NORMAL,LOW,FALSE,HIGH,ZERO,NORMAL,FALSE,NORMAL
FALSE,FALSE,NORMAL,FALSE,HIGH,FALSE,HIGH,HIGH,NORMAL,HIGH,NORMAL,LOW,HIGH,HIGH,NORMAL,FALSE,NORMAL,NORMAL,NORMAL,NORMAL,ZERO,FALSE,LOW,ZERO,LOW,HIGH,FALSE,FALSE,HIGH,NORMAL,LOW,FALSE,HIGH,ZERO,NORMAL,FALSE,NORMAL
FALSE,FALSE,NORMAL,FALSE,HIGH,TRUE,HIGH,HIGH,NORMAL,LOW,NORMAL,LOW,HIGH,HIGH,NORMAL,FALSE,NORMAL,NORMAL,LOW,NORMAL,ZERO,FALSE,LOW,ZERO,LOW,NORMAL,FALSE,FALSE,NORMAL,NORMAL,NORMAL,FALSE,HIGH,ZERO,NORMAL,FALSE,NORMAL
FALSE,FALSE,NORMAL,FALSE,NORMAL,FALSE,HIGH,HIGH,NORMAL,HIGH,LOW,ZERO,HIGH,HIGH,NORMAL,FALSE,NORMAL,LOW,NORMAL,NORMAL,NORMAL,FALSE,LOW,LOW,NORMAL,HIGH,FALSE,FALSE,HIGH,NORMAL,LOW,FALSE,HIGH,NORMAL,NORMAL,FALSE,NORMAL
FALSE,FALSE,NORMAL,FALSE,LOW,FALSE,HIGH,LOW,NORMAL,HIGH,HIGH,HIGH,HIGH,HIGH,NORMAL,FALSE,NORMAL,HIGH,NORMAL,NORMAL,LOW,FALSE,HIGH,HIGH,LOW,HIGH,FALSE,FALSE,HIGH,NORMAL,HIGH,FALSE,HIGH,HIGH,NORMAL,FALSE,NORMAL
FALSE,TRUE,NORMAL,TRUE,HIGH,TRUE,HIGH,LOW,NORMAL,NORMAL,NORMAL,LOW,HIGH,LOW,NORMAL,FALSE,LOW,NORMAL,HIGH,LOW,ZERO,FALSE,LOW,ZERO,LOW,NORMAL,TRUE,FALSE,NORMAL,LOW,LOW,FALSE,HIGH,ZERO,LOW,FALSE,NORMAL
FALSE,FALSE,NORMAL,FALSE,HIGH,FALSE,LOW,HIGH,NORMAL,HIGH,NORMAL,LOW,HIGH,HIGH,ONESIDED,FALSE,NORMAL,NORMAL,HIGH,NORMAL,LOW,FALSE,LOW,LOW,NORMAL,LOW,FALSE,FALSE,LOW,NORMAL,LOW,FALSE,NORMAL,LOW,HIGH,FALSE,HIGH
FALSE,FALSE,NORMAL,FALSE,NORMAL,FALSE,LOW,HIGH,NORMAL,HIGH,NORMAL,LOW,NORMAL,NORMAL,ONESIDED,FALSE,NORMAL,NORMAL,HIGH,NORMAL,ZERO,FALSE,LOW,NORMAL,LOW,LOW,FALSE,FALSE,LOW,NORMAL,LOW,FALSE,NORMAL,NORMAL,NORMAL,FALSE,HIGH
FALSE,FALSE,NORMAL,FALSE,HIGH,FALSE,HIGH,HIGH,NORMAL,LOW,NORMAL,LOW,HIGH,HIGH,NORMAL,FALSE,NORMAL,NORMAL,LOW,LOW,ZERO,FALSE,LOW,ZERO,NORMAL,HIGH,FALSE,FALSE,HIGH,NORMAL,LOW,FALSE,HIGH,ZERO,NORMAL,FALSE,NORMAL
FALSE,FALSE,NORMAL,FALSE,HIGH,FALSE,HIGH,ZERO,NORMAL,LOW,NORMAL,LOW,HIGH,HIGH,NORMAL,FALSE,NORMAL,NORMAL,LOW,NORMAL,ZERO,FALSE,LOW,ZERO,LOW,HIGH,FALSE,FALSE,HIGH,NORMAL,LOW,FALSE,HIGH,ZERO,NORMAL,FALSE,NORMAL
FALSE,FALSE,NORMAL,TRUE,HIGH,FALSE,HIGH,HIGH,NORMAL,LOW,NORMAL,LOW,HIGH,LOW,NORMAL,FALSE,LOW,NORMAL,NORMAL,LOW,ZERO,FALSE,LOW,ZERO,LOW,HIGH,TRUE,FALSE,HIGH,LOW,LOW,FALSE,HIGH,ZERO,LOW,FALSE,NORMAL
FALSE,TRUE,NORMAL,FALSE,HIGH,FALSE,LOW,HIGH,NORMAL,LOW,NORMAL,LOW,HIGH,NORMAL,NORMAL,FALSE,HIGH,NORMAL,LOW,HIGH,ZERO,FALSE,LOW,ZERO,LOW,LOW,FALSE,FALSE,LOW,HIGH,LOW,FALSE,NORMAL,ZERO,NORMAL,FALSE,HIGH
FALSE,FALSE,LOW,FALSE,HIGH,FALSE,HIGH,HIGH,NORMAL,HIGH,NORMAL,LOW,HIGH,HIGH,NORMAL,FALSE,HIGH,NORMAL,HIGH,HIGH,ZERO,FALSE,LOW,ZERO,LOW,HIGH,FALSE,FALSE,HIGH,HIGH,HIGH,FALSE,HIGH,ZERO,NORMAL,FALSE,NORMAL
FALSE,FALSE,NORMAL,FALSE,HIGH,FALSE,HIGH,NORMAL,NORMAL,LOW,NORMAL,LOW,HIGH,HIGH,NORMAL,FALSE,NORMAL,NORMAL,LOW,NORMAL,ZERO,FALSE,LOW,ZERO,LOW,HIGH,FALSE,FALSE,HIGH,NORMAL,LOW,FALSE,HIGH,ZERO,NORMAL,FALSE,NORMAL
FALSE,FALSE,NORMAL,FALSE,HIGH,FALSE,HIGH,HIGH,NORMAL,LOW,NORMAL,LOW,HIGH,HIGH,NORMAL,FALSE,HIGH,NORMAL,LOW,HIGH,ZERO,FALSE,LOW,ZERO,LOW,HIGH,FALSE,FALSE,HIGH,HIGH,LOW,FALSE,HIGH,ZERO,NORMAL,FALSE,NORMAL
FALSE,FALSE,NORMAL,FALSE,HIGH,FALSE,HIGH,HIGH,NORMAL,LOW,NORMAL,LOW,HIGH,HIGH,NORMAL,FALSE,NORMAL,NORMAL,LOW,NORMAL,ZERO,FALSE,LOW,ZERO,LOW,HIGH,FALSE,FALSE,HIGH,NORMAL,LOW,FALSE,HIGH,ZERO,NORMAL,FALSE,NORMAL
TRUE,FALSE,NORMAL,TRUE,LOW,TRUE,LOW,HIGH,NORMAL,LOW,ZERO,ZERO,HIGH,NORMAL,NORMAL,FALSE,NORMAL,NORMAL,LOW,NORMAL,LOW,FALSE,HIGH,HIGH,LOW,LOW,FALSE,FALSE,LOW,NORMAL,HIGH,FALSE,NORMAL,HIGH,NORMAL,FALSE,NORMAL
FALSE,FALSE,NORMAL,FALSE,NORMAL,TRUE,HIGH,LOW,NORMAL,HIGH,ZERO,ZERO,HIGH,HIGH,ONESIDED,FALSE,NORMAL,NORMAL,HIGH,NORMAL,ZERO,FALSE,LOW,NORMAL,LOW,NORMAL,FALSE,FALSE,NORMAL,NORMAL,LOW,FALSE,HIGH,NORMAL,NORMAL,FALSE,HIGH
FALSE,FALSE,NORMAL,FALSE,LOW,FALSE,HIGH,LOW,NORMAL,LOW,HIGH,HIGH,HIGH,HIGH,NORMAL,FALSE,NORMAL,HIGH,LOW,NORMAL,LOW,FALSE,LOW,HIGH,HIGH,HIGH,FALSE,FALSE,HIGH,NORMAL,LOW,FALSE,HIGH,HIGH,NORMAL,FALSE,HIGH
FALSE,FALSE,NORMAL,FALSE,HIGH,FALSE,HIGH,HIGH,NORMAL,LOW,NORMAL,LOW,HIGH,LOW,NORMAL,FALSE,HIGH,NORMAL,NORMAL,HIGH,ZERO,FALSE,LOW,ZERO,LOW,HIGH,FALSE,TRUE,HIGH,HIGH,LOW,FALSE,HIGH,ZERO,LOW,FALSE,NORMAL
FALSE,FALSE,NORMAL,TRUE,HIGH,FALSE,HIGH,HIGH,NORMAL,LOW,HIGH,HIGH,HIGH,LOW,ONESIDED,FALSE,NORMAL,HIGH,LOW,LOW,HIGH,FALSE,LOW,HIGH,HIGH,HIGH,TRUE,FALSE,HIGH,LOW,LOW,FALSE,HIGH,LOW,LOW,FALSE,HIGH
FALSE,FALSE,NORMAL,FALSE,NORMAL,FALSE,LOW,HIGH,NORMAL,HIGH,NORMAL,LOW,HIGH,NORMAL,NORMAL,FALSE,NORMAL,NORMAL,HIGH,HIGH,NORMAL,FALSE,LOW,LOW,NORMAL,LOW,FALSE,TRUE,LOW,HIGH,LOW,FALSE,NORMAL,NORMAL,NORMAL,FALSE,NORMAL
FALSE,FALSE,NORMAL,FALSE,HIGH,TRUE,HIGH,NORMAL,NORMAL,NORMAL,NORMAL,LOW,HIGH,HIGH,NORMAL,FALSE,NORMAL,NORMAL,HIGH,NORMAL,ZERO,FALSE,LOW,ZERO,LOW,NORMAL,FALSE,FALSE,NORMAL,NORMAL,LOW,FALSE,HIGH,ZERO,NORMAL,FALSE,NORMAL
FALSE,FALSE,NORMAL,FALSE,HIGH,FALSE,HIGH,HIGH,NORMAL,NORMAL,NORMAL,LOW,HIGH,LOW,NORMAL,FALSE,HIGH,NORMAL,HIGH,HIGH,ZERO,FALSE,LOW,ZERO,LOW,HIGH,FALSE,TRUE,HIGH,HIGH,LOW,FALSE,HIGH,ZERO,LOW,FALSE,NORMAL
FALSE,FALSE,HIGH,FALSE,HIGH,FALSE,LOW,HIGH,NORMAL,NORMAL,NORMAL,LOW,HIGH,NORMAL,ESOPHAGEAL,FALSE,NORMAL,NORMAL,HIGH,NORMAL,ZERO,FALSE,HIGH,LOW,LOW,LOW,FALSE,FALSE,LOW,NORMAL,HIGH,FALSE,NORMAL,LOW,NORMAL,FALSE,NORMAL
TRUE,FALSE,NORMAL,FALSE,LOW,FALSE,HIGH,HIGH,NORMAL,HIGH,NORMAL,ZERO,NORMAL,HIGH,NORMAL,FALSE,HIGH,NORMAL,HIGH,HIGH,LOW,FALSE,HIGH,HIGH,LOW,HIGH,FALSE,TRUE,HIGH,HIGH,HIGH,FALSE,HIGH,HIGH,NORMAL,FALSE,NORMAL
FALSE,FALSE,LOW,FALSE,HIGH,FALSE,HIGH,HIGH,LOW,NORMAL,ZERO,ZERO,HIGH,NORMAL,NORMAL,FALSE,NORMAL,HIGH,NORMAL,NORMAL,LOW,FALSE,LOW,HIGH,NORMAL,HIGH,FALSE,FALSE,HIGH,NORMAL,LOW,FALSE,HIGH,LOW,NORMAL,FALSE,NORMAL
FALSE,FALSE,NORMAL,FALSE,HIGH,TRUE,HIGH,HIGH,NORMAL,HIGH,NORMAL,LOW,HIGH,HIGH,NORMAL,FALSE,NORMAL,NORMAL,HIGH,NORMAL,ZERO,FALSE,LOW,ZERO,LOW,NORMAL,FALSE,FALSE,NORMAL,NORMAL,LOW,FALSE,HIGH,ZERO,NORMAL,FALSE,NORMAL
FALSE,FALSE,NORMAL,FALSE,LOW,FALSE,LOW,HIGH,NORMAL,NORMAL,ZERO,ZERO,NORMAL,NORMAL,NORMAL,FALSE,NORMAL,NORMAL,HIGH,NORMAL,LOW,FALSE,HIGH,HIGH,LOW,LOW,FALSE,FALSE,LOW,NORMAL,HIGH,FALSE,NORMAL,HIGH,NORMAL,FALSE,NORMAL
FALSE,FALSE,NORMAL,FALSE,HIGH,TRUE,HIGH,HIGH,NORMAL,NORMAL,NORMAL,LOW,HIGH,HIGH,NORMAL,FALSE,NORMAL,NORMAL,NORMAL,NORMAL,ZERO,FALSE,LOW,ZERO,LOW,NORMAL,FALSE,FALSE,NORMAL,NORMAL,LOW,FALSE,HIGH,ZERO,NORMAL,FALSE,NORMAL
FALSE,TRUE,NORMAL,FALSE,HIGH,FALSE,HIGH,HIGH,NORMAL,LOW,NORMAL,LOW,HIGH,LOW,NORMAL,FALSE,HIGH,NORMAL,NORMAL,HIGH,ZERO,FALSE,LOW,ZERO,HIGH,LOW,FALSE,TRUE,HIGH,HIGH,LOW,FALSE,HIGH,ZERO,LOW,FALSE,NORMAL
FALSE,FALSE,NORMAL,FALSE,LOW,FALSE,HIGH,HIGH,NORMAL,LOW,NORMAL,ZERO,HIGH,HIGH,NORMAL,FALSE,NORMAL,NORMAL,LOW,NORMAL,LOW,FALSE,HIGH,HIGH,LOW,HIGH,FALSE,FALSE,HIGH,NORMAL,HIGH,FALSE,HIGH,HIGH,NORMAL,FALSE,NORMAL
FALSE,FALSE,NORMAL,FALSE,HIGH,FALSE,HIGH,NORMAL,NORMAL,LOW,NORMAL,LOW,HIGH,HIGH,NORMAL,FALSE,HIGH,NORMAL,LOW,HIGH,ZERO,FALSE,LOW,ZERO,LOW,HIGH,FALSE,FALSE,HIGH,HIGH,LOW,FALSE,HIGH,ZERO,NORMAL,FALSE,NORMAL
FALSE,TRUE,NORMAL,FALSE,HIGH,FALSE,HIGH,LOW,NORMAL,HIGH,NORMAL,LOW,HIGH,HIGH,NORMAL,FALSE,NORMAL,NORMAL,HIGH,NORMAL,ZERO,FALSE,LOW,ZERO,LOW,HIGH,FALSE,FALSE,HIGH,NORMAL,LOW,FALSE,HIGH,ZERO,HIGH,FALSE,NORMAL
FALSE,FALSE,NORMAL,FALSE,NORMAL,FALSE,LOW,HIGH,NORMAL,NORMAL,NORMAL,LOW,NORMAL,NORMAL,ONESIDED,FALSE,NORMAL,NORMAL,HIGH,NORMAL,ZERO,FALSE,LOW,NORMAL,LOW,LOW,FALSE,FALSE,LOW,NORMAL,LOW,FALSE,NORMAL,NORMAL,NORMAL,FALSE,HIGH
FALSE,FALSE,NORMAL,FALSE,LOW,FALSE,HIGH,HIGH,NORMAL,LOW,ZERO,ZERO,HIGH,HIGH,NORMAL,FALSE,LOW,NORMAL,LOW,NORMAL,LOW,FALSE,HIGH,HIGH,LOW,HIGH,FALSE,FALSE,HIGH,NORMAL,HIGH,FALSE,HIGH,HIGH,NORMAL,FALSE,NORMAL
FALSE,TRUE,NORMAL,FALSE,HIGH,FALSE,HIGH,HIGH,NORMAL,HIGH,NORMAL,LOW,HIGH,HIGH,ONESIDED,FALSE,NORMAL,NORMAL,HIGH,NORMAL,LOW,FALSE,LOW,ZERO,NORMAL,HIGH,FALSE,FALSE,HIGH,NORMAL,LOW,FALSE,HIGH,LOW,NORMAL,FALSE,HIGH
TRUE,FALSE,NORMAL,FALSE,NORMAL,FALSE,LOW,HIGH,LOW,HIGH,NORMAL,ZERO,NORMAL,NORMAL,NORMAL,FALSE,NORMAL,NORMAL,HIGH,NORMAL,LOW,FALSE,NORMAL,HIGH,ZERO,LOW,FALSE,FALSE,LOW,NORMAL,NORMAL,FALSE,NORMAL,HIGH,NORMAL,FALSE,NORMAL
FALSE,FALSE,NORMAL,FALSE,HIGH,FALSE,HIGH,HIGH,NORMAL,HIGH,LOW,ZERO,HIGH,HIGH,NORMAL,FALSE,NORMAL,NORMAL,NORMAL,NORMAL,ZERO,FALSE,LOW,ZERO,LOW,HIGH,FALSE,FALSE,HIGH,NORMAL,NORMAL,FALSE,HIGH,ZERO,NORMAL,FALSE,NORMAL
FALSE,FALSE,NORMAL,FALSE,LOW,FALSE,LOW,LOW,NORMAL,HIGH,HIGH,HIGH,NORMAL,NORMAL,NORMAL,FALSE,NORMAL,HIGH,HIGH,HIGH,LOW,FALSE,HIGH,HIGH,LOW,LOW,FALSE,FALSE,LOW,NORMAL,HIGH,FALSE,NORMAL,HIGH,NORMAL,FALSE,NORMAL
FALSE,FALSE,NORMAL,FALSE,HIGH,FALSE,HIGH,HIGH,NORMAL,LOW,NORMAL,LOW,HIGH,LOW,NORMAL,FALSE,HIGH,NORMAL,LOW,HIGH,ZERO,FALSE,LOW,ZERO,LOW,HIGH,FALSE,TRUE,HIGH,HIGH,LOW,FALSE,HIGH,ZERO,LOW,FALSE,NORMAL
FALSE,FALSE,NORMAL,FALSE,HIGH,FALSE,HIGH,LOW,NORMAL,HIGH,NORMAL,LOW,HIGH,HIGH,NORMAL,FALSE,HIGH,NORMAL,NORMAL,HIGH,ZERO,FALSE,LOW,ZERO,LOW,HIGH,FALSE,FALSE,HIGH,HIGH,LOW,FALSE,HIGH,ZERO,NORMAL,FALSE,NORMAL
FALSE,FALSE,NORMAL,FALSE,HIGH,FALSE,HIGH,LOW,NORMAL,LOW,NORMAL,LOW,HIGH,HIGH,NORMAL,FALSE,LOW,NORMAL,LOW,NORMAL,ZERO,FALSE,LOW,ZERO,LOW,HIGH,FALSE,FALSE,HIGH,NORMAL,LOW,FALSE,HIGH,ZERO,NORMAL,FALSE,NORMAL
FALSE,FALSE,NORMAL,FALSE,HIGH,FALSE,HIGH,LOW,NORMAL,HIGH,NORMAL,LOW,HIGH,HIGH,NORMAL,FALSE,NORMAL,NORMAL,NORMAL,NORMAL,ZERO,FALSE,LOW,ZERO,LOW,HIGH,FALSE,FALSE,HIGH,NORMAL,HIGH,FALSE,HIGH,ZERO,NORMAL,FALSE,NORMAL
FALSE,FALSE,NORMAL,FALSE,HIGH,FALSE,HIGH,LOW,NORMAL,NORMAL,NORMAL,LOW,HIGH,HIGH,NORMAL,FALSE,NORMAL,NORMAL,NORMAL,NORMAL,ZERO,FALSE,LOW,ZERO,LOW,HIGH,FALSE,FALSE,HIGH,NORMAL,LOW,FALSE,HIGH,ZERO,NORMAL,FALSE,NORMAL
FALSE,FALSE,NORMAL,FALSE,HIGH,FALSE,HIGH,LOW,LOW,HIGH,NORMAL,LOW,HIGH,HIGH,NORMAL,FALSE,NORMAL,NORMAL,HIGH,NORMAL,ZERO,FALSE,LOW,HIGH,LOW,HIGH,FALSE,FALSE,HIGH,NORMAL,LOW,FALSE,HIGH,ZERO,NORMAL,FALSE,NORMAL
FALSE,FALSE,NORMAL,FALSE,HIGH,FALSE,HIGH,NORMAL,NORMAL,HIGH,NORMAL,LOW,HIGH,HIGH,NORMAL,FALSE,NORMAL,NORMAL,NORMAL,NORMAL,ZERO,FALSE,LOW,ZERO,LOW,LOW,FALSE,FALSE,HIGH,NORMAL,LOW,FALSE,HIGH,ZERO,NORMAL,FALSE,NORMAL
FALSE,FALSE,NORMAL,FALSE,HIGH,FALSE,HIGH,LOW,NORMAL,NORMAL,NORMAL,LOW,HIGH,HIGH,NORMAL,FALSE,NORMAL,NORMAL,LOW,NORMAL,ZERO,FALSE,LOW,ZERO,LOW,HIGH,FALSE,FALSE,HIGH,NORMAL,LOW,FALSE,HIGH,ZERO,NORMAL,FALSE,NORMAL
FALSE,FALSE,NORMAL,FALSE,HIGH,FALSE,HIGH,NORMAL,NORMAL,NORMAL,NORMAL,LOW,HIGH,HIGH,NORMAL,FALSE,HIGH,NORMAL,LOW,HIGH,ZERO,FALSE,LOW,ZERO,LOW,HIGH,FALSE,TRUE,HIGH,HIGH,LOW,FALSE,HIGH,ZERO,NORMAL,FALSE,NORMAL
FALSE,FALSE,NORMAL,FALSE,NORMAL,FALSE,HIGH,HIGH,NORMAL,LOW,NORMAL,HIGH,HIGH,NORMAL,NORMAL,FALSE,HIGH,NORMAL,LOW,HIGH,LOW,FALSE,HIGH,HIGH,ZERO,HIGH,FALSE,TRUE,HIGH,HIGH,HIGH,FALSE,HIGH,HIGH,LOW,FALSE,NORMAL
TRUE,FALSE,NORMAL,FALSE,HIGH,FALSE,HIGH,HIGH,NORMAL,HIGH,NORMAL,ZERO,HIGH,HIGH,NORMAL,FALSE,NORMAL,NORMAL,NORMAL,NORMAL,ZERO,FALSE,LOW,ZERO,LOW,HIGH,FALSE,FALSE,HIGH,NORMAL,LOW,FALSE,HIGH,ZERO,NORMAL,FALSE,NORMAL
FALSE,FALSE,NORMAL,FALSE,LOW,FALSE,LOW,NORMAL,NORMAL,NORMAL,HIGH,HIGH,NORMAL,NORMAL,ESOPHAGEAL,FALSE,NORMAL,HIGH,HIGH,NORMAL,NORMAL,FALSE,HIGH,LOW,NORMAL,LOW,FALSE,FALSE,LOW,NORMAL,HIGH,FALSE,NORMAL,HIGH,NORMAL,FALSE,NORMAL
FALSE,FALSE,NORMAL,FALSE,HIGH,FALSE,HIGH,HIGH,NORMAL,NORMAL,NORMAL,LOW,HIGH,NORMAL,ESOPHAGEAL,FALSE,HIGH,NORMAL,HIGH,HIGH,ZERO,FALSE,LOW,LOW,LOW,HIGH,FALSE,FALSE,HIGH,HIGH,LOW,FALSE,HIGH,LOW,NORMAL,FALSE,NORMAL
FALSE,FALSE,NORMAL,FALSE,HIGH,FALSE,HIGH,HIGH,NORMAL,LOW,NORMAL,LOW,HIGH,LOW,ONESIDED,FALSE,HIGH,NORMAL,LOW,LOW,LOW,FALSE,LOW,ZERO,NORMAL,HIGH,FALSE,TRUE,HIGH,LOW,LOW,FALSE,HIGH,LOW,LOW,FALSE,HIGH
FALSE,FALSE,NORMAL,FALSE,HIGH,FALSE,HIGH,LOW,NORMAL,LOW,NORMAL,LOW,HIGH,HIGH,NORMAL,FALSE,NORMAL,NORMAL,LOW,NORMAL,ZERO,FALSE,LOW,ZERO,LOW,HIGH,FALSE,FALSE,HIGH,NORMAL,LOW,FALSE,HIGH,ZERO,NORMAL,FALSE,NORMAL
FALSE,FALSE,NORMAL,FALSE,HIGH,TRUE,HIGH,HIGH,NORMAL,LOW,NORMAL,LOW,HIGH,HIGH,NORMAL,FALSE,NORMAL,NORMAL,LOW,NORMAL,ZERO,FALSE,LOW,ZERO,LOW,NORMAL,FALSE,FALSE,NORMAL,NORMAL,LOW,FALSE,HIGH,ZERO,NORMAL,FALSE,NORMAL
FALSE,TRUE,NORMAL,FALSE,HIGH,FALSE,HIGH,HIGH,NORMAL,LOW,NORMAL,LOW,HIGH,HIGH,NORMAL,FALSE,NORMAL,NORMAL,LOW,NORMAL,ZERO,TRUE,LOW,ZERO,LOW,HIGH,FALSE,FALSE,HIGH,NORMAL,LOW,FALSE,HIGH,ZERO,NORMAL,FALSE,NORMAL
FALSE,FALSE,NORMAL,FALSE,HIGH,FALSE,LOW,HIGH,NORMAL,NORMAL,NORMAL,LOW,NORMAL,NORMAL,NORMAL,FALSE,HIGH,NORMAL,HIGH,HIGH,ZERO,FALSE,LOW,ZERO,LOW,LOW,FALSE,FALSE,LOW,HIGH,LOW,FALSE,NORMAL,ZERO,NORMAL,FALSE,NORMAL
FALSE,FALSE,NORMAL,FALSE,HIGH,FALSE,HIGH,NORMAL,NORMAL,HIGH,NORMAL,LOW,HIGH,HIGH,NORMAL,FALSE,NORMAL,NORMAL,NORMAL,NORMAL,ZERO,FALSE,LOW,ZERO,LOW,HIGH,FALSE,FALSE,HIGH,NORMAL,LOW,FALSE,HIGH,ZERO,NORMAL,FALSE,NORMAL
FALSE,FALSE,NORMAL,TRUE,HIGH,FALSE,LOW,HIGH,NORMAL,NORMAL,NORMAL,LOW,NORMAL,LOW,NORMAL,FALSE,LOW,NORMAL,HIGH,LOW,ZERO,FALSE,NORMAL,ZERO,LOW,LOW,TRUE,FALSE,LOW,LOW,NORMAL,FALSE,NORMAL,ZERO,LOW,FALSE,NORMAL
FALSE,FALSE,NORMAL,FALSE,HIGH,FALSE,LOW,HIGH,NORMAL,LOW,NORMAL,LOW,HIGH,LOW,NORMAL,FALSE,HIGH,NORMAL,LOW,HIGH,ZERO,FALSE,LOW,ZERO,LOW,LOW,FALSE,TRUE,LOW,HIGH,LOW,FALSE,NORMAL,ZERO,LOW,FALSE,NORMAL
FALSE,FALSE,NORMAL,FALSE,HIGH,FALSE,HIGH,HIGH,NORMAL,LOW,NORMAL,LOW,HIGH,HIGH,NORMAL,FALSE,LOW,NORMAL,LOW,NORMAL,ZERO,FALSE,LOW,ZERO,LOW,HIGH,FALSE,FALSE,HIGH,NORMAL,LOW,FALSE,HIGH,ZERO,NORMAL,FALSE,NORMAL
FALSE,FALSE,NORMAL,FALSE,HIGH,FALSE,LOW,HIGH,NORMAL,NORMAL,NORMAL,NORMAL,HIGH,NORMAL,NORMAL,FALSE,NORMAL,NORMAL,NORMAL,NORMAL,HIGH,FALSE,LOW,LOW,HIGH,LOW,FALSE,FALSE,LOW,NORMAL,LOW,FALSE,NORMAL,LOW,NORMAL,FALSE,NORMAL
FALSE,FALSE,NORMAL,FALSE,HIGH,FALSE,HIGH,LOW,NORMAL,LOW,NORMAL,LOW,HIGH,HIGH,NORMAL,FALSE,NORMAL,NORMAL,LOW,NORMAL,ZERO,FALSE,LOW,ZERO,LOW,HIGH,FALSE,FALSE,HIGH,NORMAL,LOW,FALSE,HIGH,ZERO,HIGH,FALSE,NORMAL
FALSE,FALSE,NORMAL,FALSE,HIGH,FALSE,HIGH,HIGH,NORMAL,LOW,HIGH,HIGH,HIGH,LOW,ONESIDED,FALSE,HIGH,HIGH,NORMAL,HIGH,HIGH,FALSE,LOW,HIGH,HIGH,HIGH,FALSE,TRUE,LOW,HIGH,LOW,FALSE,HIGH,LOW,LOW,FALSE,HIGH
FALSE,FALSE,HIGH,FALSE,NORMAL,FALSE,HIGH,HIGH,NORMAL,LOW,NORMAL,LOW,HIGH,NORMAL,ONESIDED,FALSE,HIGH,NORMAL,LOW,HIGH,ZERO,FALSE,LOW,NORMAL,LOW,HIGH,FALSE,TRUE,HIGH,HIGH,LOW,FALSE,HIGH,NORMAL,LOW,FALSE,HIGH
FALSE,FALSE,NORMAL,FALSE,HIGH,TRUE,HIGH,HIGH,NORMAL,NORMAL,NORMAL,LOW,HIGH,HIGH,NORMAL,FALSE,NORMAL,NORMAL,NORMAL,NORMAL,ZERO,FALSE,LOW,ZERO,LOW,NORMAL,FALSE,FALSE,NORMAL,NORMAL,LOW,FALSE,HIGH,ZERO,NORMAL,TRUE,NORMAL
FALSE,FALSE,HIGH,FALSE,HIGH,FALSE,HIGH,LOW,NORMAL,HIGH,NORMAL,LOW,HIGH,HIGH,NORMAL,FALSE,NORMAL,NORMAL,NORMAL,NORMAL,ZERO,FALSE,LOW,ZERO,LOW,HIGH,FALSE,FALSE,HIGH,NORMAL,LOW,FALSE,HIGH,ZERO,NORMAL,FALSE,NORMAL
FALSE,FALSE,LOW,FALSE,HIGH,FALSE,HIGH,NORMAL,LOW,HIGH,NORMAL,LOW,HIGH,HIGH,NORMAL,FALSE,NORMAL,NORMAL,HIGH,NORMAL,ZERO,FALSE,LOW,ZERO,LOW,HIGH,FALSE,FALSE,HIGH,NORMAL,LOW,FALSE,HIGH,ZERO,NORMAL,FALSE,NORMAL
FALSE,FALSE,NORMAL,FALSE,HIGH,TRUE,HIGH,LOW,NORMAL,LOW,NORMAL,LOW,HIGH,LOW,NORMAL,FALSE,NORMAL,NORMAL,NORMAL,NORMAL,ZERO,FALSE,LOW,ZERO,LOW,NORMAL,FALSE,TRUE,NORMAL,NORMAL,LOW,FALSE,HIGH,ZERO,LOW,FALSE,NORMAL
FALSE,FALSE,NORMAL,FALSE,LOW,FALSE,HIGH,LOW,NORMAL,NORMAL,HIGH,HIGH,HIGH,HIGH,NORMAL,FALSE,HIGH,HIGH,NORMAL,NORMAL,LOW,FALSE,HIGH,HIGH,LOW,HIGH,FALSE,FALSE,HIGH,NORMAL,HIGH,FALSE,HIGH,HIGH,NORMAL,FALSE,NORMAL
FALSE,FALSE,NORMAL,FALSE,LOW,FALSE,LOW,ZERO,NORMAL,LOW,HIGH,HIGH,NORMAL,NORMAL,NORMAL,FALSE,NORMAL,HIGH,HIGH,NORMAL,LOW,FALSE,HIGH,HIGH,LOW,LOW,FALSE,FALSE,LOW,NORMAL,HIGH,FALSE,NORMAL,HIGH,NORMAL,FALSE,NORMAL
FALSE,FALSE,NORMAL,FALSE,HIGH,FALSE,HIGH,HIGH,NORMAL,LOW,NORMAL,LOW,HIGH,HIGH,NORMAL,FALSE,NORMAL,NORMAL,LOW,NORMAL,ZERO,FALSE,LOW,ZERO,LOW,HIGH,FALSE,FALSE,HIGH,NORMAL,LOW,FALSE,HIGH,ZERO,NORMAL,FALSE,NORMAL
TRUE,FALSE,LOW,FALSE,HIGH,FALSE,HIGH,HIGH,NORMAL,HIGH,NORMAL,ZERO,HIGH,HIGH,NORMAL,FALSE,NORMAL,NORMAL,NORMAL,NORMAL,ZERO,FALSE,LOW,ZERO,LOW,HIGH,FALSE,FALSE,HIGH,NORMAL,LOW,FALSE,HIGH,ZERO,NORMAL,FALSE,NORMAL
FALSE,TRUE,NORMAL,FALSE,HIGH,FALSE,HIGH,NORMAL,NORMAL,LOW,NORMAL,LOW,HIGH,HIGH,NORMAL,FALSE,NORMAL,NORMAL,LOW,NORMAL,ZERO,FALSE,LOW,ZERO,LOW,HIGH,FALSE,FALSE,HIGH,NORMAL,LOW,FALSE,HIGH,ZERO,NORMAL,FALSE,NORMAL
FALSE,FALSE,NORMAL,TRUE,HIGH,FALSE,HIGH,LOW,NORMAL,HIGH,NORMAL,LOW,HIGH,LOW,NORMAL,FALSE,LOW,NORMAL,HIGH,NORMAL,ZERO,FALSE,LOW,ZERO,LOW,HIGH,TRUE,FALSE,HIGH,LOW,LOW,FALSE,HIGH,ZERO,LOW,FALSE,NORMAL
FALSE,FALSE,NORMAL,FALSE,HIGH,FALSE,HIGH,NORMAL,NORMAL,LOW,NORMAL,LOW,HIGH,HIGH,NORMAL,FALSE,NORMAL,NORMAL,LOW,NORMAL,ZERO,FALSE,LOW,ZERO,LOW,HIGH,FALSE,FALSE,HIGH,NORMAL,LOW,FALSE,HIGH,ZERO,NORMAL,FALSE,NORMAL
FALSE,FALSE,NORMAL,FALSE,HIGH,FALSE,HIGH,HIGH,NORMAL,LOW,NORMAL,LOW,HIGH,HIGH,NORMAL,FALSE,NORMAL,NORMAL,LOW,NORMAL,ZERO,FALSE,LOW,ZERO,LOW,HIGH,FALSE,FALSE,HIGH,NORMAL,LOW,FALSE,HIGH,ZERO,NORMAL,FALSE,NORMAL
FALSE,FALSE,NORMAL,FALSE,LOW,FALSE,HIGH,LOW,NORMAL,HIGH,HIGH,HIGH,HIGH,HIGH,NORMAL,FALSE,NORMAL,HIGH,NORMAL,NORMAL,LOW,FALSE,HIGH,HIGH,LOW,HIGH,FALSE,FALSE,HIGH,NORMAL,HIGH,FALSE,HIGH,HIGH,NORMAL,FALSE,NORMAL
FALSE,FALSE,NORMAL,FALSE,HIGH,FALSE,HIGH,LOW,NORMAL,NORMAL,NORMAL,LOW,HIGH,LOW,NORMAL,FALSE,HIGH,NORMAL,HIGH,HIGH,ZERO,FALSE,LOW,ZERO,LOW,HIGH,FALSE,TRUE,HIGH,HIGH,LOW,FALSE,HIGH,ZERO,LOW,FALSE,NORMAL
FALSE,FALSE,NORMAL,FALSE,HIGH,FALSE,HIGH,HIGH,NORMAL,LOW,NORMAL,LOW,HIGH,HIGH,NORMAL,FALSE,NORMAL,NORMAL,NORMAL,NORMAL,ZERO,FALSE,LOW,ZERO,LOW,HIGH,FALSE,FALSE,HIGH,NORMAL,LOW,FALSE,HIGH,ZERO,NORMAL,FALSE,NORMAL
FALSE,FALSE,NORMAL,FALSE,HIGH,FALSE,HIGH,HIGH,NORMAL,LOW,NORMAL,LOW,HIGH,LOW,NORMAL,FALSE,HIGH,NORMAL,LOW,NORMAL,ZERO,FALSE,LOW,ZERO,LOW,HIGH,FALSE,TRUE,HIGH,HIGH,LOW,FALSE,HIGH,ZERO,LOW,FALSE,NORMAL
FALSE,FALSE,NORMAL,FALSE,HIGH,FALSE,HIGH,HIGH,NORMAL,HIGH,NORMAL,LOW,HIGH,HIGH,NORMAL,FALSE,LOW,NORMAL,NORMAL,NORMAL,ZERO,FALSE,LOW,ZERO,LOW,HIGH,FALSE,FALSE,HIGH,NORMAL,LOW,FALSE,HIGH,ZERO,NORMAL,FALSE,NORMAL
FALSE,FALSE,NORMAL,FALSE,HIGH,FALSE,HIGH,ZERO,NORMAL,HIGH,LOW,ZERO,HIGH,HIGH,NORMAL,FALSE,HIGH,LOW,HIGH,NORMAL,ZERO,FALSE,LOW,ZERO,LOW,HIGH,FALSE,TRUE,HIGH,HIGH,LOW,FALSE,HIGH,ZERO,NORMAL,TRUE,NORMAL
FALSE,FALSE,NORMAL,FALSE,LOW,FALSE,HIGH,HIGH,LOW,HIGH,NORMAL,LOW,HIGH,HIGH,NORMAL,FALSE,NORMAL,NORMAL,NORMAL,NORMAL,LOW,FALSE,NORMAL,HIGH,LOW,HIGH,FALSE,FALSE,HIGH,NORMAL,LOW,FALSE,HIGH,HIGH,NORMAL,FALSE,HIGH
FALSE,FALSE,NORMAL,FALSE,HIGH,FALSE,HIGH,HIGH,NORMAL,HIGH,NORMAL,LOW,HIGH,HIGH,ONESIDED,FALSE,NORMAL,NORMAL,HIGH,NORMAL,LOW,FALSE,NORMAL,ZERO,NORMAL,HIGH,FALSE,FALSE,HIGH,NORMAL,LOW,FALSE,HIGH,LOW,NORMAL,FALSE,HIGH
FALSE,FALSE,NORMAL,TRUE,HIGH,TRUE,LOW,NORMAL,NORMAL,LOW,NORMAL,LOW,NORMAL,LOW,NORMAL,FALSE,LOW,NORMAL,HIGH,LOW,ZERO,FALSE,LOW,ZERO,LOW,NORMAL,TRUE,FALSE,LOW,LOW,LOW,FALSE,NORMAL,ZERO,LOW,FALSE,NORMAL
FALSE,FALSE,LOW,TRUE,HIGH,FALSE,HIGH,HIGH,NORMAL,LOW,NORMAL,LOW,HIGH,LOW,NORMAL,FALSE,LOW,NORMAL,LOW,LOW,ZERO,FALSE,LOW,ZERO,LOW,HIGH,TRUE,TRUE,HIGH,LOW,LOW,FALSE,HIGH,ZERO,LOW,FALSE,NORMAL
FALSE,FALSE,NORMAL,FALSE,HIGH,FALSE,LOW,HIGH,NORMAL,HIGH,NORMAL,LOW,NORMAL,NORMAL,ONESIDED,FALSE,NORMAL,NORMAL,HIGH,NORMAL,LOW,FALSE,LOW,ZERO,NORMAL,LOW,FALSE,FALSE,LOW,NORMAL,LOW,FALSE,NORMAL,LOW,NORMAL,FALSE,HIGH
FALSE,FALSE,NORMAL,FALSE,HIGH,FALSE,HIGH,HIGH,LOW,LOW,LOW,ZERO,HIGH,HIGH,NORMAL,FALSE,NORMAL,LOW,LOW,NORMAL,ZERO,FALSE,LOW,ZERO,LOW,HIGH,FALSE,FALSE,HIGH,NORMAL,LOW,FALSE,HIGH,ZERO,NORMAL,FALSE,NORMAL
FALSE,FALSE,NORMAL,FALSE,HIGH,TRUE,HIGH,HIGH,NORMAL,HIGH,NORMAL,LOW,HIGH,HIGH,NORMAL,FALSE,NORMAL,NORMAL,NORMAL,NORMAL,ZERO,FALSE,LOW,ZERO,LOW,NORMAL,FALSE,FALSE,NORMAL,NORMAL,LOW,FALSE,HIGH,ZERO,NORMAL,FALSE,NORMAL
FALSE,FALSE,NORMAL,FALSE,HIGH,FALSE,NORMAL,HIGH,NORMAL,HIGH,NORMAL,LOW,HIGH,HIGH,NORMAL,FALSE,HIGH,NORMAL,HIGH,HIGH,ZERO,FALSE,LOW,ZERO,LOW,HIGH,FALSE,TRUE,HIGH,HIGH,HIGH,FALSE,HIGH,ZERO,NORMAL,FALSE,NORMAL
TRUE,FALSE,NORMAL,FALSE,LOW,FALSE,HIGH,LOW,NORMAL,LOW,NORMAL,HIGH,HIGH,NORMAL,NORMAL,FALSE,LOW,NORMAL,LOW,NORMAL,LOW,FALSE,HIGH,HIGH,LOW,HIGH,FALSE,FALSE,HIGH,NORMAL,HIGH,FALSE,HIGH,HIGH,NORMAL,FALSE,NORMAL
FALSE,FALSE,NORMAL,FALSE,NORMAL,FALSE,HIGH,LOW,NORMAL,HIGH,LOW,ZERO,HIGH,HIGH,ONESIDED,FALSE,NORMAL,LOW,NORMAL,NORMAL,ZERO,FALSE,LOW,NORMAL,LOW,HIGH,FALSE,FALSE,HIGH,NORMAL,LOW,FALSE,HIGH,NORMAL,NORMAL,FALSE,HIGH
FALSE,FALSE,NORMAL,FALSE,HIGH,FALSE,NORMAL,HIGH,NORMAL,LOW,NORMAL,LOW,HIGH,HIGH,NORMAL,FALSE,NORMAL,NORMAL,LOW,NORMAL,ZERO,TRUE,LOW,ZERO,LOW,HIGH,FALSE,FALSE,HIGH,NORMAL,LOW,FALSE,HIGH,ZERO,NORMAL,FALSE,NORMAL
TRUE,FALSE,NORMAL,FALSE,LOW,FALSE,HIGH,HIGH,NORMAL,LOW,NORMAL,ZERO,HIGH,HIGH,NORMAL,FALSE,HIGH,NORMAL,LOW,NORMAL,LOW,FALSE,HIGH,HIGH,LOW,HIGH,FALSE,FALSE,HIGH,NORMAL,LOW,FALSE,HIGH,HIGH,HIGH,FALSE,HIGH
FALSE,FALSE,NORMAL,FALSE,NORMAL,FALSE,LOW,HIGH,NORMAL,NORMAL,NORMAL,LOW,NORMAL,NORMAL,ONESIDED,FALSE,NORMAL,NORMAL,HIGH,NORMAL,ZERO,FALSE,LOW,NORMAL,LOW,LOW,FALSE,FALSE,LOW,NORMAL,LOW,FALSE,NORMAL,NORMAL,NORMAL,FALSE,HIGH
FALSE,FALSE,NORMAL,FALSE,HIGH,FALSE,NORMAL,HIGH,NORMAL,NORMAL,NORMAL,LOW,NORMAL,NORMAL,NORMAL,TRUE,LOW,NORMAL,NORMAL,LOW,ZERO,FALSE,LOW,ZERO,LOW,LOW,FALSE,FALSE,LOW,LOW,LOW,FALSE,NORMAL,ZERO,NORMAL,FALSE,NORMAL
TRUE,FALSE,NORMAL,FALSE,HIGH,FALSE,HIGH,HIGH,NORMAL,LOW,LOW,ZERO,HIGH,LOW,NORMAL,FALSE,NORMAL,LOW,LOW,NORMAL,ZERO,FALSE,LOW,ZERO,LOW,HIGH,FALSE,FALSE,HIGH,NORMAL,LOW,FALSE,HIGH,ZERO,NORMAL,FALSE,NORMAL
FALSE,FALSE,NORMAL,FALSE,LOW,FALSE,HIGH,HIGH,NORMAL,LOW,NORMAL,LOW,HIGH,HIGH,NORMAL,FALSE,NORMAL,NORMAL,LOW,NORMAL,ZERO,FALSE,HIGH,ZERO,ZERO,HIGH,FALSE,FALSE,HIGH,NORMAL,LOW,FALSE,HIGH,HIGH,NORMAL,FALSE,HIGH
FALSE,FALSE,NORMAL,FALSE,HIGH,FALSE,HIGH,HIGH,NORMAL,LOW,NORMAL,LOW,HIGH,LOW,NORMAL,FALSE,HIGH,NORMAL,NORMAL,NORMAL,ZERO,FALSE,LOW,ZERO,LOW,HIGH,FALSE,FALSE,HIGH,NORMAL,LOW,FALSE,HIGH,ZERO,NORMAL,FALSE,NORMAL
FALSE,FALSE,NORMAL,TRUE,HIGH,FALSE,NORMAL,NORMAL,NORMAL,LOW,NORMAL,LOW,HIGH,LOW,NORMAL,TRUE,LOW,NORMAL,LOW,LOW,ZERO,FALSE,LOW,ZERO,LOW,HIGH,TRUE,FALSE,HIGH,LOW,LOW,FALSE,HIGH,ZERO,LOW,FALSE,NORMAL
FALSE,FALSE,NORMAL,FALSE,HIGH,FALSE,NORMAL,HIGH,NORMAL,HIGH,NORMAL,LOW,HIGH,HIGH,NORMAL,TRUE,NORMAL,NORMAL,NORMAL,NORMAL,ZERO,FALSE,LOW,ZERO,LOW,HIGH,FALSE,FALSE,HIGH,NORMAL,LOW,FALSE,HIGH,ZERO,NORMAL,TRUE,NORMAL
FALSE,FALSE,HIGH,FALSE,HIGH,FALSE,HIGH,NORMAL,NORMAL,LOW,NORMAL,LOW,HIGH,HIGH,NORMAL,FALSE,NORMAL,NORMAL,LOW,NORMAL,ZERO,FALSE,LOW,ZERO,LOW,HIGH,FALSE,FALSE,HIGH,NORMAL,LOW,FALSE,HIGH,ZERO,NORMAL,TRUE,NORMAL
FALSE,FALSE,NORMAL,FALSE,LOW,FALSE,HIGH,LOW,NORMAL,LOW,HIGH,HIGH,HIGH,LOW,NORMAL,FALSE,NORMAL,HIGH,NORMAL,NORMAL,LOW,FALSE,HIGH,HIGH,LOW,HIGH,FALSE,FALSE,HIGH,NORMAL,HIGH,FALSE,HIGH,HIGH,LOW,FALSE,NORMAL
FALSE,FALSE,NORMAL,FALSE,HIGH,FALSE,HIGH,NORMAL,NORMAL,HIGH,NORMAL,LOW,NORMAL,NORMAL,NORMAL,FALSE,HIGH,NORMAL,HIGH,HIGH,ZERO,FALSE,LOW,ZERO,LOW,NORMAL,FALSE,TRUE,HIGH,HIGH,LOW,FALSE,HIGH,ZERO,LOW,FALSE,NORMAL
FALSE,FALSE,NORMAL,FALSE,HIGH,FALSE,HIGH,HIGH,NORMAL,LOW,NORMAL,LOW,HIGH,HIGH,NORMAL,FALSE,NORMAL,NORMAL,NORMAL,NORMAL,ZERO,FALSE,LOW,ZERO,LOW,HIGH,FALSE,FALSE,HIGH,NORMAL,LOW,FALSE,HIGH,ZERO,HIGH,FALSE,NORMAL
FALSE,FALSE,NORMAL,FALSE,HIGH,FALSE,LOW,HIGH,NORMAL,LOW,NORMAL,LOW,HIGH,LOW,NORMAL,FALSE,NORMAL,NORMAL,LOW,LOW,ZERO,FALSE,LOW,ZERO,LOW,LOW,FALSE,TRUE,LOW,NORMAL,LOW,FALSE,NORMAL,ZERO,LOW,FALSE,NORMAL
TRUE,FALSE,NORMAL,FALSE,HIGH,FALSE,HIGH,ZERO,NORMAL,LOW,HIGH,NORMAL,HIGH,HIGH,NORMAL,FALSE,HIGH,HIGH,LOW,HIGH,ZERO,FALSE,LOW,ZERO,LOW,HIGH,FALSE,TRUE,HIGH,HIGH,LOW,FALSE,HIGH,ZERO,NORMAL,TRUE,NORMAL
FALSE,FALSE,NORMAL,FALSE,LOW,FALSE,LOW,LOW,NORMAL,NORMAL,HIGH,HIGH,NORMAL,NORMAL,NORMAL,FALSE,HIGH,HIGH,HIGH,HIGH,LOW,FALSE,HIGH,HIGH,LOW,LOW,FALSE,FALSE,LOW,HIGH,HIGH,FALSE,NORMAL,HIGH,NORMAL,FALSE,NORMAL
FALSE,FALSE,NORMAL,FALSE,LOW,FALSE,LOW,NORMAL,NORMAL,NORMAL,NORMAL,LOW,NORMAL,LOW,NORMAL,FALSE,HIGH,NORMAL,HIGH,HIGH,ZERO,FALSE,LOW,ZERO,ZERO,HIGH,FALSE,FALSE,LOW,HIGH,LOW,FALSE,LOW,ZERO,NORMAL,FALSE,NORMAL
FALSE,FALSE,NORMAL,FALSE,HIGH,FALSE,HIGH,HIGH,NORMAL,LOW,NORMAL,LOW,HIGH,LOW,NORMAL,FALSE,HIGH,NORMAL,NORMAL,HIGH,ZERO,FALSE,LOW,ZERO,LOW,HIGH,FALSE,TRUE,HIGH,HIGH,HIGH,FALSE,HIGH,ZERO,LOW,FALSE,NORMAL
FALSE,FALSE,NORMAL,FALSE,HIGH,FALSE,HIGH,HIGH,NORMAL,NORMAL,ZERO,ZERO,HIGH,HIGH,NORMAL,FALSE,LOW,NORMAL,NORMAL,LOW,ZERO,FALSE,LOW,ZERO,LOW,HIGH,FALSE,FALSE,HIGH,LOW,LOW,FALSE,HIGH,ZERO,NORMAL,FALSE,NORMAL
FALSE,FALSE,NORMAL,FALSE,HIGH,FALSE,HIGH,NORMAL,NORMAL,HIGH,NORMAL,LOW,HIGH,HIGH,NORMAL,FALSE,NORMAL,NORMAL,HIGH,NORMAL,ZERO,FALSE,LOW,ZERO,LOW,HIGH,FALSE,FALSE,HIGH,NORMAL,LOW,FALSE,HIGH,ZERO,NORMAL,FALSE,NORMAL
FALSE,FALSE,NORMAL,FALSE,HIGH,FALSE,LOW,LOW,NORMAL,LOW,NORMAL,LOW,HIGH,NORMAL,NORMAL,FALSE,NORMAL,NORMAL,LOW,NORMAL,ZERO,FALSE,LOW,ZERO,LOW,LOW,FALSE,FALSE,LOW,NORMAL,LOW,FALSE,NORMAL,LOW,NORMAL,FALSE,NORMAL
FALSE,FALSE,NORMAL,FALSE,HIGH,TRUE,HIGH,HIGH,NORMAL,LOW,NORMAL,LOW,HIGH,HIGH,NORMAL,FALSE,NORMAL,NORMAL,LOW,NORMAL,ZERO,FALSE,LOW,ZERO,NORMAL,NORMAL,FALSE,FALSE,NORMAL,NORMAL,LOW,FALSE,HIGH,ZERO,NORMAL,TRUE,NORMAL
FALSE,FALSE,NORMAL,FALSE,HIGH,FALSE,LOW,LOW,LOW,LOW,NORMAL,LOW,HIGH,LOW,NORMAL,FALSE,HIGH,NORMAL,NORMAL,HIGH,ZERO,FALSE,LOW,ZERO,LOW,HIGH,FALSE,TRUE,NORMAL,HIGH,LOW,FALSE,HIGH,ZERO,LOW,FALSE,NORMAL
TRUE,FALSE,LOW,FALSE,HIGH,FALSE,HIGH,HIGH,LOW,HIGH,NORMAL,ZERO,HIGH,HIGH,NORMAL,FALSE,NORMAL,NORMAL,HIGH,NORMAL,ZERO,FALSE,LOW,ZERO,LOW,HIGH,FALSE,FALSE,HIGH,NORMAL,LOW,FALSE,HIGH,ZERO,NORMAL,FALSE,NORMAL
FALSE,FALSE,NORMAL,FALSE,HIGH,FALSE,HIGH,HIGH,NORMAL,HIGH,NORMAL,ZERO,HIGH,HIGH,NORMAL,FALSE,NORMAL,NORMAL,HIGH,NORMAL,ZERO,FALSE,LOW,ZERO,LOW,HIGH,FALSE,FALSE,HIGH,NORMAL,LOW,FALSE,HIGH,ZERO,NORMAL,FALSE,NORMAL
FALSE,FALSE,NORMAL,FALSE,HIGH,FALSE,HIGH,NORMAL,NORMAL,HIGH,NORMAL,LOW,HIGH,HIGH,NORMAL,FALSE,NORMAL,NORMAL,HIGH,NORMAL,ZERO,FALSE,LOW,ZERO,LOW,HIGH,FALSE,FALSE,HIGH,NORMAL,LOW,FALSE,HIGH,ZERO,NORMAL,FALSE,NORMAL
FALSE,FALSE,NORMAL,FALSE,HIGH,FALSE,HIGH,HIGH,NORMAL,HIGH,NORMAL,LOW,HIGH,HIGH,NORMAL,FALSE,NORMAL,NORMAL,HIGH,NORMAL,ZERO,FALSE,LOW,ZERO,LOW,HIGH,FALSE,FALSE,HIGH,NORMAL,LOW,FALSE,HIGH,ZERO,NORMAL,FALSE,NORMAL
FALSE,TRUE,NORMAL,FALSE,LOW,FALSE,HIGH,LOW,NORMAL,LOW,HIGH,HIGH,HIGH,HIGH,NORMAL,FALSE,NORMAL,NORMAL,NORMAL,NORMAL,LOW,FALSE,HIGH,HIGH,LOW,HIGH,FALSE,FALSE,HIGH,NORMAL,NORMAL,FALSE,HIGH,HIGH,NORMAL,FALSE,HIGH
FALSE,FALSE,NORMAL,FALSE,HIGH,FALSE,HIGH,HIGH,NORMAL,NORMAL,NORMAL,LOW,HIGH,HIGH,ESOPHAGEAL,FALSE,HIGH,NORMAL,NORMAL,HIGH,LOW,FALSE,LOW,ZERO,NORMAL,HIGH,FALSE,FALSE,HIGH,HIGH,LOW,FALSE,HIGH,ZERO,NORMAL,FALSE,NORMAL
FALSE,FALSE,NORMAL,TRUE,HIGH,FALSE,LOW,HIGH,NORMAL,LOW,NORMAL,LOW,HIGH,HIGH,NORMAL,FALSE,LOW,NORMAL,LOW,LOW,ZERO,FALSE,LOW,ZERO,LOW,LOW,TRUE,TRUE,LOW,LOW,LOW,FALSE,NORMAL,ZERO,LOW,FALSE,NORMAL
FALSE,FALSE,NORMAL,FALSE,HIGH,FALSE,HIGH,LOW,NORMAL,HIGH,NORMAL,LOW,HIGH,HIGH,NORMAL,FALSE,NORMAL,NORMAL,NORMAL,NORMAL,ZERO,FALSE,LOW,ZERO,LOW,HIGH,FALSE,FALSE,HIGH,NORMAL,LOW,FALSE,HIGH,ZERO,NORMAL,FALSE,NORMAL
FALSE,FALSE,NORMAL,FALSE,HIGH,FALSE,HIGH,HIGH,NORMAL,LOW,NORMAL,LOW,HIGH,NORMAL,NORMAL,FALSE,HIGH,NORMAL,NORMAL,HIGH,ZERO,FALSE,LOW,ZERO,LOW,HIGH,FALSE,TRUE,HIGH,HIGH,LOW,FALSE,HIGH,ZERO,LOW,FALSE,NORMAL
FALSE,FALSE,NORMAL,FALSE,HIGH,FALSE,NORMAL,LOW,NORMAL,HIGH,NORMAL,LOW,HIGH,HIGH,NORMAL,TRUE,NORMAL,NORMAL,HIGH,NORMAL,ZERO,FALSE,LOW,ZERO,LOW,HIGH,FALSE,FALSE,HIGH,NORMAL,LOW,FALSE,HIGH,ZERO,NORMAL,FALSE,NORMAL
FALSE,FALSE,LOW,FALSE,HIGH,FALSE,HIGH,HIGH,NORMAL,HIGH,NORMAL,LOW,HIGH,HIGH,NORMAL,FALSE,NORMAL,NORMAL,HIGH,NORMAL,ZERO,FALSE,LOW,ZERO,LOW,HIGH,FALSE,FALSE,HIGH,NORMAL,LOW,FALSE,HIGH,ZERO,NORMAL,FALSE,NORMAL
FALSE,FALSE,NORMAL,FALSE,HIGH,FALSE,HIGH,ZERO,NORMAL,HIGH,NORMAL,LOW,HIGH,HIGH,NORMAL,FALSE,NORMAL,NORMAL,NORMAL,NORMAL,ZERO,FALSE,LOW,ZERO,LOW,HIGH,FALSE,FALSE,HIGH,NORMAL,LOW,FALSE,HIGH,ZERO,NORMAL,FALSE,HIGH
FALSE,FALSE,NORMAL,FALSE,HIGH,FALSE,HIGH,HIGH,NORMAL,LOW,NORMAL,LOW,HIGH,HIGH,NORMAL,FALSE,NORMAL,NORMAL,NORMAL,NORMAL,ZERO,FALSE,LOW,ZERO,LOW,HIGH,FALSE,FALSE,HIGH,NORMAL,LOW,FALSE,HIGH,ZERO,NORMAL,FALSE,NORMAL
FALSE,FALSE,NORMAL,TRUE,HIGH,FALSE,LOW,HIGH,LOW,NORMAL,NORMAL,LOW,HIGH,LOW,NORMAL,FALSE,LOW,NORMAL,HIGH,LOW,ZERO,FALSE,LOW,ZERO,LOW,LOW,TRUE,FALSE,LOW,LOW,LOW,FALSE,NORMAL,ZERO,LOW,FALSE,HIGH
FALSE,FALSE,NORMAL,FALSE,HIGH,FALSE,HIGH,NORMAL,NORMAL,NORMAL,NORMAL,LOW,HIGH,HIGH,NORMAL,FALSE,NORMAL,NORMAL,NORMAL,NORMAL,ZERO,FALSE,LOW,ZERO,LOW,HIGH,FALSE,FALSE,HIGH,NORMAL,LOW,FALSE,HIGH,ZERO,NORMAL,FALSE,NORMAL
FALSE,FALSE,NORMAL,FALSE,HIGH,FALSE,HIGH,HIGH,NORMAL,NORMAL,NORMAL,LOW,HIGH,HIGH,NORMAL,FALSE,LOW,NORMAL,NORMAL,NORMAL,ZERO,FALSE,LOW,ZERO,LOW,HIGH,FALSE,FALSE,HIGH,NORMAL,LOW,FALSE,HIGH,NORMAL,NORMAL,FALSE,NORMAL
FALSE,FALSE,NORMAL,FALSE,HIGH,FALSE,HIGH,LOW,NORMAL,HIGH,NORMAL,LOW,HIGH,HIGH,NORMAL,FALSE,NORMAL,NORMAL,NORMAL,HIGH,ZERO,FALSE,LOW,ZERO,LOW,HIGH,FALSE,FALSE,HIGH,NORMAL,LOW,FALSE,HIGH,ZERO,NORMAL,FALSE,NORMAL
FALSE,FALSE,NORMAL,FALSE,HIGH,TRUE,HIGH,NORMAL,NORMAL,LOW,NORMAL,LOW,HIGH,LOW,NORMAL,FALSE,HIGH,NORMAL,LOW,HIGH,ZERO,FALSE,LOW,ZERO,LOW,NORMAL,FALSE,TRUE,NORMAL,HIGH,LOW,FALSE,HIGH,ZERO,LOW,FALSE,NORMAL
FALSE,FALSE,NORMAL,FALSE,LOW,FALSE,LOW,LOW,NORMAL,HIGH,NORMAL,LOW,NORMAL,HIGH,NORMAL,FALSE,NORMAL,NORMAL,HIGH,NORMAL,LOW,FALSE,HIGH,HIGH,LOW,LOW,FALSE,FALSE,LOW,NORMAL,HIGH,FALSE,NORMAL,HIGH,HIGH,FALSE,NORMAL
TRUE,FALSE,NORMAL,FALSE,LOW,FALSE,HIGH,HIGH,LOW,HIGH,NORMAL,ZERO,HIGH,HIGH,NORMAL,FALSE,HIGH,NORMAL,NORMAL,NORMAL,LOW,FALSE,NORMAL,HIGH,LOW,HIGH,FALSE,FALSE,HIGH,HIGH,NORMAL,FALSE,HIGH,HIGH,NORMAL,FALSE,NORMAL
FALSE,FALSE,NORMAL,FALSE,LOW,FALSE,HIGH,HIGH,LOW,LOW,NORMAL,LOW,HIGH,HIGH,NORMAL,FALSE,NORMAL,NORMAL,LOW,NORMAL,LOW,FALSE,NORMAL,HIGH,LOW,HIGH,FALSE,FALSE,HIGH,NORMAL,NORMAL,FALSE,HIGH,HIGH,NORMAL,TRUE,NORMAL
FALSE,FALSE,NORMAL,FALSE,HIGH,FALSE,HIGH,HIGH,NORMAL,NORMAL,NORMAL,LOW,HIGH,HIGH,NORMAL,FALSE,NORMAL,NORMAL,LOW,NORMAL,ZERO,TRUE,LOW,ZERO,LOW,HIGH,FALSE,FALSE,HIGH,NORMAL,LOW,FALSE,HIGH,ZERO,NORMAL,FALSE,NORMAL
FALSE,TRUE,NORMAL,FALSE,HIGH,FALSE,HIGH,NORMAL,NORMAL,NORMAL,NORMAL,LOW,HIGH,HIGH,NORMAL,FALSE,HIGH,NORMAL,HIGH,HIGH,ZERO,FALSE,LOW,ZERO,NORMAL,HIGH,FALSE,TRUE,HIGH,HIGH,LOW,FALSE,HIGH,ZERO,NORMAL,FALSE,NORMAL
FALSE,FALSE,NORMAL,FALSE,HIGH,FALSE,HIGH,HIGH,NORMAL,HIGH,NORMAL,LOW,HIGH,HIGH,NORMAL,FALSE,HIGH,NORMAL,NORMAL,HIGH,ZERO,FALSE,LOW,NORMAL,LOW,HIGH,FALSE,TRUE,HIGH,HIGH,LOW,FALSE,HIGH,ZERO,NORMAL,FALSE,NORMAL
FALSE,FALSE,NORMAL,FALSE,HIGH,FALSE,HIGH,HIGH,NORMAL,HIGH,NORMAL,LOW,HIGH,HIGH,NORMAL,FALSE,NORMAL,NORMAL,NORMAL,NORMAL,ZERO,FALSE,LOW,ZERO,LOW,HIGH,FALSE,FALSE,HIGH,NORMAL,LOW,FALSE,HIGH,ZERO,NORMAL,FALSE,NORMAL
FALSE,FALSE,LOW,FALSE,LOW,FALSE,HIGH,LOW,NORMAL,NORMAL,HIGH,HIGH,HIGH,HIGH,NORMAL,FALSE,NORMAL,HIGH,NORMAL,NORMAL,LOW,FALSE,HIGH,HIGH,LOW,HIGH,FALSE,FALSE,HIGH,NORMAL,HIGH,FALSE,HIGH,HIGH,NORMAL,FALSE,NORMAL
FALSE,FALSE,NORMAL,FALSE,HIGH,TRUE,HIGH,NORMAL,NORMAL,HIGH,NORMAL,LOW,HIGH,HIGH,NORMAL,FALSE,NORMAL,NORMAL,NORMAL,NORMAL,ZERO,FALSE,LOW,ZERO,LOW,NORMAL,FALSE,FALSE,NORMAL,NORMAL,LOW,FALSE,HIGH,ZERO,NORMAL,FALSE,NORMAL
FALSE,FALSE,NORMAL,FALSE,LOW,FALSE,HIGH,HIGH,NORMAL,NORMAL,NORMAL,NORMAL,NORMAL,LOW,NORMAL,TRUE,HIGH,NORMAL,HIGH,NORMAL,LOW,FALSE,HIGH,HIGH,LOW,LOW,FALSE,TRUE,HIGH,HIGH,HIGH,FALSE,NORMAL,HIGH,LOW,FALSE,NORMAL
FALSE,TRUE,NORMAL,FALSE,HIGH,FALSE,HIGH,HIGH,NORMAL,LOW,NORMAL,LOW,HIGH,HIGH,NORMAL,FALSE,NORMAL,NORMAL,LOW,NORMAL,ZERO,FALSE,LOW,ZERO,LOW,HIGH,FALSE,FALSE,HIGH,NORMAL,LOW,FALSE,HIGH,ZERO,NORMAL,FALSE,NORMAL
TRUE,FALSE,NORMAL,FALSE,NORMAL,TRUE,LOW,HIGH,NORMAL,NORMAL,NORMAL,ZERO,NORMAL,NORMAL,NORMAL,FALSE,NORMAL,NORMAL,HIGH,NORMAL,LOW,FALSE,HIGH,HIGH,ZERO,HIGH,FALSE,FALSE,LOW,NORMAL,HIGH,FALSE,NORMAL,HIGH,NORMAL,FALSE,NORMAL
FALSE,FALSE,NORMAL,FALSE,HIGH,FALSE,NORMAL,HIGH,NORMAL,NORMAL,NORMAL,LOW,HIGH,LOW,NORMAL,FALSE,NORMAL,NORMAL,HIGH,NORMAL,ZERO,FALSE,LOW,ZERO,LOW,HIGH,FALSE,TRUE,HIGH,NORMAL,LOW,FALSE,HIGH,ZERO,LOW,FALSE,NORMAL
FALSE,FALSE,NORMAL,FALSE,HIGH,FALSE,HIGH,LOW,LOW,LOW,NORMAL,LOW,HIGH,HIGH,NORMAL,FALSE,NORMAL,NORMAL,LOW,NORMAL,ZERO,FALSE,LOW,ZERO,LOW,HIGH,FALSE,FALSE,HIGH,NORMAL,LOW,FALSE,HIGH,ZERO,NORMAL,FALSE,NORMAL
TRUE,FALSE,NORMAL,FALSE,LOW,FALSE,LOW,HIGH,NORMAL,NORMAL,LOW,ZERO,NORMAL,NORMAL,NORMAL,FALSE,NORMAL,LOW,HIGH,NORMAL,LOW,FALSE,HIGH,HIGH,HIGH,LOW,FALSE,FALSE,LOW,NORMAL,NORMAL,FALSE,NORMAL,HIGH,NORMAL,FALSE,NORMAL
FALSE,FALSE,NORMAL,FALSE,HIGH,FALSE,HIGH,LOW,NORMAL,LOW,NORMAL,LOW,HIGH,LOW,NORMAL,FALSE,NORMAL,NORMAL,LOW,NORMAL,ZERO,FALSE,LOW,ZERO,LOW,HIGH,FALSE,FALSE,HIGH,NORMAL,LOW,FALSE,HIGH,ZERO,LOW,FALSE,NORMAL
FALSE,TRUE,NORMAL,FALSE,HIGH,FALSE,NORMAL,HIGH,NORMAL,LOW,NORMAL,LOW,HIGH,NORMAL,NORMAL,FALSE,NORMAL,NORMAL,LOW,NORMAL,ZERO,FALSE,LOW,ZERO,LOW,HIGH,FALSE,FALSE,HIGH,NORMAL,LOW,FALSE,HIGH,ZERO,NORMAL,FALSE,NORMAL
FALSE,TRUE,NORMAL,FALSE,HIGH,FALSE,LOW,HIGH,NORMAL,NORMAL,NORMAL,LOW,NORMAL,LOW,ONESIDED,FALSE,LOW,NORMAL,HIGH,LOW,LOW,FALSE,LOW,LOW,NORMAL,LOW,TRUE,TRUE,LOW,LOW,LOW,FALSE,NORMAL,LOW,LOW,FALSE,HIGH
TRUE,TRUE,NORMAL,FALSE,LOW,FALSE,HIGH,HIGH,NORMAL,LOW,NORMAL,ZERO,HIGH,HIGH,NORMAL,FALSE,NORMAL,NORMAL,LOW,NORMAL,LOW,TRUE,HIGH,HIGH,LOW,HIGH,FALSE,FALSE,HIGH,NORMAL,HIGH,FALSE,HIGH,HIGH,NORMAL,FALSE,NORMAL
FALSE,TRUE,NORMAL,FALSE,HIGH,FALSE,HIGH,LOW,NORMAL,LOW,NORMAL,LOW,HIGH,LOW,NORMAL,FALSE,HIGH,NORMAL,LOW,HIGH,ZERO,FALSE,LOW,ZERO,LOW,HIGH,FALSE,TRUE,HIGH,HIGH,LOW,FALSE,HIGH,ZERO,LOW,FALSE,NORMAL
FALSE,FALSE,NORMAL,FALSE,NORMAL,FALSE,NORMAL,LOW,NORMAL,LOW,LOW,ZERO,HIGH,LOW,ONESIDED,TRUE,HIGH,LOW,NORMAL,NORMAL,ZERO,FALSE,LOW,HIGH,LOW,HIGH,FALSE,TRUE,HIGH,HIGH,LOW,FALSE,HIGH,NORMAL,LOW,FALSE,HIGH
TRUE,FALSE,HIGH,FALSE,HIGH,FALSE,LOW,HIGH,NORMAL,NORMAL,NORMAL,ZERO,NORMAL,NORMAL,NORMAL,FALSE,NORMAL,NORMAL,HIGH,NORMAL,LOW,FALSE,HIGH,HIGH,NORMAL,LOW,FALSE,FALSE,LOW,NORMAL,HIGH,FALSE,NORMAL,HIGH,NORMAL,FALSE,NORMAL
FALSE,FALSE,HIGH,FALSE,NORMAL,FALSE,HIGH,HIGH,NORMAL,HIGH,LOW,ZERO,HIGH,HIGH,NORMAL,FALSE,NORMAL,NORMAL,NORMAL,NORMAL,LOW,FALSE,HIGH,ZERO,ZERO,HIGH,FALSE,FALSE,HIGH,NORMAL,HIGH,FALSE,HIGH,HIGH,NORMAL,FALSE,NORMAL
FALSE,FALSE,NORMAL,FALSE,LOW,FALSE,HIGH,HIGH,NORMAL,HIGH,ZERO,ZERO,HIGH,HIGH,NORMAL,FALSE,HIGH,NORMAL,NORMAL,HIGH,LOW,FALSE,HIGH,HIGH,LOW,HIGH,FALSE,FALSE,HIGH,HIGH,HIGH,FALSE,HIGH,HIGH,NORMAL,FALSE,NORMAL
FALSE,FALSE,NORMAL,FALSE,LOW,FALSE,HIGH,LOW,NORMAL,LOW,HIGH,HIGH,HIGH,HIGH,NORMAL,FALSE,NORMAL,HIGH,LOW,NORMAL,LOW,FALSE,HIGH,HIGH,LOW,HIGH,FALSE,FALSE,HIGH,NORMAL,HIGH,FALSE,HIGH,HIGH,NORMAL,FALSE,NORMAL
TRUE,FALSE,LOW,FALSE,LOW,FALSE,LOW,HIGH,NORMAL,NORMAL,NORMAL,ZERO,NORMAL,NORMAL,NORMAL,FALSE,NORMAL,NORMAL,HIGH,NORMAL,LOW,FALSE,HIGH,HIGH,LOW,LOW,FALSE,FALSE,LOW,NORMAL,HIGH,FALSE,NORMAL,HIGH,NORMAL,FALSE,NORMAL
FALSE,FALSE,NORMAL,FALSE,HIGH,TRUE,NORMAL,NORMAL,NORMAL,HIGH,NORMAL,LOW,HIGH,HIGH,NORMAL,TRUE,NORMAL,NORMAL,HIGH,NORMAL,ZERO,FALSE,LOW,ZERO,LOW,NORMAL,FALSE,FALSE,NORMAL,NORMAL,LOW,FALSE,HIGH,ZERO,NORMAL,FALSE,NORMAL
FALSE,TRUE,HIGH,FALSE,HIGH,FALSE,NORMAL,HIGH,NORMAL,LOW,NORMAL,LOW,HIGH,LOW,NORMAL,TRUE,HIGH,NORMAL,LOW,NORMAL,ZERO,FALSE,LOW,ZERO,LOW,HIGH,FALSE,TRUE,HIGH,HIGH,LOW,FALSE,HIGH,ZERO,LOW,FALSE,NORMAL
FALSE,FALSE,NORMAL,FALSE,HIGH,FALSE,HIGH,HIGH,NORMAL,HIGH,NORMAL,LOW,HIGH,HIGH,NORMAL,FALSE,HIGH,NORMAL,NORMAL,NORMAL,ZERO,FALSE,LOW,ZERO,LOW,HIGH,FALSE,FALSE,HIGH,HIGH,LOW,FALSE,HIGH,ZERO,NORMAL,FALSE,NORMAL
FALSE,FALSE,NORMAL,FALSE,HIGH,FALSE,HIGH,NORMAL,NORMAL,HIGH,NORMAL,LOW,HIGH,HIGH,NORMAL,FALSE,LOW,NORMAL,NORMAL,LOW,ZERO,FALSE,LOW,ZERO,LOW,HIGH,FALSE,TRUE,HIGH,LOW,LOW,FALSE,HIGH,ZERO,NORMAL,FALSE,NORMAL
FALSE,TRUE,NORMAL,FALSE,HIGH,FALSE,HIGH,HIGH,NORMAL,HIGH,LOW,ZERO,HIGH,HIGH,NORMAL,FALSE,NORMAL,LOW,NORMAL,NORMAL,ZERO,FALSE,LOW,ZERO,LOW,HIGH,FALSE,FALSE,HIGH,NORMAL,LOW,FALSE,HIGH,ZERO,NORMAL,FALSE,NORMAL
FALSE,FALSE,NORMAL,FALSE,HIGH,FALSE,HIGH,NORMAL,NORMAL,LOW,NORMAL,LOW,HIGH,LOW,NORMAL,FALSE,HIGH,NORMAL,NORMAL,HIGH,ZERO,FALSE,LOW,ZERO,LOW,HIGH,FALSE,TRUE,HIGH,HIGH,LOW,FALSE,HIGH,ZERO,LOW,FALSE,NORMAL
FALSE,FALSE,NORMAL,FALSE,LOW,FALSE,HIGH,LOW,LOW,LOW,NORMAL,HIGH,HIGH,HIGH,NORMAL,FALSE,NORMAL,NORMAL,LOW,NORMAL,LOW,FALSE,NORMAL,HIGH,LOW,HIGH,FALSE,FALSE,HIGH,NORMAL,NORMAL,FALSE,HIGH,HIGH,NORMAL,FALSE,NORMAL
FALSE,FALSE,NORMAL,FALSE,HIGH,FALSE,HIGH,HIGH,NORMAL,NORMAL,NORMAL,LOW,HIGH,HIGH,NORMAL,FALSE,NORMAL,NORMAL,LOW,NORMAL,ZERO,FALSE,LOW,ZERO,LOW,HIGH,FALSE,FALSE,HIGH,NORMAL,LOW,FALSE,HIGH,ZERO,NORMAL,FALSE,NORMAL
FALSE,TRUE,NORMAL,FALSE,HIGH,FALSE,LOW,HIGH,NORMAL,LOW,NORMAL,LOW,HIGH,NORMAL,NORMAL,FALSE,HIGH,NORMAL,LOW,NORMAL,ZERO,FALSE,LOW,ZERO,LOW,LOW,FALSE,TRUE,LOW,HIGH,LOW,FALSE,NORMAL,ZERO,NORMAL,FALSE,NORMAL
FALSE,FALSE,NORMAL,FALSE,LOW,FALSE,HIGH,LOW,NORMAL,HIGH,HIGH,HIGH,HIGH,HIGH,NORMAL,TRUE,NORMAL,HIGH,NORMAL,NORMAL,LOW,FALSE,HIGH,HIGH,LOW,HIGH,FALSE,FALSE,HIGH,NORMAL,HIGH,FALSE,HIGH,HIGH,NORMAL,FALSE,NORMAL
FALSE,FALSE,NORMAL,FALSE,LOW,FALSE,LOW,LOW,NORMAL,NORMAL,HIGH,HIGH,NORMAL,NORMAL,NORMAL,FALSE,NORMAL,HIGH,HIGH,NORMAL,LOW,FALSE,HIGH,HIGH,LOW,LOW,FALSE,FALSE,LOW,NORMAL,HIGH,FALSE,NORMAL,HIGH,NORMAL,FALSE,NORMAL
FALSE,FALSE,HIGH,FALSE,HIGH,FALSE,HIGH,LOW,NORMAL,LOW,NORMAL,LOW,HIGH,HIGH,NORMAL,FALSE,NORMAL,NORMAL,LOW,NORMAL,ZERO,FALSE,LOW,ZERO,LOW,HIGH,FALSE,FALSE,HIGH,NORMAL,LOW,FALSE,HIGH,ZERO,NORMAL,FALSE,NORMAL
FALSE,TRUE,HIGH,FALSE,NORMAL,TRUE,HIGH,HIGH,NORMAL,LOW,HIGH,HIGH,HIGH,HIGH,ONESIDED,FALSE,NORMAL,HIGH,NORMAL,NORMAL,HIGH,FALSE,LOW,HIGH,HIGH,NORMAL,FALSE,FALSE,NORMAL,NORMAL,LOW,FALSE,HIGH,NORMAL,NORMAL,FALSE,HIGH
FALSE,FALSE,LOW,FALSE,HIGH,FALSE,LOW,LOW,NORMAL,NORMAL,NORMAL,LOW,HIGH,NORMAL,NORMAL,FALSE,NORMAL,NORMAL,NORMAL,NORMAL,ZERO,FALSE,LOW,ZERO,LOW,LOW,FALSE,FALSE,LOW,NORMAL,LOW,FALSE,NORMAL,ZERO,NORMAL,FALSE,NORMAL
FALSE,FALSE,NORMAL,FALSE,HIGH,FALSE,HIGH,LOW,NORMAL,NORMAL,NORMAL,LOW,HIGH,NORMAL,NORMAL,FALSE,HIGH,NORMAL,NORMAL,HIGH,ZERO,FALSE,LOW,ZERO,LOW,HIGH,FALSE,TRUE,HIGH,HIGH,LOW,FALSE,HIGH,ZERO,LOW,FALSE,NORMAL
FALSE,FALSE,NORMAL,FALSE,HIGH,FALSE,HIGH,HIGH,NORMAL,LOW,NORMAL,LOW,HIGH,HIGH,NORMAL,FALSE,NORMAL,NORMAL,LOW,NORMAL,ZERO,FALSE,LOW,ZERO,LOW,HIGH,FALSE,FALSE,HIGH,NORMAL,LOW,FALSE,HIGH,ZERO,NORMAL,FALSE,NORMAL
TRUE,FALSE,NORMAL,FALSE,LOW,FALSE,HIGH,LOW,NORMAL,NORMAL,ZERO,HIGH,HIGH,NORMAL,NORMAL,FALSE,HIGH,NORMAL,NORMAL,NORMAL,LOW,FALSE,HIGH,HIGH,LOW,LOW,FALSE,FALSE,LOW,HIGH,HIGH,FALSE,NORMAL,HIGH,NORMAL,FALSE,NORMAL
FALSE,TRUE,NORMAL,FALSE,HIGH,FALSE,HIGH,ZERO,NORMAL,HIGH,LOW,ZERO,HIGH,HIGH,NORMAL,FALSE,HIGH,LOW,HIGH,HIGH,ZERO,FALSE,LOW,ZERO,LOW,HIGH,FALSE,TRUE,HIGH,HIGH,LOW,FALSE,HIGH,ZERO,NORMAL,TRUE,NORMAL
FALSE,FALSE,NORMAL,FALSE,HIGH,FALSE,HIGH,NORMAL,NORMAL,HIGH,NORMAL,LOW,HIGH,HIGH,NORMAL,FALSE,NORMAL,NORMAL,HIGH,NORMAL,ZERO,FALSE,LOW,ZERO,LOW,HIGH,FALSE,FALSE,HIGH,NORMAL,LOW,FALSE,HIGH,ZERO,NORMAL,FALSE,NORMAL
FALSE,FALSE,NORMAL,FALSE,HIGH,FALSE,LOW,LOW,LOW,LOW,NORMAL,LOW,HIGH,NORMAL,NORMAL,FALSE,NORMAL,NORMAL,LOW,NORMAL,ZERO,FALSE,LOW,ZERO,LOW,LOW,FALSE,FALSE,LOW,NORMAL,LOW,FALSE,NORMAL,ZERO,NORMAL,FALSE,NORMAL
FALSE,FALSE,NORMAL,FALSE,HIGH,FALSE,HIGH,LOW,NORMAL,HIGH,NORMAL,LOW,HIGH,HIGH,NORMAL,FALSE,NORMAL,NORMAL,HIGH,NORMAL,ZERO,FALSE,LOW,ZERO,LOW,HIGH,FALSE,FALSE,HIGH,NORMAL,LOW,FALSE,HIGH,ZERO,NORMAL,FALSE,NORMAL
FALSE,FALSE,NORMAL,FALSE,HIGH,FALSE,LOW,NORMAL,NORMAL,HIGH,NORMAL,LOW,HIGH,HIGH,NORMAL,FALSE,NORMAL,NORMAL,HIGH,NORMAL,ZERO,FALSE,LOW,ZERO,LOW,HIGH,FALSE,FALSE,HIGH,NORMAL,LOW,FALSE,HIGH,ZERO,NORMAL,FALSE,NORMAL
FALSE,FALSE,NORMAL,FALSE,NORMAL,TRUE,HIGH,HIGH,NORMAL,NORMAL,NORMAL,LOW,HIGH,HIGH,ONESIDED,FALSE,NORMAL,NORMAL,NORMAL,NORMAL,ZERO,FALSE,LOW,NORMAL,LOW,NORMAL,FALSE,FALSE,NORMAL,NORMAL,LOW,FALSE,HIGH,NORMAL,NORMAL,FALSE,HIGH
FALSE,FALSE,NORMAL,FALSE,HIGH,FALSE,HIGH,LOW,NORMAL,HIGH,NORMAL,LOW,HIGH,HIGH,NORMAL,FALSE,NORMAL,NORMAL,HIGH,NORMAL,ZERO,FALSE,LOW,ZERO,LOW,HIGH,FALSE,FALSE,HIGH,NORMAL,LOW,FALSE,HIGH,ZERO,NORMAL,FALSE,NORMAL
FALSE,FALSE,NORMAL,FALSE,HIGH,FALSE,HIGH,NORMAL,NORMAL,NORMAL,NORMAL,LOW,HIGH,HIGH,NORMAL,FALSE,NORMAL,NORMAL,HIGH,NORMAL,ZERO,FALSE,LOW,ZERO,LOW,HIGH,FALSE,FALSE,HIGH,NORMAL,LOW,FALSE,HIGH,ZERO,NORMAL,FALSE,NORMAL
FALSE,FALSE,NORMAL,FALSE,HIGH,FALSE,LOW,LOW,NORMAL,NORMAL,NORMAL,LOW,HIGH,NORMAL,NORMAL,FALSE,NORMAL,NORMAL,NORMAL,NORMAL,ZERO,FALSE,LOW,ZERO,LOW,LOW,FALSE,FALSE,LOW,NORMAL,LOW,TRUE,NORMAL,ZERO,NORMAL,FALSE,HIGH
TRUE,TRUE,NORMAL,FALSE,HIGH,FALSE,HIGH,HIGH,NORMAL,LOW,HIGH,NORMAL,HIGH,HIGH,NORMAL,FALSE,HIGH,HIGH,NORMAL,LOW,HIGH,FALSE,LOW,LOW,HIGH,HIGH,FALSE,FALSE,HIGH,LOW,LOW,FALSE,HIGH,LOW,HIGH,FALSE,NORMAL
FALSE,FALSE,NORMAL,FALSE,HIGH,TRUE,HIGH,HIGH,LOW,LOW,NORMAL,LOW,HIGH,HIGH,NORMAL,FALSE,HIGH,NORMAL,NORMAL,NORMAL,ZERO,FALSE,LOW,ZERO,LOW,NORMAL,FALSE,TRUE,NORMAL,HIGH,LOW,FALSE,HIGH,ZERO,NORMAL,FALSE,HIGH
FALSE,FALSE,NORMAL,FALSE,HIGH,FALSE,HIGH,HIGH,NORMAL,LOW,NORMAL,LOW,HIGH,HIGH,ONESIDED,FALSE,NORMAL,NORMAL,LOW,HIGH,LOW,FALSE,LOW,LOW,NORMAL,HIGH,FALSE,FALSE,HIGH,NORMAL,LOW,FALSE,HIGH,LOW,NORMAL,FALSE,HIGH
FALSE,TRUE,NORMAL,TRUE,HIGH,FALSE,HIGH,LOW,NORMAL,LOW,NORMAL,LOW,HIGH,LOW,NORMAL,FALSE,LOW,NORMAL,LOW,LOW,ZERO,FALSE,LOW,ZERO,LOW,HIGH,TRUE,FALSE,HIGH,LOW,LOW,FALSE,HIGH,ZERO,LOW,FALSE,NORMAL
TRUE,TRUE,NORMAL,FALSE,LOW,FALSE,LOW,HIGH,NORMAL,LOW,NORMAL,ZERO,NORMAL,NORMAL,NORMAL,FALSE,NORMAL,NORMAL,HIGH,NORMAL,LOW,FALSE,HIGH,HIGH,LOW,LOW,FALSE,FALSE,LOW,NORMAL,HIGH,FALSE,NORMAL,HIGH,NORMAL,FALSE,NORMAL
FALSE,FALSE,NORMAL,FALSE,HIGH,TRUE,HIGH,NORMAL,NORMAL,LOW,NORMAL,LOW,HIGH,HIGH,NORMAL,FALSE,NORMAL,NORMAL,LOW,NORMAL,ZERO,FALSE,LOW,ZERO,LOW,NORMAL,FALSE,FALSE,NORMAL,NORMAL,LOW,FALSE,HIGH,ZERO,NORMAL,FALSE,NORMAL
FALSE,FALSE,NORMAL,FALSE,HIGH,TRUE,HIGH,HIGH,NORMAL,HIGH,NORMAL,LOW,HIGH,HIGH,ESOPHAGEAL,FALSE,NORMAL,NORMAL,NORMAL,NORMAL,ZERO,FALSE,LOW,LOW,LOW,NORMAL,FALSE,FALSE,NORMAL,NORMAL,LOW,FALSE,HIGH,LOW,NORMAL,FALSE,NORMAL
FALSE,TRUE,NORMAL,FALSE,HIGH,FALSE,LOW,HIGH,NORMAL,LOW,NORMAL,NORMAL,HIGH,NORMAL,NORMAL,FALSE,NORMAL,NORMAL,LOW,NORMAL,HIGH,FALSE,LOW,LOW,HIGH,LOW,FALSE,FALSE,LOW,NORMAL,LOW,FALSE,NORMAL,LOW,NORMAL,FALSE,NORMAL
FALSE,FALSE,NORMAL,FALSE,HIGH,FALSE,HIGH,NORMAL,NORMAL,NORMAL,NORMAL,LOW,HIGH,HIGH,NORMAL,FALSE,NORMAL,NORMAL,LOW,NORMAL,ZERO,FALSE,LOW,ZERO,LOW,HIGH,FALSE,FALSE,HIGH,NORMAL,LOW,FALSE,HIGH,ZERO,NORMAL,FALSE,NORMAL
FALSE,FALSE,NORMAL,FALSE,LOW,FALSE,HIGH,HIGH,NORMAL,LOW,NORMAL,LOW,HIGH,HIGH,NORMAL,FALSE,NORMAL,NORMAL,LOW,NORMAL,ZERO,FALSE,LOW,ZERO,ZERO,HIGH,FALSE,FALSE,HIGH,NORMAL,LOW,FALSE,HIGH,ZERO,NORMAL,FALSE,NORMAL
FALSE,FALSE,NORMAL,FALSE,NORMAL,FALSE,NORMAL,HIGH,NORMAL,LOW,NORMAL,LOW,NORMAL,LOW,ONESIDED,FALSE,LOW,NORMAL,HIGH,LOW,ZERO,FALSE,LOW,NORMAL,HIGH,HIGH,FALSE,FALSE,NORMAL,LOW,LOW,FALSE,LOW,NORMAL,NORMAL,FALSE,HIGH
FALSE,TRUE,NORMAL,FALSE,HIGH,FALSE,HIGH,HIGH,NORMAL,HIGH,NORMAL,LOW,HIGH,HIGH,NORMAL,FALSE,LOW,NORMAL,NORMAL,NORMAL,ZERO,FALSE,LOW,ZERO,LOW,HIGH,FALSE,FALSE,HIGH,NORMAL,LOW,FALSE,HIGH,ZERO,NORMAL,FALSE,NORMAL
FALSE,FALSE,NORMAL,FALSE,HIGH,FALSE,HIGH,LOW,NORMAL,HIGH,NORMAL,LOW,HIGH,HIGH,NORMAL,FALSE,NORMAL,NORMAL,NORMAL,NORMAL,ZERO,FALSE,LOW,LOW,LOW,HIGH,FALSE,FALSE,HIGH,NORMAL,LOW,FALSE,HIGH,ZERO,NORMAL,FALSE,NORMAL
FALSE,FALSE,NORMAL,FALSE,HIGH,FALSE,HIGH,NORMAL,NORMAL,LOW,NORMAL,LOW,HIGH,LOW,NORMAL,FALSE,NORMAL,NORMAL,LOW,NORMAL,ZERO,FALSE,LOW,ZERO,LOW,HIGH,FALSE,FALSE,HIGH,NORMAL,LOW,FALSE,HIGH,ZERO,LOW,FALSE,NORMAL
FALSE,FALSE,NORMAL,FALSE,HIGH,FALSE,HIGH,HIGH,NORMAL,HIGH,NORMAL,LOW,HIGH,HIGH,NORMAL,FALSE,NORMAL,NORMAL,HIGH,NORMAL,ZERO,FALSE,LOW,ZERO,LOW,HIGH,FALSE,FALSE,HIGH,NORMAL,LOW,FALSE,HIGH,ZERO,NORMAL,FALSE,NORMAL
FALSE,FALSE,NORMAL,FALSE,HIGH,FALSE,NORMAL,NORMAL,NORMAL,LOW,NORMAL,LOW,HIGH,HIGH,NORMAL,FALSE,NORMAL,NORMAL,LOW,NORMAL,ZERO,FALSE,LOW,ZERO,LOW,HIGH,FALSE,FALSE,HIGH,NORMAL,LOW,FALSE,HIGH,ZERO,NORMAL,FALSE,NORMAL
FALSE,FALSE,HIGH,FALSE,HIGH,FALSE,LOW,HIGH,NORMAL,HIGH,NORMAL,LOW,NORMAL,NORMAL,NORMAL,FALSE,HIGH,NORMAL,HIGH,HIGH,ZERO,FALSE,LOW,ZERO,LOW,LOW,FALSE,FALSE,LOW,HIGH,LOW,FALSE,NORMAL,ZERO,NORMAL,FALSE,NORMAL
FALSE,FALSE,NORMAL,FALSE,NORMAL,FALSE,HIGH,HIGH,NORMAL,HIGH,NORMAL,LOW,HIGH,HIGH,NORMAL,FALSE,NORMAL,NORMAL,HIGH,NORMAL,NORMAL,FALSE,LOW,LOW,NORMAL,HIGH,FALSE,FALSE,HIGH,NORMAL,LOW,FALSE,HIGH,NORMAL,NORMAL,FALSE,NORMAL
FALSE,FALSE,NORMAL,FALSE,LOW,TRUE,HIGH,HIGH,NORMAL,NORMAL,ZERO,ZERO,HIGH,HIGH,NORMAL,FALSE,NORMAL,NORMAL,LOW,NORMAL,LOW,FALSE,HIGH,HIGH,LOW,NORMAL,FALSE,FALSE,NORMAL,NORMAL,HIGH,FALSE,HIGH,HIGH,HIGH,FALSE,NORMAL
FALSE,FALSE,NORMAL,FALSE,LOW,FALSE,NORMAL,HIGH,NORMAL,LOW,ZERO,ZERO,HIGH,LOW,NORMAL,FALSE,HIGH,HIGH,NORMAL,HIGH,LOW,FALSE,HIGH,HIGH,LOW,HIGH,FALSE,FALSE,HIGH,HIGH,HIGH,FALSE,LOW,HIGH,NORMAL,FALSE,NORMAL
FALSE,FALSE,NORMAL,FALSE,HIGH,FALSE,LOW,HIGH,NORMAL,LOW,ZERO,ZERO,HIGH,LOW,NORMAL,FALSE,HIGH,NORMAL,LOW,HIGH,ZERO,FALSE,LOW,ZERO,LOW,LOW,FALSE,TRUE,LOW,HIGH,LOW,FALSE,NORMAL,ZERO,LOW,FALSE,NORMAL
FALSE,FALSE,NORMAL,FALSE,HIGH,FALSE,HIGH,LOW,NORMAL,HIGH,NORMAL,LOW,HIGH,HIGH,NORMAL,FALSE,NORMAL,NORMAL,NORMAL,NORMAL,ZERO,FALSE,LOW,ZERO,LOW,HIGH,FALSE,FALSE,HIGH,NORMAL,LOW,FALSE,HIGH,ZERO,NORMAL,FALSE,NORMAL
FALSE,FALSE,NORMAL,FALSE,HIGH,FALSE,HIGH,HIGH,NORMAL,LOW,NORMAL,LOW,HIGH,LOW,NORMAL,FALSE,HIGH,NORMAL,LOW,HIGH,ZERO,FALSE,LOW,ZERO,LOW,HIGH,FALSE,TRUE,HIGH,HIGH,LOW,FALSE,HIGH,ZERO,LOW,FALSE,NORMAL
FALSE,FALSE,NORMAL,FALSE,NORMAL,TRUE,LOW,HIGH,NORMAL,LOW,NORMAL,LOW,NORMAL,LOW,NORMAL,FALSE,HIGH,NORMAL,HIGH,HIGH,ZERO,FALSE,LOW,ZERO,LOW,NORMAL,FALSE,TRUE,NORMAL,HIGH,LOW,TRUE,NORMAL,ZERO,LOW,FALSE,HIGH
FALSE,FALSE,NORMAL,TRUE,NORMAL,FALSE,LOW,LOW,NORMAL,NORMAL,HIGH,HIGH,NORMAL,LOW,NORMAL,FALSE,LOW,HIGH,HIGH,LOW,LOW,FALSE,HIGH,HIGH,ZERO,LOW,TRUE,FALSE,LOW,LOW,HIGH,FALSE,NORMAL,HIGH,LOW,FALSE,NORMAL
FALSE,FALSE,NORMAL,FALSE,HIGH,FALSE,LOW,HIGH,NORMAL,LOW,NORMAL,LOW,HIGH,NORMAL,NORMAL,FALSE,HIGH,NORMAL,LOW,HIGH,ZERO,FALSE,LOW,ZERO,LOW,LOW,FALSE,TRUE,LOW,HIGH,LOW,FALSE,NORMAL,ZERO,NORMAL,FALSE,NORMAL
TRUE,FALSE,LOW,FALSE,HIGH,FALSE,HIGH,ZERO,NORMAL,HIGH,LOW,ZERO,HIGH,HIGH,NORMAL,FALSE,NORMAL,LOW,NORMAL,NORMAL,ZERO,FALSE,LOW,ZERO,LOW,HIGH,FALSE,FALSE,HIGH,NORMAL,LOW,FALSE,HIGH,ZERO,NORMAL,TRUE,NORMAL
FALSE,FALSE,NORMAL,FALSE,HIGH,FALSE,HIGH,NORMAL,NORMAL,LOW,NORMAL,LOW,HIGH,HIGH,NORMAL,FALSE,HIGH,NORMAL,LOW,HIGH,ZERO,FALSE,LOW,ZERO,LOW,HIGH,FALSE,FALSE,HIGH,HIGH,LOW,FALSE,HIGH,ZERO,NORMAL,FALSE,NORMAL
FALSE,FALSE,NORMAL,FALSE,HIGH,FALSE,HIGH,NORMAL,NORMAL,LOW,NORMAL,LOW,HIGH,LOW,NORMAL,FALSE,HIGH,NORMAL,NORMAL,NORMAL,ZERO,FALSE,LOW,ZERO,LOW,HIGH,FALSE,TRUE,HIGH,HIGH,LOW,FALSE,HIGH,ZERO,LOW,FALSE,NORMAL
FALSE,FALSE,NORMAL,FALSE,NORMAL,FALSE,HIGH,HIGH,NORMAL,HIGH,NORMAL,LOW,HIGH,HIGH,NORMAL,FALSE,HIGH,NORMAL,NORMAL,HIGH,ZERO,FALSE,LOW,HIGH,LOW,HIGH,FALSE,TRUE,HIGH,HIGH,LOW,FALSE,HIGH,NORMAL,NORMAL,FALSE,NORMAL
FALSE,FALSE,NORMAL,FALSE,LOW,FALSE,LOW,HIGH,NORMAL,NORMAL,ZERO,ZERO,HIGH,NORMAL,NORMAL,FALSE,NORMAL,NORMAL,NORMAL,NORMAL,LOW,FALSE,LOW,HIGH,LOW,LOW,FALSE,FALSE,LOW,NORMAL,LOW,FALSE,NORMAL,HIGH,NORMAL,FALSE,NORMAL
FALSE,FALSE,NORMAL,FALSE,LOW,FALSE,HIGH,LOW,NORMAL,NORMAL,HIGH,HIGH,HIGH,NORMAL,NORMAL,FALSE,NORMAL,NORMAL,NORMAL,NORMAL,LOW,FALSE,HIGH,HIGH,LOW,HIGH,FALSE,FALSE,LOW,NORMAL,HIGH,FALSE,HIGH,HIGH,NORMAL,FALSE,NORMAL
FALSE,FALSE,NORMAL,FALSE,HIGH,FALSE,HIGH,NORMAL,NORMAL,HIGH,NORMAL,LOW,HIGH,HIGH,NORMAL,FALSE,NORMAL,NORMAL,NORMAL,NORMAL,ZERO,FALSE,LOW,ZERO,LOW,HIGH,FALSE,FALSE,HIGH,NORMAL,LOW,FALSE,HIGH,ZERO,NORMAL,FALSE,NORMAL
TRUE,FALSE,NORMAL,FALSE,NORMAL,FALSE,HIGH,HIGH,NORMAL,NORMAL,NORMAL,ZERO,HIGH,HIGH,NORMAL,FALSE,NORMAL,NORMAL,NORMAL,NORMAL,LOW,FALSE,HIGH,HIGH,ZERO,HIGH,FALSE,FALSE,HIGH,NORMAL,HIGH,FALSE,HIGH,HIGH,NORMAL,FALSE,NORMAL
FALSE,FALSE,NORMAL,FALSE,HIGH,FALSE,HIGH,HIGH,NORMAL,HIGH,LOW,LOW,HIGH,HIGH,NORMAL,FALSE,NORMAL,NORMAL,NORMAL,NORMAL,ZERO,FALSE,LOW,ZERO,LOW,HIGH,FALSE,FALSE,HIGH,NORMAL,LOW,FALSE,HIGH,ZERO,NORMAL,FALSE,NORMAL
FALSE,TRUE,NORMAL,FALSE,HIGH,FALSE,HIGH,NORMAL,NORMAL,LOW,NORMAL,LOW,HIGH,HIGH,NORMAL,FALSE,NORMAL,NORMAL,LOW,NORMAL,ZERO,FALSE,LOW,ZERO,LOW,HIGH,FALSE,FALSE,HIGH,NORMAL,LOW,FALSE,HIGH,ZERO,NORMAL,FALSE,NORMAL
FALSE,TRUE,HIGH,FALSE,HIGH,FALSE,HIGH,HIGH,NORMAL,HIGH,NORMAL,LOW,HIGH,HIGH,NORMAL,FALSE,HIGH,NORMAL,NORMAL,HIGH,ZERO,FALSE,LOW,NORMAL,LOW,HIGH,FALSE,TRUE,HIGH,HIGH,LOW,FALSE,HIGH,ZERO,NORMAL,FALSE,NORMAL
FALSE,FALSE,NORMAL,FALSE,LOW,FALSE,HIGH,LOW,NORMAL,LOW,HIGH,HIGH,HIGH,HIGH,NORMAL,FALSE,NORMAL,HIGH,LOW,NORMAL,LOW,TRUE,HIGH,HIGH,LOW,HIGH,FALSE,FALSE,HIGH,NORMAL,HIGH,FALSE,HIGH,HIGH,NORMAL,FALSE,NORMAL
FALSE,TRUE,NORMAL,FALSE,HIGH,FALSE,HIGH,HIGH,NORMAL,LOW,NORMAL,LOW,HIGH,LOW,NORMAL,FALSE,NORMAL,NORMAL,LOW,NORMAL,ZERO,FALSE,LOW,ZERO,LOW,HIGH,FALSE,FALSE,HIGH,NORMAL,LOW,FALSE,HIGH,ZERO,LOW,FALSE,NORMAL
FALSE,FALSE,NORMAL,FALSE,HIGH,FALSE,HIGH,HIGH,LOW,NORMAL,NORMAL,LOW,HIGH,HIGH,NORMAL,FALSE,NORMAL,NORMAL,NORMAL,NORMAL,ZERO,FALSE,LOW,ZERO,LOW,HIGH,FALSE,FALSE,HIGH,NORMAL,LOW,FALSE,HIGH,ZERO,NORMAL,FALSE,NORMAL
TRUE,FALSE,NORMAL,FALSE,HIGH,FALSE,HIGH,NORMAL,NORMAL,HIGH,NORMAL,ZERO,HIGH,HIGH,NORMAL,FALSE,NORMAL,NORMAL,NORMAL,NORMAL,ZERO,FALSE,LOW,ZERO,LOW,HIGH,FALSE,FALSE,HIGH,NORMAL,LOW,FALSE,HIGH,ZERO,NORMAL,FALSE,NORMAL
FALSE,FALSE,NORMAL,FALSE,HIGH,FALSE,HIGH,HIGH,NORMAL,LOW,NORMAL,LOW,HIGH,HIGH,NORMAL,FALSE,NORMAL,NORMAL,LOW,NORMAL,ZERO,FALSE,LOW,ZERO,LOW,HIGH,FALSE,FALSE,HIGH,NORMAL,LOW,FALSE,HIGH,ZERO,NORMAL,FALSE,NORMAL
TRUE,FALSE,NORMAL,FALSE,HIGH,FALSE,HIGH,HIGH,NORMAL,HIGH,HIGH,NORMAL,HIGH,HIGH,NORMAL,FALSE,NORMAL,HIGH,NORMAL,NORMAL,HIGH,FALSE,LOW,LOW,HIGH,HIGH,FALSE,FALSE,HIGH,NORMAL,LOW,FALSE,HIGH,LOW,NORMAL,FALSE,NORMAL
FALSE,TRUE,NORMAL,FALSE,HIGH,FALSE,HIGH,HIGH,NORMAL,LOW,NORMAL,LOW,HIGH,HIGH,NORMAL,FALSE,NORMAL,NORMAL,LOW,NORMAL,ZERO,FALSE,LOW,ZERO,LOW,HIGH,FALSE,FALSE,HIGH,NORMAL,LOW,FALSE,HIGH,ZERO,NORMAL,FALSE,NORMAL
FALSE,FALSE,NORMAL,FALSE,HIGH,FALSE,HIGH,HIGH,NORMAL,LOW,NORMAL,LOW,HIGH,HIGH,NORMAL,FALSE,LOW,NORMAL,LOW,HIGH,ZERO,FALSE,LOW,ZERO,LOW,HIGH,FALSE,TRUE,HIGH,HIGH,LOW,FALSE,HIGH,ZERO,NORMAL,FALSE,NORMAL
FALSE,FALSE,NORMAL,FALSE,HIGH,FALSE,HIGH,NORMAL,NORMAL,HIGH,NORMAL,LOW,HIGH,HIGH,NORMAL,FALSE,NORMAL,NORMAL,NORMAL,NORMAL,ZERO,FALSE,LOW,ZERO,LOW,HIGH,FALSE,FALSE,HIGH,NORMAL,LOW,FALSE,HIGH,ZERO,NORMAL,FALSE,NORMAL
FALSE,FALSE,NORMAL,FALSE,HIGH,FALSE,HIGH,NORMAL,LOW,HIGH,NORMAL,LOW,HIGH,HIGH,NORMAL,FALSE,NORMAL,NORMAL,HIGH,NORMAL,ZERO,FALSE,LOW,ZERO,LOW,HIGH,FALSE,FALSE,HIGH,NORMAL,LOW,FALSE,HIGH,ZERO,NORMAL,FALSE,NORMAL
FALSE,FALSE,HIGH,FALSE,HIGH,FALSE,HIGH,HIGH,NORMAL,HIGH,NORMAL,LOW,HIGH,HIGH,NORMAL,FALSE,NORMAL,NORMAL,NORMAL,LOW,ZERO,FALSE,LOW,ZERO,LOW,HIGH,FALSE,FALSE,HIGH,NORMAL,LOW,FALSE,HIGH,ZERO,NORMAL,FALSE,NORMAL
FALSE,TRUE,NORMAL,FALSE,HIGH,FALSE,HIGH,NORMAL,NORMAL,HIGH,NORMAL,LOW,HIGH,HIGH,NORMAL,FALSE,NORMAL,NORMAL,NORMAL,NORMAL,ZERO,FALSE,LOW,ZERO,LOW,HIGH,FALSE,FALSE,HIGH,NORMAL,LOW,FALSE,HIGH,ZERO,NORMAL,TRUE,NORMAL
FALSE,TRUE,NORMAL,FALSE,HIGH,FALSE,HIGH,HIGH,NORMAL,NORMAL,NORMAL,LOW,HIGH,NORMAL,NORMAL,FALSE,LOW,NORMAL,NORMAL,NORMAL,ZERO,FALSE,NORMAL,ZERO,LOW,HIGH,FALSE,FALSE,HIGH,NORMAL,NORMAL,FALSE,HIGH,ZERO,NORMAL,FALSE,NORMAL
FALSE,FALSE,NORMAL,FALSE,HIGH,FALSE,HIGH,NORMAL,NORMAL,HIGH,NORMAL,LOW,HIGH,HIGH,NORMAL,FALSE,HIGH,NORMAL,HIGH,HIGH,ZERO,FALSE,LOW,ZERO,LOW,HIGH,FALSE,FALSE,HIGH,HIGH,LOW,FALSE,HIGH,ZERO,NORMAL,FALSE,NORMAL
FALSE,FALSE,NORMAL,FALSE,HIGH,FALSE,HIGH,LOW,NORMAL,NORMAL,NORMAL,LOW,HIGH,NORMAL,NORMAL,FALSE,HIGH,NORMAL,NORMAL,HIGH,ZERO,FALSE,LOW,ZERO,LOW,HIGH,FALSE,TRUE,HIGH,HIGH,LOW,FALSE,HIGH,ZERO,LOW,FALSE,NORMAL
FALSE,FALSE,LOW,FALSE,HIGH,FALSE,LOW,HIGH,NORMAL,LOW,NORMAL,LOW,HIGH,NORMAL,NORMAL,FALSE,LOW,NORMAL,LOW,LOW,ZERO,TRUE,LOW,ZERO,LOW,LOW,FALSE,FALSE,LOW,LOW,LOW,FALSE,NORMAL,ZERO,NORMAL,FALSE,NORMAL
FALSE,FALSE,NORMAL,FALSE,HIGH,FALSE,NORMAL,LOW,NORMAL,LOW,NORMAL,LOW,HIGH,NORMAL,NORMAL,TRUE,NORMAL,NORMAL,LOW,NORMAL,ZERO,FALSE,LOW,ZERO,LOW,LOW,FALSE,FALSE,LOW,NORMAL,LOW,FALSE,NORMAL,ZERO,NORMAL,TRUE,NORMAL
FALSE,FALSE,NORMAL,FALSE,NORMAL,FALSE,HIGH,LOW,NORMAL,HIGH,HIGH,HIGH,HIGH,HIGH,NORMAL,FALSE,HIGH,HIGH,NORMAL,HIGH,LOW,FALSE,HIGH,HIGH,ZERO,HIGH,FALSE,TRUE,HIGH,HIGH,HIGH,FALSE,HIGH,HIGH,NORMAL,FALSE,NORMAL
TRUE,FALSE,NORMAL,FALSE,LOW,FALSE,LOW,HIGH,NORMAL,HIGH,NORMAL,ZERO,NORMAL,NORMAL,NORMAL,FALSE,NORMAL,NORMAL,HIGH,NORMAL,LOW,FALSE,HIGH,HIGH,LOW,LOW,FALSE,FALSE,LOW,NORMAL,HIGH,FALSE,NORMAL,HIGH,NORMAL,FALSE,NORMAL
FALSE,TRUE,NORMAL,FALSE,HIGH,FALSE,HIGH,LOW,NORMAL,HIGH,NORMAL,LOW,HIGH,HIGH,NORMAL,FALSE,HIGH,NORMAL,NORMAL,HIGH,ZERO,FALSE,LOW,ZERO,LOW,HIGH,FALSE,TRUE,HIGH,HIGH,LOW,FALSE,HIGH,ZERO,NORMAL,FALSE,NORMAL
TRUE,FALSE,HIGH,FALSE,HIGH,FALSE,HIGH,HIGH,NORMAL,HIGH,NORMAL,ZERO,HIGH,HIGH,NORMAL,FALSE,NORMAL,NORMAL,HIGH,NORMAL,ZERO,FALSE,LOW,ZERO,LOW,HIGH,FALSE,FALSE,HIGH,NORMAL,LOW,TRUE,HIGH,ZERO,NORMAL,FALSE,HIGH
FALSE,TRUE,NORMAL,FALSE,HIGH,FALSE,LOW,HIGH,NORMAL,HIGH,NORMAL,LOW,HIGH,NORMAL,NORMAL,FALSE,HIGH,NORMAL,HIGH,NORMAL,ZERO,FALSE,LOW,ZERO,LOW,LOW,FALSE,FALSE,LOW,HIGH,LOW,FALSE,NORMAL,ZERO,NORMAL,FALSE,NORMAL
TRUE,TRUE,NORMAL,FALSE,LOW,FALSE,LOW,HIGH,NORMAL,HIGH,NORMAL,ZERO,NORMAL,NORMAL,NORMAL,FALSE,NORMAL,NORMAL,HIGH,NORMAL,LOW,FALSE,HIGH,HIGH,LOW,LOW,FALSE,FALSE,LOW,NORMAL,HIGH,FALSE,NORMAL,HIGH,NORMAL,FALSE,NORMAL
FALSE,FALSE,NORMAL,FALSE,HIGH,FALSE,LOW,HIGH,NORMAL,HIGH,NORMAL,LOW,HIGH,LOW,ESOPHAGEAL,TRUE,HIGH,NORMAL,HIGH,HIGH,ZERO,FALSE,LOW,LOW,LOW,LOW,FALSE,TRUE,LOW,HIGH,LOW,FALSE,NORMAL,LOW,LOW,FALSE,NORMAL
FALSE,FALSE,NORMAL,FALSE,LOW,FALSE,HIGH,HIGH,NORMAL,HIGH,ZERO,ZERO,HIGH,HIGH,NORMAL,FALSE,HIGH,NORMAL,NORMAL,HIGH,LOW,FALSE,HIGH,HIGH,LOW,HIGH,FALSE,TRUE,HIGH,HIGH,HIGH,FALSE,HIGH,HIGH,HIGH,FALSE,NORMAL
TRUE,FALSE,NORMAL,FALSE,HIGH,FALSE,HIGH,HIGH,LOW,LOW,NORMAL,ZERO,HIGH,LOW,NORMAL,FALSE,NORMAL,NORMAL,NORMAL,LOW,ZERO,FALSE,LOW,ZERO,LOW,HIGH,FALSE,TRUE,HIGH,NORMAL,LOW,FALSE,HIGH,ZERO,LOW,FALSE,NORMAL
TRUE,FALSE,NORMAL,FALSE,LOW,FALSE,HIGH,HIGH,NORMAL,LOW,LOW,ZERO,HIGH,LOW,NORMAL,FALSE,NORMAL,LOW,LOW,NORMAL,LOW,FALSE,HIGH,HIGH,LOW,LOW,FALSE,FALSE,HIGH,NORMAL,HIGH,FALSE,HIGH,HIGH,LOW,FALSE,NORMAL
FALSE,FALSE,NORMAL,TRUE,HIGH,FALSE,HIGH,HIGH,NORMAL,LOW,NORMAL,LOW,HIGH,LOW,NORMAL,FALSE,LOW,NORMAL,NORMAL,LOW,ZERO,FALSE,LOW,ZERO,LOW,HIGH,TRUE,FALSE,HIGH,LOW,LOW,FALSE,HIGH,ZERO,LOW,FALSE,NORMAL
FALSE,FALSE,NORMAL,FALSE,LOW,TRUE,HIGH,HIGH,NORMAL,LOW,NORMAL,LOW,NORMAL,HIGH,NORMAL,FALSE,NORMAL,NORMAL,HIGH,NORMAL,HIGH,FALSE,LOW,LOW,HIGH,NORMAL,FALSE,FALSE,NORMAL,NORMAL,LOW,FALSE,HIGH,LOW,NORMAL,FALSE,NORMAL
FALSE,FALSE,NORMAL,FALSE,HIGH,FALSE,LOW,HIGH,NORMAL,LOW,LOW,ZERO,NORMAL,NORMAL,NORMAL,FALSE,LOW,LOW,LOW,LOW,ZERO,FALSE,LOW,ZERO,LOW,LOW,FALSE,FALSE,LOW,LOW,LOW,FALSE,NORMAL,ZERO,NORMAL,FALSE,NORMAL
FALSE,FALSE,NORMAL,FALSE,HIGH,FALSE,HIGH,HIGH,NORMAL,NORMAL,NORMAL,LOW,HIGH,HIGH,NORMAL,FALSE,NORMAL,NORMAL,HIGH,NORMAL,ZERO,FALSE,LOW,HIGH,LOW,HIGH,FALSE,FALSE,HIGH,NORMAL,LOW,FALSE,HIGH,ZERO,NORMAL,FALSE,NORMAL
FALSE,FALSE,NORMAL,FALSE,HIGH,FALSE,HIGH,HIGH,NORMAL,LOW,NORMAL,LOW,HIGH,HIGH,NORMAL,FALSE,NORMAL,NORMAL,LOW,NORMAL,ZERO,FALSE,LOW,ZERO,LOW,HIGH,FALSE,FALSE,HIGH,NORMAL,LOW,FALSE,HIGH,ZERO,NORMAL,FALSE,NORMAL
FALSE,FALSE,HIGH,FALSE,HIGH,FALSE,HIGH,NORMAL,NORMAL,HIGH,NORMAL,LOW,HIGH,HIGH,NORMAL,FALSE,NORMAL,NORMAL,HIGH,NORMAL,ZERO,FALSE,LOW,ZERO,LOW,HIGH,FALSE,FALSE,HIGH,NORMAL,LOW,FALSE,HIGH,ZERO,NORMAL,FALSE,NORMAL
FALSE,FALSE,NORMAL,FALSE,LOW,TRUE,LOW,HIGH,NORMAL,LOW,NORMAL,LOW,NORMAL,NORMAL,NORMAL,FALSE,NORMAL,NORMAL,HIGH,NORMAL,LOW,FALSE,HIGH,HIGH,LOW,LOW,FALSE,FALSE,LOW,NORMAL,HIGH,FALSE,NORMAL,HIGH,NORMAL,FALSE,NORMAL
FALSE,FALSE,NORMAL,FALSE,HIGH,FALSE,LOW,LOW,NORMAL,HIGH,NORMAL,LOW,HIGH,NORMAL,NORMAL,FALSE,NORMAL,NORMAL,HIGH,NORMAL,ZERO,FALSE,LOW,ZERO,LOW,LOW,FALSE,FALSE,LOW,NORMAL,LOW,FALSE,NORMAL,ZERO,NORMAL,FALSE,NORMAL
FALSE,FALSE,LOW,FALSE,NORMAL,FALSE,HIGH,HIGH,NORMAL,NORMAL,NORMAL,LOW,HIGH,HIGH,ONESIDED,FALSE,NORMAL,NORMAL,NORMAL,NORMAL,ZERO,FALSE,LOW,NORMAL,LOW,HIGH,FALSE,FALSE,HIGH,NORMAL,NORMAL,FALSE,HIGH,NORMAL,NORMAL,FALSE,HIGH
FALSE,FALSE,NORMAL,FALSE,HIGH,FALSE,HIGH,NORMAL,NORMAL,LOW,NORMAL,LOW,HIGH,LOW,NORMAL,FALSE,NORMAL,NORMAL,LOW,NORMAL,ZERO,FALSE,LOW,ZERO,LOW,HIGH,FALSE,FALSE,HIGH,NORMAL,LOW,FALSE,HIGH,ZERO,LOW,FALSE,NORMAL
FALSE,FALSE,NORMAL,FALSE,HIGH,FALSE,HIGH,NORMAL,NORMAL,HIGH,NORMAL,LOW,HIGH,HIGH,NORMAL,FALSE,NORMAL,NORMAL,NORMAL,NORMAL,ZERO,FALSE,LOW,ZERO,LOW,HIGH,FALSE,FALSE,LOW,NORMAL,LOW,FALSE,HIGH,ZERO,NORMAL,FALSE,NORMAL
FALSE,FALSE,NORMAL,FALSE,HIGH,FALSE,HIGH,LOW,NORMAL,HIGH,NORMAL,LOW,HIGH,HIGH,NORMAL,FALSE,HIGH,NORMAL,HIGH,HIGH,ZERO,FALSE,LOW,ZERO,LOW,HIGH,FALSE,TRUE,HIGH,HIGH,LOW,FALSE,HIGH,ZERO,NORMAL,TRUE,NORMAL
FALSE,FALSE,LOW,FALSE,HIGH,FALSE,LOW,HIGH,NORMAL,NORMAL,NORMAL,LOW,NORMAL,NORMAL,NORMAL,FALSE,LOW,NORMAL,NORMAL,LOW,ZERO,FALSE,LOW,ZERO,LOW,LOW,FALSE,FALSE,LOW,LOW,LOW,FALSE,NORMAL,ZERO,NORMAL,FALSE,NORMAL
TRUE,FALSE,NORMAL,FALSE,NORMAL,FALSE,HIGH,HIGH,NORMAL,HIGH,NORMAL,ZERO,HIGH,HIGH,NORMAL,FALSE,NORMAL,NORMAL,NORMAL,NORMAL,LOW,FALSE,HIGH,HIGH,ZERO,HIGH,FALSE,FALSE,HIGH,NORMAL,HIGH,FALSE,HIGH,HIGH,NORMAL,FALSE,NORMAL
FALSE,FALSE,NORMAL,FALSE,HIGH,FALSE,NORMAL,NORMAL,NORMAL,HIGH,NORMAL,LOW,HIGH,HIGH,NORMAL,TRUE,NORMAL,NORMAL,NORMAL,NORMAL,ZERO,FALSE,LOW,ZERO,LOW,HIGH,FALSE,FALSE,HIGH,NORMAL,LOW,FALSE,HIGH,ZERO,NORMAL,FALSE,NORMAL
FALSE,FALSE,NORMAL,FALSE,LOW,FALSE,NORMAL,HIGH,NORMAL,LOW,LOW,ZERO,HIGH,LOW,NORMAL,TRUE,NORMAL,LOW,NORMAL,NORMAL,LOW,FALSE,HIGH,HIGH,LOW,HIGH,FALSE,TRUE,NORMAL,NORMAL,HIGH,FALSE,HIGH,HIGH,LOW,FALSE,NORMAL
FALSE,FALSE,NORMAL,FALSE,HIGH,FALSE,HIGH,LOW,NORMAL,HIGH,NORMAL,LOW,HIGH,HIGH,NORMAL,FALSE,NORMAL,NORMAL,HIGH,NORMAL,ZERO,FALSE,LOW,ZERO,ZERO,HIGH,FALSE,FALSE,HIGH,NORMAL,LOW,FALSE,HIGH,ZERO,NORMAL,FALSE,NORMAL
FALSE,FALSE,NORMAL,FALSE,HIGH,TRUE,HIGH,HIGH,NORMAL,HIGH,NORMAL,LOW,HIGH,HIGH,ONESIDED,FALSE,NORMAL,NORMAL,NORMAL,NORMAL,LOW,FALSE,LOW,ZERO,NORMAL,NORMAL,FALSE,FALSE,NORMAL,NORMAL,LOW,FALSE,HIGH,LOW,NORMAL,FALSE,HIGH
FALSE,FALSE,NORMAL,FALSE,LOW,TRUE,LOW,HIGH,LOW,NORMAL,NORMAL,ZERO,NORMAL,NORMAL,NORMAL,FALSE,NORMAL,NORMAL,HIGH,NORMAL,LOW,FALSE,NORMAL,HIGH,LOW,LOW,FALSE,FALSE,HIGH,NORMAL,NORMAL,FALSE,NORMAL,HIGH,NORMAL,FALSE,NORMAL
FALSE,FALSE,NORMAL,FALSE,HIGH,FALSE,LOW,HIGH,NORMAL,NORMAL,NORMAL,LOW,NORMAL,NORMAL,NORMAL,FALSE,NORMAL,NORMAL,HIGH,NORMAL,ZERO,FALSE,LOW,ZERO,LOW,LOW,FALSE,FALSE,LOW,NORMAL,LOW,FALSE,NORMAL,ZERO,NORMAL,FALSE,NORMAL
FALSE,FALSE,NORMAL,FALSE,HIGH,FALSE,HIGH,HIGH,NORMAL,NORMAL,NORMAL,LOW,HIGH,HIGH,ESOPHAGEAL,FALSE,NORMAL,NORMAL,NORMAL,NORMAL,ZERO,FALSE,LOW,HIGH,LOW,HIGH,FALSE,FALSE,HIGH,NORMAL,LOW,FALSE,HIGH,LOW,NORMAL,FALSE,NORMAL
FALSE,FALSE,NORMAL,FALSE,HIGH,FALSE,HIGH,HIGH,NORMAL,HIGH,NORMAL,LOW,HIGH,NORMAL,ESOPHAGEAL,FALSE,NORMAL,NORMAL,HIGH,NORMAL,LOW,FALSE,LOW,ZERO,NORMAL,HIGH,FALSE,FALSE,HIGH,NORMAL,LOW,FALSE,HIGH,ZERO,NORMAL,FALSE,NORMAL
FALSE,FALSE,NORMAL,FALSE,HIGH,FALSE,NORMAL,HIGH,NORMAL,LOW,NORMAL,LOW,HIGH,LOW,NORMAL,TRUE,HIGH,NORMAL,NORMAL,NORMAL,ZERO,FALSE,LOW,ZERO,LOW,HIGH,FALSE,TRUE,HIGH,HIGH,LOW,FALSE,HIGH,ZERO,LOW,FALSE,NORMAL
FALSE,FALSE,HIGH,FALSE,LOW,FALSE,HIGH,LOW,NORMAL,LOW,HIGH,HIGH,HIGH,HIGH,NORMAL,FALSE,NORMAL,NORMAL,LOW,NORMAL,LOW,FALSE,HIGH,HIGH,LOW,HIGH,FALSE,FALSE,HIGH,NORMAL,HIGH,FALSE,HIGH,HIGH,NORMAL,FALSE,NORMAL
FALSE,FALSE,NORMAL,FALSE,HIGH,FALSE,LOW,HIGH,NORMAL,NORMAL,ZERO,ZERO,HIGH,NORMAL,NORMAL,FALSE,NORMAL,NORMAL,NORMAL,NORMAL,ZERO,FALSE,LOW,ZERO,LOW,LOW,FALSE,FALSE,LOW,NORMAL,LOW,FALSE,NORMAL,ZERO,NORMAL,FALSE,NORMAL
FALSE,FALSE,NORMAL,FALSE,HIGH,FALSE,HIGH,LOW,NORMAL,HIGH,NORMAL,LOW,HIGH,HIGH,NORMAL,FALSE,NORMAL,NORMAL,NORMAL,NORMAL,ZERO,FALSE,LOW,ZERO,LOW,HIGH,FALSE,FALSE,HIGH,NORMAL,LOW,FALSE,HIGH,ZERO,NORMAL,FALSE,NORMAL
FALSE,FALSE,NORMAL,FALSE,LOW,FALSE,LOW,LOW,NORMAL,NORMAL,HIGH,HIGH,NORMAL,NORMAL,NORMAL,FALSE,NORMAL,HIGH,HIGH,NORMAL,LOW,FALSE,HIGH,HIGH,LOW,LOW,FALSE,FALSE,LOW,NORMAL,HIGH,FALSE,NORMAL,HIGH,NORMAL,FALSE,NORMAL
FALSE,FALSE,NORMAL,FALSE,HIGH,TRUE,LOW,HIGH,NORMAL,LOW,NORMAL,LOW,HIGH,HIGH,NORMAL,FALSE,NORMAL,NORMAL,LOW,NORMAL,ZERO,FALSE,LOW,ZERO,LOW,NORMAL,FALSE,FALSE,NORMAL,NORMAL,LOW,FALSE,NORMAL,ZERO,HIGH,FALSE,NORMAL
FALSE,FALSE,NORMAL,TRUE,LOW,FALSE,HIGH,LOW,LOW,LOW,NORMAL,LOW,HIGH,LOW,NORMAL,FALSE,LOW,NORMAL,LOW,LOW,LOW,FALSE,NORMAL,LOW,LOW,HIGH,TRUE,FALSE,HIGH,LOW,NORMAL,FALSE,HIGH,HIGH,LOW,FALSE,NORMAL
FALSE,FALSE,LOW,FALSE,HIGH,FALSE,HIGH,HIGH,NORMAL,HIGH,NORMAL,LOW,HIGH,HIGH,NORMAL,FALSE,LOW,NORMAL,HIGH,NORMAL,ZERO,FALSE,LOW,ZERO,LOW,HIGH,FALSE,FALSE,HIGH,LOW,LOW,FALSE,HIGH,ZERO,NORMAL,FALSE,NORMAL
FALSE,FALSE,HIGH,FALSE,HIGH,FALSE,LOW,NORMAL,NORMAL,NORMAL,NORMAL,LOW,HIGH,NORMAL,NORMAL,FALSE,NORMAL,NORMAL,NORMAL,NORMAL,ZERO,FALSE,LOW,ZERO,LOW,HIGH,FALSE,FALSE,LOW,NORMAL,LOW,FALSE,NORMAL,ZERO,NORMAL,FALSE,NORMAL
FALSE,FALSE,NORMAL,FALSE,HIGH,FALSE,HIGH,NORMAL,NORMAL,NORMAL,NORMAL,LOW,HIGH,NORMAL,NORMAL,FALSE,HIGH,NORMAL,HIGH,HIGH,ZERO,FALSE,LOW,ZERO,LOW,HIGH,FALSE,TRUE,HIGH,HIGH,LOW,FALSE,HIGH,ZERO,LOW,FALSE,NORMAL
FALSE,FALSE,NORMAL,FALSE,HIGH,FALSE,HIGH,HIGH,NORMAL,NORMAL,NORMAL,LOW,HIGH,HIGH,NORMAL,FALSE,HIGH,NORMAL,NORMAL,HIGH,ZERO,FALSE,LOW,ZERO,LOW,HIGH,FALSE,TRUE,HIGH,HIGH,LOW,FALSE,HIGH,ZERO,NORMAL,FALSE,NORMAL
TRUE,FALSE,NORMAL,FALSE,HIGH,FALSE,HIGH,ZERO,NORMAL,LOW,NORMAL,ZERO,HIGH,HIGH,NORMAL,FALSE,HIGH,NORMAL,LOW,HIGH,ZERO,FALSE,LOW,ZERO,LOW,HIGH,FALSE,TRUE,HIGH,HIGH,LOW,FALSE,HIGH,ZERO,NORMAL,TRUE,NORMAL
TRUE,FALSE,HIGH,FALSE,HIGH,FALSE,HIGH,ZERO,NORMAL,HIGH,NORMAL,ZERO,HIGH,HIGH,NORMAL,FALSE,NORMAL,NORMAL,HIGH,NORMAL,ZERO,FALSE,LOW,ZERO,LOW,HIGH,FALSE,FALSE,HIGH,NORMAL,LOW,TRUE,HIGH,ZERO,NORMAL,TRUE,HIGH
FALSE,FALSE,NORMAL,FALSE,HIGH,FALSE,LOW,HIGH,NORMAL,HIGH,ZERO,ZERO,NORMAL,NORMAL,NORMAL,FALSE,NORMAL,NORMAL,HIGH,NORMAL,ZERO,FALSE,LOW,ZERO,LOW,LOW,FALSE,FALSE,LOW,NORMAL,LOW,FALSE,NORMAL,ZERO,NORMAL,FALSE,NORMAL
FALSE,FALSE,NORMAL,FALSE,LOW,FALSE,HIGH,NORMAL,NORMAL,LOW,NORMAL,LOW,HIGH,HIGH,NORMAL,FALSE,HIGH,NORMAL,LOW,HIGH,LOW,FALSE,HIGH,HIGH,LOW,HIGH,FALSE,FALSE,HIGH,HIGH,HIGH,FALSE,HIGH,HIGH,NORMAL,FALSE,NORMAL
TRUE,FALSE,NORMAL,FALSE,HIGH,FALSE,HIGH,LOW,NORMAL,LOW,HIGH,NORMAL,HIGH,HIGH,NORMAL,FALSE,NORMAL,HIGH,LOW,NORMAL,HIGH,FALSE,NORMAL,LOW,HIGH,HIGH,FALSE,FALSE,HIGH,NORMAL,LOW,FALSE,HIGH,LOW,NORMAL,FALSE,HIGH
FALSE,FALSE,NORMAL,FALSE,HIGH,TRUE,HIGH,LOW,NORMAL,LOW,NORMAL,LOW,HIGH,HIGH,NORMAL,FALSE,NORMAL,NORMAL,LOW,NORMAL,ZERO,FALSE,LOW,ZERO,LOW,NORMAL,FALSE,FALSE,NORMAL,NORMAL,LOW,FALSE,HIGH,ZERO,NORMAL,FALSE,NORMAL
TRUE,FALSE,NORMAL,FALSE,NORMAL,FALSE,LOW,HIGH,NORMAL,NORMAL,NORMAL,ZERO,NORMAL,NORMAL,NORMAL,FALSE,NORMAL,NORMAL,HIGH,NORMAL,LOW,FALSE,HIGH,HIGH,ZERO,LOW,FALSE,FALSE,LOW,NORMAL,HIGH,FALSE,NORMAL,HIGH,NORMAL,FALSE,NORMAL
FALSE,FALSE,NORMAL,FALSE,HIGH,TRUE,HIGH,NORMAL,NORMAL,LOW,NORMAL,LOW,HIGH,LOW,NORMAL,FALSE,HIGH,NORMAL,HIGH,LOW,ZERO,FALSE,LOW,ZERO,LOW,NORMAL,FALSE,TRUE,NORMAL,HIGH,LOW,FALSE,HIGH,ZERO,LOW,FALSE,NORMAL
FALSE,FALSE,NORMAL,FALSE,NORMAL,FALSE,HIGH,HIGH,NORMAL,NORMAL,NORMAL,LOW,HIGH,HIGH,ONESIDED,FALSE,NORMAL,NORMAL,NORMAL,NORMAL,ZERO,FALSE,LOW,NORMAL,LOW,HIGH,FALSE,FALSE,HIGH,NORMAL,LOW,FALSE,HIGH,NORMAL,NORMAL,FALSE,HIGH
FALSE,FALSE,NORMAL,FALSE,HIGH,TRUE,HIGH,LOW,NORMAL,NORMAL,NORMAL,LOW,HIGH,HIGH,NORMAL,FALSE,NORMAL,NORMAL,NORMAL,LOW,ZERO,FALSE,LOW,ZERO,ZERO,NORMAL,FALSE,FALSE,NORMAL,NORMAL,LOW,FALSE,HIGH,ZERO,NORMAL,FALSE,NORMAL
FALSE,TRUE,NORMAL,FALSE,HIGH,FALSE,HIGH,LOW,NORMAL,NORMAL,NORMAL,LOW,HIGH,HIGH,NORMAL,FALSE,NORMAL,NORMAL,LOW,NORMAL,ZERO,FALSE,LOW,ZERO,LOW,HIGH,FALSE,FALSE,HIGH,NORMAL,LOW,FALSE,HIGH,ZERO,NORMAL,FALSE,NORMAL
FALSE,FALSE,NORMAL,FALSE,HIGH,FALSE,HIGH,NORMAL,NORMAL,HIGH,NORMAL,LOW,HIGH,LOW,NORMAL,FALSE,NORMAL,NORMAL,HIGH,NORMAL,ZERO,FALSE,LOW,ZERO,LOW,HIGH,FALSE,FALSE,HIGH,NORMAL,LOW,FALSE,HIGH,ZERO,LOW,FALSE,NORMAL
FALSE,FALSE,LOW,FALSE,HIGH,FALSE,HIGH,NORMAL,NORMAL,NORMAL,NORMAL,LOW,HIGH,HIGH,NORMAL,FALSE,NORMAL,NORMAL,NORMAL,NORMAL,ZERO,FALSE,LOW,ZERO,LOW,HIGH,FALSE,FALSE,HIGH,NORMAL,LOW,FALSE,HIGH,ZERO,NORMAL,FALSE,NORMAL
FALSE,FALSE,NORMAL,FALSE,HIGH,FALSE,HIGH,HIGH,NORMAL,LOW,NORMAL,LOW,HIGH,HIGH,ESOPHAGEAL,FALSE,HIGH,NORMAL,LOW,NORMAL,ZERO,FALSE,LOW,LOW,LOW,HIGH,FALSE,FALSE,HIGH,NORMAL,LOW,FALSE,HIGH,LOW,NORMAL,FALSE,NORMAL
FALSE,FALSE,NORMAL,FALSE,LOW,FALSE,HIGH,HIGH,NORMAL,LOW,LOW,ZERO,HIGH,HIGH,NORMAL,FALSE,NORMAL,LOW,LOW,NORMAL,LOW,FALSE,HIGH,HIGH,LOW,HIGH,FALSE,FALSE,HIGH,NORMAL,HIGH,FALSE,HIGH,HIGH,NORMAL,FALSE,NORMAL
FALSE,FALSE,NORMAL,FALSE,HIGH,FALSE,HIGH,LOW,NORMAL,NORMAL,NORMAL,LOW,HIGH,HIGH,NORMAL,FALSE,HIGH,NORMAL,HIGH,HIGH,ZERO,FALSE,LOW,ZERO,LOW,HIGH,FALSE,TRUE,HIGH,HIGH,LOW,FALSE,HIGH,ZERO,NORMAL,FALSE,NORMAL
FALSE,FALSE,LOW,FALSE,HIGH,TRUE,HIGH,LOW,NORMAL,LOW,NORMAL,LOW,HIGH,HIGH,NORMAL,FALSE,NORMAL,NORMAL,LOW,NORMAL,ZERO,FALSE,LOW,ZERO,LOW,NORMAL,FALSE,FALSE,NORMAL,NORMAL,LOW,FALSE,HIGH,ZERO,NORMAL,FALSE,NORMAL
TRUE,FALSE,NORMAL,FALSE,LOW,FALSE,HIGH,HIGH,NORMAL,NORMAL,NORMAL,ZERO,HIGH,HIGH,NORMAL,FALSE,NORMAL,NORMAL,NORMAL,NORMAL,LOW,FALSE,HIGH,HIGH,LOW,HIGH,FALSE,FALSE,HIGH,NORMAL,HIGH,FALSE,HIGH,HIGH,NORMAL,FALSE,NORMAL
FALSE,FALSE,NORMAL,FALSE,HIGH,TRUE,HIGH,NORMAL,NORMAL,NORMAL,NORMAL,LOW,NORMAL,HIGH,NORMAL,FALSE,NORMAL,NORMAL,HIGH,NORMAL,ZERO,FALSE,LOW,ZERO,LOW,NORMAL,FALSE,FALSE,NORMAL,NORMAL,LOW,FALSE,HIGH,ZERO,NORMAL,FALSE,NORMAL
FALSE,FALSE,NORMAL,FALSE,HIGH,FALSE,HIGH,NORMAL,NORMAL,LOW,NORMAL,LOW,HIGH,HIGH,NORMAL,FALSE,NORMAL,NORMAL,LOW,NORMAL,ZERO,FALSE,LOW,ZERO,LOW,HIGH,FALSE,FALSE,HIGH,NORMAL,LOW,FALSE,HIGH,ZERO,NORMAL,FALSE,HIGH
FALSE,FALSE,NORMAL,FALSE,HIGH,TRUE,HIGH,HIGH,NORMAL,NORMAL,NORMAL,LOW,HIGH,HIGH,NORMAL,FALSE,NORMAL,NORMAL,NORMAL,NORMAL,ZERO,FALSE,LOW,ZERO,LOW,NORMAL,FALSE,FALSE,NORMAL,NORMAL,LOW,FALSE,HIGH,ZERO,NORMAL,FALSE,HIGH
TRUE,FALSE,NORMAL,FALSE,LOW,FALSE,LOW,HIGH,NORMAL,NORMAL,NORMAL,ZERO,NORMAL,NORMAL,NORMAL,FALSE,HIGH,NORMAL,HIGH,NORMAL,LOW,FALSE,HIGH,HIGH,LOW,LOW,FALSE,TRUE,LOW,HIGH,HIGH,FALSE,NORMAL,HIGH,NORMAL,FALSE,NORMAL
FALSE,FALSE,NORMAL,FALSE,HIGH,FALSE,HIGH,HIGH,NORMAL,NORMAL,NORMAL,LOW,HIGH,LOW,ONESIDED,FALSE,HIGH,NORMAL,HIGH,HIGH,LOW,FALSE,LOW,ZERO,NORMAL,HIGH,FALSE,TRUE,HIGH,HIGH,LOW,FALSE,HIGH,LOW,LOW,FALSE,NORMAL
FALSE,FALSE,NORMAL,FALSE,HIGH,FALSE,HIGH,LOW,NORMAL,LOW,NORMAL,LOW,HIGH,HIGH,NORMAL,FALSE,NORMAL,NORMAL,LOW,NORMAL,ZERO,FALSE,LOW,ZERO,LOW,HIGH,FALSE,FALSE,HIGH,NORMAL,LOW,FALSE,HIGH,ZERO,NORMAL,FALSE,NORMAL
FALSE,FALSE,NORMAL,TRUE,LOW,FALSE,HIGH,ZERO,NORMAL,LOW,LOW,ZERO,HIGH,LOW,NORMAL,FALSE,LOW,LOW,NORMAL,LOW,LOW,FALSE,HIGH,HIGH,LOW,HIGH,TRUE,FALSE,HIGH,LOW,HIGH,FALSE,HIGH,HIGH,LOW,FALSE,NORMAL
FALSE,FALSE,NORMAL,FALSE,HIGH,FALSE,HIGH,LOW,NORMAL,LOW,NORMAL,LOW,HIGH,HIGH,NORMAL,FALSE,HIGH,NORMAL,LOW,HIGH,ZERO,FALSE,LOW,ZERO,ZERO,HIGH,FALSE,TRUE,HIGH,HIGH,LOW,FALSE,HIGH,ZERO,NORMAL,FALSE,NORMAL
FALSE,FALSE,NORMAL,FALSE,LOW,TRUE,LOW,HIGH,NORMAL,HIGH,LOW,ZERO,NORMAL,NORMAL,NORMAL,FALSE,NORMAL,LOW,HIGH,NORMAL,LOW,FALSE,HIGH,HIGH,LOW,HIGH,FALSE,FALSE,NORMAL,NORMAL,HIGH,FALSE,NORMAL,HIGH,NORMAL,FALSE,NORMAL
FALSE,FALSE,NORMAL,FALSE,LOW,FALSE,LOW,HIGH,NORMAL,NORMAL,ZERO,ZERO,NORMAL,NORMAL,NORMAL,FALSE,NORMAL,NORMAL,HIGH,NORMAL,LOW,FALSE,HIGH,HIGH,LOW,LOW,FALSE,FALSE,LOW,NORMAL,HIGH,FALSE,NORMAL,HIGH,NORMAL,FALSE,NORMAL
FALSE,FALSE,NORMAL,FALSE,HIGH,FALSE,HIGH,LOW,NORMAL,LOW,NORMAL,LOW,HIGH,HIGH,NORMAL,FALSE,LOW,NORMAL,LOW,LOW,ZERO,FALSE,LOW,ZERO,LOW,HIGH,FALSE,FALSE,HIGH,LOW,LOW,FALSE,HIGH,ZERO,NORMAL,FALSE,NORMAL
FALSE,FALSE,NORMAL,FALSE,HIGH,FALSE,HIGH,HIGH,NORMAL,LOW,ZERO,ZERO,HIGH,HIGH,NORMAL,FALSE,NORMAL,LOW,LOW,NORMAL,LOW,FALSE,LOW,HIGH,NORMAL,HIGH,FALSE,FALSE,HIGH,NORMAL,LOW,FALSE,HIGH,ZERO,NORMAL,FALSE,NORMAL
FALSE,FALSE,NORMAL,FALSE,NORMAL,FALSE,LOW,NORMAL,NORMAL,NORMAL,LOW,ZERO,NORMAL,LOW,ONESIDED,TRUE,NORMAL,NORMAL,HIGH,NORMAL,ZERO,FALSE,LOW,NORMAL,LOW,LOW,FALSE,FALSE,HIGH,NORMAL,LOW,FALSE,LOW,NORMAL,LOW,FALSE,HIGH
TRUE,FALSE,NORMAL,FALSE,LOW,FALSE,LOW,HIGH,NORMAL,LOW,LOW,ZERO,NORMAL,NORMAL,NORMAL,FALSE,HIGH,LOW,LOW,HIGH,LOW,FALSE,HIGH,HIGH,LOW,LOW,FALSE,TRUE,LOW,HIGH,HIGH,FALSE,NORMAL,HIGH,NORMAL,FALSE,NORMAL
FALSE,FALSE,NORMAL,FALSE,HIGH,FALSE,HIGH,HIGH,NORMAL,LOW,NORMAL,LOW,HIGH,HIGH,NORMAL,FALSE,NORMAL,NORMAL,LOW,NORMAL,ZERO,FALSE,LOW,ZERO,LOW,HIGH,FALSE,FALSE,HIGH,NORMAL,LOW,FALSE,HIGH,ZERO,NORMAL,FALSE,NORMAL
FALSE,FALSE,NORMAL,FALSE,LOW,FALSE,HIGH,LOW,LOW,LOW,NORMAL,LOW,HIGH,LOW,NORMAL,FALSE,HIGH,NORMAL,NORMAL,NORMAL,LOW,FALSE,NORMAL,HIGH,LOW,HIGH,FALSE,TRUE,HIGH,HIGH,NORMAL,FALSE,HIGH,HIGH,LOW,FALSE,NORMAL
FALSE,FALSE,NORMAL,FALSE,HIGH,FALSE,HIGH,NORMAL,NORMAL,NORMAL,NORMAL,LOW,HIGH,HIGH,NORMAL,FALSE,NORMAL,NORMAL,NORMAL,NORMAL,ZERO,FALSE,LOW,ZERO,LOW,HIGH,FALSE,FALSE,HIGH,NORMAL,LOW,FALSE,HIGH,ZERO,NORMAL,FALSE,NORMAL
FALSE,FALSE,NORMAL,FALSE,HIGH,FALSE,HIGH,HIGH,NORMAL,NORMAL,HIGH,HIGH,HIGH,LOW,ONESIDED,FALSE,HIGH,HIGH,HIGH,HIGH,HIGH,FALSE,LOW,HIGH,HIGH,HIGH,FALSE,TRUE,HIGH,HIGH,LOW,FALSE,HIGH,LOW,LOW,FALSE,HIGH
FALSE,FALSE,NORMAL,FALSE,HIGH,FALSE,HIGH,HIGH,NORMAL,HIGH,NORMAL,LOW,HIGH,HIGH,NORMAL,FALSE,NORMAL,NORMAL,NORMAL,NORMAL,ZERO,FALSE,LOW,ZERO,LOW,HIGH,FALSE,FALSE,HIGH,NORMAL,LOW,FALSE,HIGH,ZERO,NORMAL,FALSE,NORMAL
FALSE,FALSE,HIGH,TRUE,HIGH,FALSE,HIGH,HIGH,NORMAL,LOW,NORMAL,LOW,HIGH,LOW,NORMAL,FALSE,LOW,NORMAL,LOW,LOW,ZERO,FALSE,LOW,ZERO,LOW,HIGH,TRUE,FALSE,HIGH,LOW,LOW,FALSE,HIGH,ZERO,LOW,FALSE,HIGH
FALSE,FALSE,NORMAL,FALSE,HIGH,FALSE,HIGH,HIGH,NORMAL,LOW,NORMAL,LOW,HIGH,HIGH,NORMAL,FALSE,NORMAL,NORMAL,LOW,NORMAL,ZERO,FALSE,LOW,ZERO,LOW,HIGH,FALSE,FALSE,HIGH,NORMAL,LOW,FALSE,HIGH,ZERO,NORMAL,TRUE,NORMAL
FALSE,FALSE,NORMAL,FALSE,HIGH,FALSE,LOW,NORMAL,NORMAL,NORMAL,NORMAL,LOW,HIGH,NORMAL,NORMAL,TRUE,HIGH,NORMAL,NORMAL,HIGH,ZERO,FALSE,LOW,ZERO,LOW,LOW,FALSE,TRUE,LOW,HIGH,LOW,FALSE,NORMAL,ZERO,NORMAL,FALSE,NORMAL
FALSE,FALSE,NORMAL,FALSE,HIGH,FALSE,LOW,HIGH,NORMAL,LOW,NORMAL,LOW,HIGH,NORMAL,NORMAL,FALSE,HIGH,NORMAL,LOW,NORMAL,ZERO,FALSE,LOW,LOW,LOW,LOW,FALSE,TRUE,LOW,HIGH,LOW,FALSE,NORMAL,ZERO,NORMAL,FALSE,NORMAL
FALSE,FALSE,NORMAL,FALSE,HIGH,FALSE,HIGH,LOW,LOW,HIGH,NORMAL,LOW,HIGH,HIGH,NORMAL,FALSE,LOW,NORMAL,HIGH,NORMAL,ZERO,FALSE,LOW,ZERO,LOW,HIGH,FALSE,FALSE,HIGH,NORMAL,LOW,FALSE,HIGH,ZERO,NORMAL,FALSE,NORMAL
FALSE,FALSE,NORMAL,FALSE,LOW,FALSE,HIGH,HIGH,NORMAL,NORMAL,NORMAL,NORMAL,HIGH,HIGH,NORMAL,FALSE,NORMAL,NORMAL,NORMAL,NORMAL,LOW,FALSE,HIGH,HIGH,LOW,HIGH,FALSE,FALSE,HIGH,NORMAL,HIGH,FALSE,HIGH,HIGH,NORMAL,FALSE,NORMAL
FALSE,FALSE,NORMAL,FALSE,HIGH,FALSE,HIGH,NORMAL,NORMAL,LOW,ZERO,ZERO,HIGH,LOW,NORMAL,FALSE,HIGH,NORMAL,LOW,HIGH,ZERO,FALSE,LOW,ZERO,LOW,HIGH,FALSE,TRUE,HIGH,HIGH,LOW,FALSE,HIGH,ZERO,LOW,FALSE,NORMAL
TRUE,FALSE,NORMAL,FALSE,HIGH,FALSE,HIGH,HIGH,NORMAL,NORMAL,NORMAL,ZERO,HIGH,HIGH,NORMAL,FALSE,NORMAL,NORMAL,NORMAL,NORMAL,ZERO,FALSE,LOW,ZERO,LOW,HIGH,FALSE,FALSE,HIGH,NORMAL,LOW,FALSE,HIGH,ZERO,NORMAL,FALSE,NORMAL
FALSE,FALSE,NORMAL,FALSE,LOW,FALSE,LOW,HIGH,NORMAL,LOW,NORMAL,LOW,HIGH,LOW,NORMAL,FALSE,HIGH,NORMAL,LOW,HIGH,ZERO,FALSE,LOW,ZERO,ZERO,LOW,FALSE,TRUE,LOW,HIGH,LOW,FALSE,NORMAL,ZERO,LOW,FALSE,HIGH
FALSE,FALSE,NORMAL,FALSE,HIGH,FALSE,HIGH,HIGH,NORMAL,HIGH,NORMAL,LOW,HIGH,HIGH,NORMAL,FALSE,HIGH,NORMAL,HIGH,HIGH,ZERO,FALSE,LOW,ZERO,LOW,HIGH,FALSE,FALSE,HIGH,HIGH,LOW,FALSE,HIGH,ZERO,NORMAL,FALSE,NORMAL
FALSE,FALSE,NORMAL,FALSE,HIGH,FALSE,HIGH,NORMAL,NORMAL,HIGH,NORMAL,LOW,HIGH,HIGH,NORMAL,FALSE,NORMAL,NORMAL,NORMAL,NORMAL,ZERO,FALSE,LOW,ZERO,LOW,HIGH,FALSE,FALSE,HIGH,NORMAL,LOW,FALSE,HIGH,ZERO,NORMAL,FALSE,NORMAL
FALSE,FALSE,NORMAL,FALSE,HIGH,FALSE,HIGH,ZERO,NORMAL,NORMAL,NORMAL,LOW,HIGH,LOW,NORMAL,FALSE,LOW,NORMAL,HIGH,LOW,ZERO,FALSE,LOW,ZERO,LOW,LOW,TRUE,FALSE,HIGH,LOW,LOW,FALSE,HIGH,ZERO,LOW,FALSE,NORMAL
FALSE,TRUE,NORMAL,FALSE,LOW,FALSE,LOW,HIGH,NORMAL,NORMAL,NORMAL,ZERO,NORMAL,NORMAL,NORMAL,FALSE,NORMAL,NORMAL,HIGH,NORMAL,LOW,FALSE,HIGH,HIGH,LOW,LOW,FALSE,FALSE,LOW,NORMAL,HIGH,FALSE,NORMAL,HIGH,NORMAL,FALSE,NORMAL
FALSE,FALSE,NORMAL,FALSE,LOW,FALSE,HIGH,HIGH,NORMAL,LOW,LOW,ZERO,HIGH,HIGH,NORMAL,FALSE,HIGH,LOW,LOW,HIGH,LOW,FALSE,HIGH,HIGH,LOW,HIGH,FALSE,TRUE,HIGH,HIGH,HIGH,FALSE,HIGH,HIGH,NORMAL,FALSE,NORMAL
FALSE,FALSE,NORMAL,FALSE,NORMAL,FALSE,HIGH,NORMAL,NORMAL,HIGH,NORMAL,LOW,NORMAL,HIGH,NORMAL,FALSE,NORMAL,NORMAL,HIGH,NORMAL,ZERO,FALSE,LOW,ZERO,LOW,HIGH,FALSE,FALSE,HIGH,NORMAL,LOW,FALSE,HIGH,ZERO,HIGH,FALSE,NORMAL
FALSE,FALSE,HIGH,FALSE,HIGH,FALSE,LOW,HIGH,NORMAL,LOW,NORMAL,LOW,HIGH,NORMAL,NORMAL,FALSE,NORMAL,NORMAL,NORMAL,NORMAL,ZERO,FALSE,LOW,ZERO,LOW,LOW,FALSE,FALSE,LOW,NORMAL,LOW,TRUE,NORMAL,ZERO,NORMAL,FALSE,HIGH
FALSE,FALSE,HIGH,FALSE,HIGH,FALSE,HIGH,NORMAL,NORMAL,LOW,NORMAL,LOW,HIGH,HIGH,NORMAL,FALSE,NORMAL,NORMAL,LOW,NORMAL,ZERO,FALSE,LOW,ZERO,LOW,HIGH,FALSE,FALSE,HIGH,NORMAL,LOW,FALSE,HIGH,ZERO,NORMAL,FALSE,HIGH
FALSE,FALSE,NORMAL,FALSE,LOW,FALSE,HIGH,LOW,NORMAL,LOW,HIGH,HIGH,HIGH,HIGH,NORMAL,FALSE,NORMAL,HIGH,LOW,NORMAL,LOW,FALSE,HIGH,HIGH,LOW,HIGH,FALSE,FALSE,HIGH,NORMAL,HIGH,FALSE,HIGH,HIGH,NORMAL,FALSE,NORMAL
TRUE,FALSE,NORMAL,FALSE,LOW,FALSE,LOW,HIGH,NORMAL,NORMAL,NORMAL,ZERO,NORMAL,LOW,NORMAL,FALSE,NORMAL,NORMAL,HIGH,NORMAL,LOW,FALSE,HIGH,HIGH,LOW,LOW,FALSE,FALSE,NORMAL,NORMAL,HIGH,FALSE,NORMAL,HIGH,NORMAL,FALSE,NORMAL
FALSE,FALSE,NORMAL,FALSE,HIGH,FALSE,HIGH,HIGH,NORMAL,LOW,NORMAL,LOW,HIGH,HIGH,NORMAL,FALSE,NORMAL,NORMAL,NORMAL,NORMAL,ZERO,FALSE,LOW,ZERO,LOW,HIGH,FALSE,FALSE,HIGH,NORMAL,LOW,FALSE,HIGH,ZERO,NORMAL,FALSE,NORMAL
FALSE,FALSE,NORMAL,FALSE,HIGH,FALSE,HIGH,LOW,NORMAL,HIGH,NORMAL,LOW,HIGH,HIGH,NORMAL,FALSE,LOW,NORMAL,HIGH,HIGH,ZERO,FALSE,LOW,ZERO,LOW,HIGH,FALSE,FALSE,HIGH,NORMAL,LOW,FALSE,HIGH,ZERO,HIGH,FALSE,NORMAL
FALSE,FALSE,NORMAL,FALSE,HIGH,FALSE,HIGH,HIGH,NORMAL,HIGH,NORMAL,LOW,HIGH,HIGH,ONESIDED,FALSE,NORMAL,NORMAL,NORMAL,NORMAL,LOW,FALSE,LOW,LOW,NORMAL,HIGH,FALSE,FALSE,HIGH,NORMAL,LOW,FALSE,HIGH,LOW,NORMAL,FALSE,HIGH
FALSE,TRUE,NORMAL,FALSE,HIGH,FALSE,HIGH,HIGH,NORMAL,HIGH,NORMAL,LOW,HIGH,HIGH,NORMAL,FALSE,NORMAL,NORMAL,NORMAL,NORMAL,ZERO,FALSE,LOW,ZERO,LOW,HIGH,FALSE,FALSE,HIGH,NORMAL,LOW,FALSE,HIGH,ZERO,NORMAL,FALSE,NORMAL
FALSE,FALSE,NORMAL,FALSE,HIGH,FALSE,HIGH,NORMAL,NORMAL,HIGH,NORMAL,LOW,HIGH,HIGH,NORMAL,FALSE,NORMAL,NORMAL,HIGH,NORMAL,ZERO,FALSE,LOW,ZERO,LOW,HIGH,FALSE,FALSE,HIGH,NORMAL,LOW,FALSE,HIGH,ZERO,NORMAL,FALSE,NORMAL
FALSE,FALSE,NORMAL,FALSE,HIGH,FALSE,HIGH,HIGH,NORMAL,LOW,NORMAL,LOW,HIGH,LOW,NORMAL,FALSE,NORMAL,NORMAL,NORMAL,NORMAL,ZERO,FALSE,LOW,ZERO,LOW,HIGH,FALSE,FALSE,HIGH,NORMAL,LOW,FALSE,HIGH,ZERO,LOW,FALSE,NORMAL
TRUE,FALSE,NORMAL,FALSE,LOW,FALSE,HIGH,HIGH,NORMAL,LOW,NORMAL,ZERO,HIGH,HIGH,NORMAL,FALSE,NORMAL,NORMAL,LOW,NORMAL,LOW,FALSE,HIGH,HIGH,LOW,HIGH,FALSE,FALSE,HIGH,NORMAL,HIGH,FALSE,HIGH,HIGH,NORMAL,FALSE,NORMAL
TRUE,TRUE,NORMAL,FALSE,LOW,FALSE,HIGH,HIGH,NORMAL,LOW,NORMAL,ZERO,HIGH,HIGH,NORMAL,FALSE,HIGH,NORMAL,LOW,NORMAL,LOW,FALSE,HIGH,HIGH,LOW,HIGH,FALSE,FALSE,HIGH,HIGH,HIGH,FALSE,HIGH,HIGH,NORMAL,FALSE,NORMAL
FALSE,FALSE,NORMAL,FALSE,HIGH,FALSE,HIGH,LOW,NORMAL,HIGH,NORMAL,LOW,HIGH,HIGH,NORMAL,FALSE,NORMAL,NORMAL,NORMAL,NORMAL,ZERO,FALSE,LOW,ZERO,LOW,HIGH,FALSE,FALSE,HIGH,NORMAL,LOW,FALSE,HIGH,ZERO,NORMAL,FALSE,NORMAL
FALSE,TRUE,NORMAL,FALSE,HIGH,FALSE,HIGH,HIGH,LOW,NORMAL,NORMAL,LOW,HIGH,LOW,ONESIDED,FALSE,HIGH,NORMAL,HIGH,NORMAL,LOW,FALSE,LOW,ZERO,NORMAL,HIGH,FALSE,TRUE,HIGH,HIGH,LOW,FALSE,HIGH,LOW,LOW,FALSE,HIGH
FALSE,FALSE,NORMAL,FALSE,HIGH,FALSE,HIGH,HIGH,NORMAL,LOW,NORMAL,LOW,HIGH,HIGH,NORMAL,FALSE,NORMAL,NORMAL,LOW,NORMAL,ZERO,FALSE,LOW,ZERO,LOW,HIGH,FALSE,FALSE,HIGH,NORMAL,LOW,FALSE,HIGH,ZERO,NORMAL,FALSE,NORMAL
FALSE,FALSE,HIGH,FALSE,HIGH,TRUE,HIGH,NORMAL,NORMAL,LOW,NORMAL,LOW,HIGH,HIGH,NORMAL,FALSE,NORMAL,NORMAL,LOW,NORMAL,ZERO,FALSE,LOW,ZERO,LOW,NORMAL,FALSE,FALSE,NORMAL,NORMAL,LOW,FALSE,HIGH,ZERO,NORMAL,FALSE,NORMAL
FALSE,FALSE,NORMAL,FALSE,HIGH,TRUE,LOW,LOW,NORMAL,NORMAL,NORMAL,LOW,NORMAL,NORMAL,NORMAL,FALSE,HIGH,NORMAL,NORMAL,NORMAL,ZERO,FALSE,LOW,ZERO,LOW,LOW,FALSE,FALSE,NORMAL,NORMAL,LOW,FALSE,NORMAL,ZERO,NORMAL,FALSE,NORMAL
FALSE,FALSE,NORMAL,FALSE,HIGH,FALSE,LOW,NORMAL,NORMAL,LOW,NORMAL,LOW,HIGH,NORMAL,NORMAL,FALSE,NORMAL,NORMAL,LOW,NORMAL,ZERO,FALSE,LOW,ZERO,LOW,LOW,FALSE,FALSE,LOW,NORMAL,LOW,FALSE,NORMAL,ZERO,NORMAL,FALSE,NORMAL
FALSE,FALSE,NORMAL,FALSE,HIGH,TRUE,LOW,HIGH,NORMAL,NORMAL,NORMAL,LOW,NORMAL,LOW,NORMAL,FALSE,HIGH,NORMAL,HIGH,NORMAL,ZERO,FALSE,LOW,ZERO,LOW,LOW,FALSE,TRUE,LOW,HIGH,LOW,FALSE,NORMAL,ZERO,LOW,FALSE,NORMAL
FALSE,FALSE,NORMAL,FALSE,HIGH,FALSE,HIGH,HIGH,NORMAL,NORMAL,NORMAL,LOW,HIGH,NORMAL,NORMAL,TRUE,NORMAL,NORMAL,HIGH,NORMAL,ZERO,FALSE,LOW,ZERO,LOW,LOW,FALSE,FALSE,LOW,NORMAL,LOW,FALSE,NORMAL,ZERO,NORMAL,FALSE,NORMAL
FALSE,FALSE,NORMAL,FALSE,HIGH,FALSE,HIGH,LOW,NORMAL,NORMAL,NORMAL,LOW,HIGH,NORMAL,NORMAL,FALSE,NORMAL,NORMAL,HIGH,NORMAL,ZERO,FALSE,LOW,ZERO,LOW,HIGH,FALSE,TRUE,HIGH,NORMAL,LOW,FALSE,HIGH,ZERO,LOW,FALSE,NORMAL
FALSE,FALSE,NORMAL,FALSE,HIGH,FALSE,HIGH,ZERO,NORMAL,HIGH,NORMAL,LOW,HIGH,HIGH,ESOPHAGEAL,FALSE,NORMAL,NORMAL,HIGH,NORMAL,LOW,FALSE,LOW,ZERO,NORMAL,HIGH,FALSE,FALSE,HIGH,NORMAL,LOW,FALSE,HIGH,ZERO,NORMAL,FALSE,NORMAL
TRUE,FALSE,NORMAL,FALSE,NORMAL,FALSE,HIGH,LOW,NORMAL,HIGH,HIGH,NORMAL,HIGH,HIGH,ONESIDED,FALSE,NORMAL,HIGH,NORMAL,LOW,ZERO,FALSE,LOW,NORMAL,LOW,HIGH,FALSE,FALSE,HIGH,NORMAL,LOW,FALSE,HIGH,NORMAL,NORMAL,FALSE,HIGH
TRUE,FALSE,NORMAL,FALSE,LOW,FALSE,HIGH,HIGH,NORMAL,HIGH,NORMAL,ZERO,HIGH,HIGH,NORMAL,FALSE,NORMAL,NORMAL,NORMAL,NORMAL,LOW,FALSE,HIGH,HIGH,LOW,HIGH,FALSE,FALSE,HIGH,NORMAL,HIGH,FALSE,HIGH,HIGH,NORMAL,FALSE,NORMAL
FALSE,TRUE,NORMAL,FALSE,HIGH,FALSE,HIGH,HIGH,NORMAL,HIGH,LOW,ZERO,HIGH,HIGH,NORMAL,FALSE,NORMAL,NORMAL,HIGH,NORMAL,ZERO,FALSE,LOW,ZERO,LOW,HIGH,FALSE,FALSE,HIGH,NORMAL,LOW,FALSE,HIGH,ZERO,NORMAL,FALSE,NORMAL
FALSE,FALSE,NORMAL,FALSE,HIGH,FALSE,HIGH,HIGH,NORMAL,NORMAL,NORMAL,LOW,HIGH,HIGH,NORMAL,FALSE,NORMAL,NORMAL,NORMAL,NORMAL,ZERO,FALSE,LOW,ZERO,LOW,HIGH,FALSE,FALSE,HIGH,NORMAL,LOW,FALSE,HIGH,ZERO,HIGH,FALSE,NORMAL
TRUE,FALSE,NORMAL,FALSE,HIGH,FALSE,HIGH,HIGH,NORMAL,HIGH,NORMAL,ZERO,HIGH,HIGH,NORMAL,FALSE,NORMAL,NORMAL,HIGH,NORMAL,ZERO,FALSE,LOW,ZERO,LOW,HIGH,FALSE,FALSE,HIGH,NORMAL,LOW,FALSE,HIGH,ZERO,NORMAL,FALSE,NORMAL
FALSE,FALSE,NORMAL,FALSE,HIGH,FALSE,LOW,HIGH,NORMAL,NORMAL,NORMAL,LOW,HIGH,LOW,NORMAL,FALSE,HIGH,NORMAL,HIGH,HIGH,ZERO,FALSE,LOW,ZERO,LOW,LOW,FALSE,TRUE,LOW,HIGH,LOW,FALSE,NORMAL,ZERO,LOW,FALSE,HIGH
TRUE,FALSE,NORMAL,FALSE,LOW,FALSE,HIGH,HIGH,NORMAL,HIGH,NORMAL,ZERO,HIGH,HIGH,NORMAL,FALSE,HIGH,NORMAL,NORMAL,HIGH,LOW,FALSE,HIGH,HIGH,LOW,HIGH,FALSE,TRUE,HIGH,HIGH,HIGH,FALSE,HIGH,HIGH,NORMAL,FALSE,NORMAL
FALSE,TRUE,NORMAL,FALSE,HIGH,FALSE,HIGH,HIGH,NORMAL,LOW,NORMAL,LOW,HIGH,HIGH,NORMAL,FALSE,NORMAL,NORMAL,LOW,NORMAL,ZERO,FALSE,LOW,ZERO,LOW,HIGH,FALSE,FALSE,HIGH,NORMAL,LOW,FALSE,HIGH,ZERO,NORMAL,FALSE,NORMAL
FALSE,FALSE,NORMAL,TRUE,HIGH,FALSE,NORMAL,LOW,NORMAL,LOW,NORMAL,LOW,HIGH,LOW,NORMAL,TRUE,LOW,NORMAL,NORMAL,LOW,ZERO,FALSE,LOW,ZERO,LOW,HIGH,TRUE,FALSE,HIGH,LOW,LOW,FALSE,HIGH,LOW,LOW,FALSE,NORMAL
FALSE,FALSE,NORMAL,FALSE,HIGH,FALSE,LOW,LOW,NORMAL,LOW,NORMAL,LOW,HIGH,HIGH,NORMAL,TRUE,LOW,NORMAL,LOW,LOW,ZERO,FALSE,LOW,ZERO,LOW,HIGH,FALSE,FALSE,HIGH,NORMAL,LOW,FALSE,HIGH,ZERO,NORMAL,FALSE,NORMAL
FALSE,FALSE,NORMAL,FALSE,HIGH,FALSE,HIGH,LOW,NORMAL,HIGH,NORMAL,LOW,HIGH,HIGH,NORMAL,FALSE,NORMAL,NORMAL,NORMAL,NORMAL,ZERO,FALSE,LOW,ZERO,LOW,HIGH,FALSE,FALSE,HIGH,NORMAL,LOW,FALSE,HIGH,ZERO,NORMAL,FALSE,NORMAL
FALSE,FALSE,NORMAL,FALSE,HIGH,TRUE,HIGH,LOW,NORMAL,HIGH,NORMAL,LOW,HIGH,HIGH,NORMAL,FALSE,LOW,NORMAL,NORMAL,LOW,ZERO,FALSE,LOW,ZERO,LOW,NORMAL,FALSE,FALSE,NORMAL,LOW,LOW,FALSE,HIGH,ZERO,NORMAL,FALSE,NORMAL
FALSE,FALSE,NORMAL,FALSE,HIGH,FALSE,HIGH,HIGH,NORMAL,HIGH,NORMAL,LOW,HIGH,HIGH,ONESIDED,FALSE,NORMAL,NORMAL,HIGH,LOW,LOW,FALSE,LOW,LOW,NORMAL,HIGH,FALSE,FALSE,HIGH,NORMAL,HIGH,FALSE,HIGH,LOW,NORMAL,FALSE,HIGH
FALSE,FALSE,NORMAL,FALSE,HIGH,FALSE,LOW,HIGH,NORMAL,NORMAL,NORMAL,LOW,HIGH,NORMAL,ONESIDED,FALSE,NORMAL,NORMAL,NORMAL,NORMAL,LOW,FALSE,LOW,LOW,NORMAL,LOW,FALSE,FALSE,LOW,NORMAL,LOW,FALSE,NORMAL,LOW,NORMAL,FALSE,HIGH
FALSE,FALSE,NORMAL,FALSE,HIGH,FALSE,HIGH,NORMAL,NORMAL,LOW,NORMAL,LOW,HIGH,LOW,NORMAL,FALSE,NORMAL,NORMAL,NORMAL,NORMAL,ZERO,FALSE,LOW,ZERO,NORMAL,HIGH,FALSE,FALSE,HIGH,NORMAL,LOW,FALSE,HIGH,ZERO,NORMAL,FALSE,NORMAL
FALSE,FALSE,NORMAL,FALSE,HIGH,TRUE,LOW,HIGH,NORMAL,LOW,NORMAL,LOW,HIGH,LOW,NORMAL,FALSE,NORMAL,NORMAL,NORMAL,NORMAL,ZERO,FALSE,LOW,ZERO,LOW,LOW,FALSE,FALSE,NORMAL,NORMAL,LOW,FALSE,LOW,ZERO,NORMAL,TRUE,NORMAL
FALSE,FALSE,NORMAL,FALSE,LOW,FALSE,LOW,LOW,NORMAL,HIGH,HIGH,HIGH,NORMAL,NORMAL,NORMAL,FALSE,NORMAL,HIGH,HIGH,LOW,LOW,FALSE,HIGH,HIGH,LOW,LOW,FALSE,FALSE,LOW,NORMAL,HIGH,FALSE,NORMAL,HIGH,NORMAL,FALSE,NORMAL
FALSE,FALSE,NORMAL,FALSE,HIGH,FALSE,HIGH,HIGH,NORMAL,NORMAL,NORMAL,LOW,HIGH,HIGH,NORMAL,FALSE,NORMAL,NORMAL,LOW,NORMAL,ZERO,FALSE,NORMAL,ZERO,LOW,HIGH,FALSE,FALSE,HIGH,NORMAL,NORMAL,FALSE,HIGH,ZERO,NORMAL,FALSE,NORMAL
FALSE,FALSE,NORMAL,FALSE,LOW,FALSE,HIGH,HIGH,NORMAL,HIGH,ZERO,ZERO,HIGH,HIGH,NORMAL,FALSE,NORMAL,NORMAL,NORMAL,NORMAL,LOW,FALSE,HIGH,HIGH,LOW,HIGH,FALSE,FALSE,HIGH,NORMAL,HIGH,FALSE,HIGH,HIGH,NORMAL,FALSE,NORMAL
FALSE,FALSE,NORMAL,FALSE,HIGH,FALSE,HIGH,LOW,NORMAL,LOW,NORMAL,LOW,HIGH,HIGH,NORMAL,FALSE,NORMAL,NORMAL,NORMAL,LOW,ZERO,FALSE,LOW,ZERO,LOW,HIGH,FALSE,FALSE,HIGH,NORMAL,LOW,FALSE,HIGH,ZERO,NORMAL,FALSE,NORMAL
FALSE,FALSE,NORMAL,FALSE,NORMAL,FALSE,HIGH,NORMAL,NORMAL,LOW,NORMAL,LOW,HIGH,HIGH,NORMAL,FALSE,NORMAL,NORMAL,LOW,HIGH,NORMAL,FALSE,LOW,LOW,NORMAL,HIGH,FALSE,TRUE,HIGH,HIGH,LOW,FALSE,HIGH,NORMAL,NORMAL,FALSE,NORMAL
FALSE,FALSE,NORMAL,FALSE,HIGH,TRUE,LOW,HIGH,NORMAL,HIGH,ZERO,ZERO,HIGH,NORMAL,NORMAL,FALSE,NORMAL,HIGH,HIGH,NORMAL,ZERO,FALSE,LOW,ZERO,LOW,HIGH,FALSE,FALSE,HIGH,NORMAL,LOW,FALSE,NORMAL,ZERO,NORMAL,FALSE,NORMAL
FALSE,FALSE,HIGH,FALSE,HIGH,FALSE,HIGH,NORMAL,NORMAL,HIGH,NORMAL,LOW,HIGH,HIGH,NORMAL,FALSE,LOW,NORMAL,NORMAL,LOW,ZERO,FALSE,LOW,ZERO,LOW,HIGH,FALSE,FALSE,HIGH,LOW,LOW,FALSE,HIGH,ZERO,NORMAL,FALSE,NORMAL
FALSE,FALSE,NORMAL,FALSE,HIGH,FALSE,NORMAL,HIGH,NORMAL,NORMAL,NORMAL,LOW,HIGH,HIGH,NORMAL,TRUE,NORMAL,NORMAL,LOW,NORMAL,ZERO,FALSE,LOW,ZERO,LOW,HIGH,FALSE,FALSE,HIGH,NORMAL,LOW,FALSE,HIGH,ZERO,NORMAL,FALSE,NORMAL
FALSE,FALSE,NORMAL,FALSE,HIGH,FALSE,HIGH,HIGH,NORMAL,HIGH,HIGH,HIGH,HIGH,HIGH,ONESIDED,FALSE,HIGH,HIGH,NORMAL,HIGH,HIGH,FALSE,LOW,HIGH,HIGH,HIGH,FALSE,TRUE,HIGH,HIGH,LOW,FALSE,HIGH,LOW,NORMAL,FALSE,HIGH
FALSE,FALSE,NORMAL,FALSE,HIGH,FALSE,HIGH,HIGH,NORMAL,LOW,NORMAL,LOW,HIGH,NORMAL,ESOPHAGEAL,FALSE,NORMAL,NORMAL,LOW,NORMAL,ZERO,FALSE,LOW,LOW,LOW,HIGH,FALSE,FALSE,HIGH,NORMAL,LOW,FALSE,HIGH,LOW,NORMAL,FALSE,NORMAL
FALSE,FALSE,NORMAL,FALSE,HIGH,FALSE,HIGH,HIGH,NORMAL,HIGH,NORMAL,LOW,HIGH,HIGH,ONESIDED,FALSE,NORMAL,NORMAL,NORMAL,NORMAL,LOW,FALSE,LOW,ZERO,NORMAL,HIGH,FALSE,FALSE,HIGH,NORMAL,LOW,FALSE,HIGH,LOW,NORMAL,FALSE,HIGH
FALSE,FALSE,LOW,FALSE,HIGH,FALSE,HIGH,LOW,NORMAL,NORMAL,NORMAL,LOW,HIGH,HIGH,NORMAL,FALSE,NORMAL,NORMAL,NORMAL,NORMAL,ZERO,FALSE,LOW,ZERO,LOW,HIGH,FALSE,FALSE,HIGH,NORMAL,LOW,FALSE,HIGH,ZERO,NORMAL,FALSE,NORMAL
FALSE,FALSE,NORMAL,FALSE,HIGH,FALSE,HIGH,HIGH,NORMAL,LOW,HIGH,HIGH,HIGH,HIGH,ONESIDED,FALSE,NORMAL,HIGH,LOW,NORMAL,HIGH,FALSE,LOW,HIGH,HIGH,HIGH,FALSE,FALSE,HIGH,NORMAL,LOW,FALSE,HIGH,LOW,NORMAL,FALSE,HIGH
FALSE,FALSE,NORMAL,FALSE,HIGH,FALSE,LOW,HIGH,NORMAL,HIGH,NORMAL,LOW,HIGH,LOW,NORMAL,FALSE,NORMAL,NORMAL,NORMAL,NORMAL,ZERO,FALSE,LOW,ZERO,LOW,NORMAL,FALSE,FALSE,HIGH,NORMAL,LOW,FALSE,HIGH,ZERO,LOW,FALSE,NORMAL
FALSE,FALSE,NORMAL,FALSE,HIGH,FALSE,HIGH,LOW,NORMAL,HIGH,NORMAL,LOW,HIGH,HIGH,NORMAL,FALSE,NORMAL,NORMAL,HIGH,NORMAL,ZERO,FALSE,LOW,ZERO,LOW,HIGH,FALSE,FALSE,HIGH,NORMAL,LOW,FALSE,HIGH,ZERO,NORMAL,FALSE,NORMAL
TRUE,FALSE,NORMAL,FALSE,LOW,FALSE,HIGH,HIGH,NORMAL,LOW,NORMAL,ZERO,HIGH,HIGH,NORMAL,FALSE,LOW,NORMAL,LOW,LOW,LOW,FALSE,HIGH,HIGH,LOW,HIGH,FALSE,FALSE,HIGH,LOW,HIGH,FALSE,HIGH,HIGH,NORMAL,FALSE,NORMAL
FALSE,FALSE,NORMAL,FALSE,LOW,FALSE,LOW,LOW,NORMAL,LOW,HIGH,HIGH,NORMAL,NORMAL,NORMAL,FALSE,NORMAL,HIGH,HIGH,NORMAL,LOW,FALSE,HIGH,HIGH,LOW,LOW,FALSE,FALSE,LOW,NORMAL,HIGH,FALSE,NORMAL,HIGH,NORMAL,FALSE,NORMAL
FALSE,FALSE,NORMAL,FALSE,HIGH,TRUE,LOW,HIGH,NORMAL,HIGH,NORMAL,LOW,NORMAL,NORMAL,NORMAL,FALSE,NORMAL,NORMAL,HIGH,NORMAL,ZERO,FALSE,LOW,ZERO,LOW,NORMAL,FALSE,FALSE,HIGH,NORMAL,LOW,FALSE,NORMAL,ZERO,NORMAL,FALSE,NORMAL
FALSE,FALSE,NORMAL,FALSE,HIGH,TRUE,HIGH,HIGH,NORMAL,LOW,NORMAL,LOW,HIGH,HIGH,NORMAL,FALSE,NORMAL,NORMAL,LOW,NORMAL,ZERO,FALSE,LOW,ZERO,LOW,NORMAL,FALSE,FALSE,HIGH,NORMAL,LOW,FALSE,HIGH,ZERO,HIGH,FALSE,NORMAL
FALSE,FALSE,NORMAL,FALSE,HIGH,FALSE,HIGH,HIGH,NORMAL,NORMAL,NORMAL,LOW,HIGH,HIGH,NORMAL,FALSE,NORMAL,NORMAL,NORMAL,NORMAL,ZERO,FALSE,LOW,ZERO,LOW,HIGH,FALSE,FALSE,HIGH,NORMAL,LOW,FALSE,HIGH,ZERO,NORMAL,FALSE,NORMAL
FALSE,FALSE,NORMAL,FALSE,HIGH,FALSE,HIGH,LOW,NORMAL,LOW,NORMAL,LOW,HIGH,HIGH,NORMAL,FALSE,NORMAL,NORMAL,HIGH,NORMAL,ZERO,FALSE,LOW,ZERO,LOW,HIGH,FALSE,FALSE,HIGH,NORMAL,LOW,FALSE,HIGH,ZERO,NORMAL,FALSE,NORMAL
FALSE,FALSE,NORMAL,FALSE,NORMAL,FALSE,HIGH,HIGH,NORMAL,LOW,NORMAL,LOW,HIGH,LOW,ONESIDED,FALSE,NORMAL,NORMAL,NORMAL,NORMAL,ZERO,FALSE,LOW,NORMAL,LOW,HIGH,FALSE,FALSE,HIGH,NORMAL,LOW,FALSE,HIGH,NORMAL,LOW,FALSE,HIGH
FALSE,FALSE,NORMAL,FALSE,HIGH,FALSE,HIGH,LOW,NORMAL,LOW,NORMAL,LOW,HIGH,LOW,NORMAL,FALSE,HIGH,NORMAL,NORMAL,HIGH,ZERO,FALSE,LOW,ZERO,LOW,HIGH,FALSE,TRUE,HIGH,HIGH,LOW,FALSE,HIGH,ZERO,LOW,FALSE,HIGH
FALSE,FALSE,NORMAL,FALSE,HIGH,FALSE,HIGH,HIGH,NORMAL,LOW,NORMAL,LOW,HIGH,LOW,NORMAL,FALSE,HIGH,NORMAL,NORMAL,HIGH,ZERO,FALSE,LOW,ZERO,LOW,HIGH,FALSE,TRUE,HIGH,HIGH,LOW,FALSE,HIGH,ZERO,LOW,FALSE,NORMAL
FALSE,FALSE,NORMAL,FALSE,NORMAL,FALSE,HIGH,NORMAL,NORMAL,HIGH,NORMAL,LOW,HIGH,HIGH,NORMAL,FALSE,HIGH,NORMAL,NORMAL,HIGH,ZERO,FALSE,LOW,ZERO,LOW,HIGH,FALSE,TRUE,HIGH,HIGH,LOW,FALSE,HIGH,ZERO,NORMAL,FALSE,NORMAL
TRUE,FALSE,NORMAL,FALSE,NORMAL,FALSE,HIGH,LOW,NORMAL,HIGH,NORMAL,ZERO,HIGH,HIGH,ONESIDED,FALSE,NORMAL,NORMAL,NORMAL,NORMAL,ZERO,FALSE,LOW,NORMAL,LOW,HIGH,FALSE,FALSE,HIGH,NORMAL,LOW,FALSE,HIGH,NORMAL,NORMAL,FALSE,HIGH
FALSE,FALSE,NORMAL,FALSE,LOW,FALSE,HIGH,LOW,NORMAL,HIGH,NORMAL,LOW,HIGH,HIGH,NORMAL,FALSE,NORMAL,NORMAL,NORMAL,NORMAL,LOW,FALSE,HIGH,HIGH,LOW,HIGH,FALSE,FALSE,HIGH,NORMAL,HIGH,FALSE,HIGH,HIGH,NORMAL,FALSE,NORMAL
FALSE,FALSE,NORMAL,FALSE,HIGH,FALSE,HIGH,NORMAL,NORMAL,HIGH,NORMAL,LOW,HIGH,HIGH,NORMAL,FALSE,NORMAL,NORMAL,HIGH,NORMAL,ZERO,FALSE,LOW,ZERO,LOW,HIGH,FALSE,FALSE,HIGH,NORMAL,LOW,FALSE,HIGH,ZERO,NORMAL,FALSE,NORMAL
FALSE,FALSE,NORMAL,FALSE,HIGH,FALSE,HIGH,NORMAL,NORMAL,HIGH,NORMAL,LOW,HIGH,HIGH,NORMAL,FALSE,NORMAL,NORMAL,NORMAL,NORMAL,ZERO,FALSE,LOW,ZERO,LOW,HIGH,FALSE,FALSE,HIGH,NORMAL,LOW,FALSE,HIGH,ZERO,NORMAL,FALSE,NORMAL
FALSE,FALSE,NORMAL,FALSE,HIGH,FALSE,NORMAL,LOW,NORMAL,LOW,NORMAL,LOW,HIGH,HIGH,NORMAL,TRUE,HIGH,NORMAL,LOW,HIGH,ZERO,FALSE,LOW,ZERO,LOW,HIGH,FALSE,TRUE,HIGH,HIGH,LOW,FALSE,HIGH,ZERO,NORMAL,FALSE,NORMAL
FALSE,TRUE,NORMAL,FALSE,HIGH,FALSE,HIGH,NORMAL,NORMAL,HIGH,NORMAL,LOW,HIGH,HIGH,NORMAL,FALSE,HIGH,NORMAL,NORMAL,LOW,ZERO,FALSE,LOW,ZERO,LOW,HIGH,FALSE,FALSE,HIGH,HIGH,LOW,FALSE,HIGH,ZERO,NORMAL,FALSE,NORMAL
FALSE,TRUE,LOW,FALSE,NORMAL,TRUE,HIGH,HIGH,NORMAL,LOW,NORMAL,LOW,HIGH,HIGH,NORMAL,FALSE,HIGH,NORMAL,LOW,HIGH,NORMAL,FALSE,LOW,ZERO,NORMAL,NORMAL,FALSE,TRUE,NORMAL,HIGH,LOW,FALSE,HIGH,NORMAL,NORMAL,FALSE,NORMAL
FALSE,FALSE,NORMAL,FALSE,HIGH,FALSE,NORMAL,HIGH,NORMAL,LOW,NORMAL,LOW,HIGH,HIGH,NORMAL,TRUE,NORMAL,NORMAL,LOW,NORMAL,ZERO,FALSE,LOW,HIGH,LOW,LOW,FALSE,FALSE,HIGH,NORMAL,LOW,FALSE,HIGH,ZERO,NORMAL,FALSE,NORMAL
FALSE,FALSE,NORMAL,FALSE,HIGH,FALSE,HIGH,HIGH,NORMAL,LOW,NORMAL,LOW,HIGH,HIGH,NORMAL,FALSE,NORMAL,NORMAL,NORMAL,NORMAL,ZERO,FALSE,LOW,ZERO,NORMAL,HIGH,FALSE,FALSE,HIGH,NORMAL,LOW,FALSE,HIGH,ZERO,HIGH,FALSE,NORMAL
FALSE,TRUE,LOW,FALSE,HIGH,FALSE,HIGH,HIGH,NORMAL,LOW,NORMAL,LOW,HIGH,HIGH,NORMAL,FALSE,NORMAL,NORMAL,LOW,NORMAL,ZERO,FALSE,LOW,ZERO,LOW,HIGH,FALSE,FALSE,HIGH,NORMAL,LOW,FALSE,HIGH,ZERO,NORMAL,FALSE,NORMAL
FALSE,FALSE,HIGH,FALSE,HIGH,FALSE,HIGH,LOW,NORMAL,HIGH,NORMAL,LOW,HIGH,HIGH,NORMAL,FALSE,NORMAL,NORMAL,HIGH,NORMAL,ZERO,FALSE,LOW,ZERO,LOW,HIGH,FALSE,FALSE,HIGH,NORMAL,LOW,FALSE,HIGH,ZERO,NORMAL,FALSE,HIGH
FALSE,FALSE,NORMAL,FALSE,HIGH,FALSE,HIGH,NORMAL,NORMAL,LOW,NORMAL,LOW,HIGH,HIGH,NORMAL,FALSE,LOW,NORMAL,LOW,LOW,ZERO,FALSE,LOW,ZERO,LOW,HIGH,FALSE,FALSE,HIGH,LOW,LOW,FALSE,HIGH,ZERO,NORMAL,FALSE,NORMAL
TRUE,FALSE,NORMAL,FALSE,HIGH,FALSE,LOW,HIGH,NORMAL,LOW,NORMAL,ZERO,HIGH,NORMAL,NORMAL,FALSE,NORMAL,NORMAL,LOW,NORMAL,ZERO,FALSE,LOW,ZERO,LOW,LOW,FALSE,FALSE,NORMAL,NORMAL,LOW,FALSE,NORMAL,ZERO,NORMAL,FALSE,NORMAL
TRUE,FALSE,NORMAL,FALSE,LOW,TRUE,HIGH,LOW,NORMAL,NORMAL,NORMAL,HIGH,HIGH,HIGH,NORMAL,FALSE,HIGH,NORMAL,LOW,HIGH,LOW,FALSE,HIGH,HIGH,LOW,NORMAL,FALSE,TRUE,NORMAL,HIGH,HIGH,FALSE,HIGH,HIGH,NORMAL,FALSE,NORMAL
FALSE,FALSE,NORMAL,FALSE,HIGH,FALSE,HIGH,HIGH,NORMAL,HIGH,NORMAL,LOW,HIGH,HIGH,NORMAL,FALSE,NORMAL,NORMAL,HIGH,NORMAL,ZERO,FALSE,LOW,ZERO,LOW,HIGH,FALSE,FALSE,HIGH,NORMAL,LOW,FALSE,HIGH,ZERO,NORMAL,FALSE,NORMAL
FALSE,FALSE,LOW,FALSE,HIGH,FALSE,LOW,LOW,NORMAL,LOW,NORMAL,LOW,NORMAL,NORMAL,NORMAL,FALSE,NORMAL,NORMAL,LOW,NORMAL,ZERO,FALSE,LOW,ZERO,LOW,LOW,FALSE,FALSE,LOW,NORMAL,LOW,FALSE,NORMAL,ZERO,NORMAL,FALSE,NORMAL
FALSE,FALSE,NORMAL,FALSE,HIGH,FALSE,HIGH,HIGH,NORMAL,HIGH,NORMAL,LOW,HIGH,HIGH,NORMAL,FALSE,NORMAL,NORMAL,HIGH,NORMAL,ZERO,FALSE,LOW,ZERO,LOW,HIGH,FALSE,FALSE,HIGH,NORMAL,LOW,FALSE,HIGH,ZERO,NORMAL,FALSE,NORMAL
FALSE,FALSE,NORMAL,FALSE,HIGH,FALSE,HIGH,HIGH,NORMAL,HIGH,LOW,ZERO,HIGH,HIGH,NORMAL,FALSE,NORMAL,LOW,HIGH,NORMAL,ZERO,FALSE,LOW,ZERO,LOW,HIGH,FALSE,FALSE,HIGH,NORMAL,LOW,FALSE,HIGH,ZERO,HIGH,FALSE,NORMAL
FALSE,FALSE,NORMAL,FALSE,HIGH,TRUE,LOW,LOW,NORMAL,LOW,NORMAL,LOW,HIGH,LOW,NORMAL,FALSE,NORMAL,NORMAL,NORMAL,NORMAL,ZERO,FALSE,LOW,ZERO,LOW,NORMAL,FALSE,FALSE,LOW,NORMAL,LOW,FALSE,NORMAL,ZERO,LOW,FALSE,NORMAL
FALSE,FALSE,NORMAL,FALSE,LOW,FALSE,HIGH,HIGH,NORMAL,LOW,LOW,ZERO,HIGH,HIGH,NORMAL,FALSE,NORMAL,LOW,LOW,NORMAL,LOW,FALSE,HIGH,HIGH,LOW,HIGH,FALSE,FALSE,HIGH,NORMAL,HIGH,FALSE,HIGH,HIGH,NORMAL,FALSE,NORMAL
FALSE,FALSE,NORMAL,FALSE,HIGH,FALSE,HIGH,HIGH,NORMAL,LOW,NORMAL,LOW,HIGH,HIGH,NORMAL,FALSE,NORMAL,NORMAL,LOW,NORMAL,ZERO,FALSE,LOW,ZERO,LOW,HIGH,FALSE,FALSE,HIGH,NORMAL,LOW,FALSE,HIGH,ZERO,NORMAL,FALSE,NORMAL
FALSE,FALSE,NORMAL,TRUE,HIGH,FALSE,HIGH,LOW,NORMAL,LOW,NORMAL,LOW,HIGH,LOW,NORMAL,FALSE,LOW,NORMAL,LOW,LOW,ZERO,FALSE,LOW,ZERO,LOW,HIGH,TRUE,TRUE,HIGH,LOW,LOW,FALSE,HIGH,ZERO,LOW,FALSE,NORMAL
FALSE,FALSE,NORMAL,FALSE,LOW,FALSE,LOW,NORMAL,NORMAL,HIGH,NORMAL,LOW,HIGH,HIGH,NORMAL,FALSE,NORMAL,NORMAL,NORMAL,NORMAL,LOW,FALSE,NORMAL,HIGH,LOW,HIGH,FALSE,FALSE,HIGH,NORMAL,NORMAL,FALSE,HIGH,HIGH,NORMAL,FALSE,NORMAL
FALSE,FALSE,NORMAL,FALSE,HIGH,FALSE,HIGH,HIGH,NORMAL,LOW,NORMAL,LOW,HIGH,HIGH,NORMAL,FALSE,NORMAL,NORMAL,LOW,NORMAL,ZERO,FALSE,LOW,ZERO,LOW,HIGH,FALSE,FALSE,HIGH,NORMAL,LOW,FALSE,HIGH,ZERO,NORMAL,FALSE,NORMAL
FALSE,FALSE,NORMAL,FALSE,HIGH,FALSE,LOW,LOW,NORMAL,HIGH,NORMAL,LOW,NORMAL,NORMAL,NORMAL,FALSE,NORMAL,NORMAL,HIGH,NORMAL,ZERO,FALSE,LOW,ZERO,LOW,LOW,FALSE,TRUE,LOW,NORMAL,LOW,FALSE,NORMAL,ZERO,NORMAL,FALSE,NORMAL
TRUE,FALSE,NORMAL,FALSE,HIGH,FALSE,HIGH,HIGH,NORMAL,HIGH,NORMAL,ZERO,HIGH,HIGH,NORMAL,FALSE,NORMAL,NORMAL,NORMAL,NORMAL,HIGH,FALSE,LOW,HIGH,HIGH,HIGH,FALSE,FALSE,HIGH,NORMAL,LOW,FALSE,HIGH,LOW,NORMAL,FALSE,NORMAL
FALSE,FALSE,NORMAL,FALSE,LOW,FALSE,HIGH,LOW,NORMAL,LOW,HIGH,HIGH,HIGH,HIGH,NORMAL,FALSE,HIGH,NORMAL,LOW,HIGH,LOW,FALSE,LOW,HIGH,ZERO,HIGH,FALSE,TRUE,HIGH,HIGH,LOW,FALSE,HIGH,HIGH,NORMAL,FALSE,NORMAL
FALSE,TRUE,NORMAL,TRUE,HIGH,FALSE,HIGH,LOW,LOW,HIGH,NORMAL,LOW,HIGH,HIGH,NORMAL,FALSE,HIGH,NORMAL,HIGH,NORMAL,ZERO,FALSE,LOW,ZERO,LOW,HIGH,FALSE,TRUE,HIGH,HIGH,LOW,FALSE,HIGH,ZERO,NORMAL,FALSE,NORMAL
FALSE,FALSE,HIGH,FALSE,HIGH,FALSE,HIGH,LOW,NORMAL,NORMAL,NORMAL,LOW,HIGH,NORMAL,NORMAL,FALSE,NORMAL,NORMAL,NORMAL,NORMAL,ZERO,FALSE,LOW,ZERO,LOW,HIGH,FALSE,FALSE,HIGH,NORMAL,LOW,TRUE,HIGH,ZERO,NORMAL,FALSE,HIGH
FALSE,FALSE,NORMAL,FALSE,HIGH,TRUE,LOW,NORMAL,NORMAL,HIGH,NORMAL,LOW,HIGH,NORMAL,NORMAL,FALSE,NORMAL,NORMAL,HIGH,NORMAL,ZERO,FALSE,LOW,ZERO,LOW,LOW,FALSE,FALSE,HIGH,NORMAL,LOW,FALSE,NORMAL,ZERO,NORMAL,FALSE,NORMAL
FALSE,FALSE,NORMAL,FALSE,LOW,FALSE,LOW,HIGH,NORMAL,HIGH,NORMAL,LOW,NORMAL,HIGH,NORMAL,FALSE,NORMAL,NORMAL,HIGH,NORMAL,ZERO,FALSE,HIGH,ZERO,ZERO,LOW,FALSE,FALSE,LOW,NORMAL,HIGH,FALSE,NORMAL,HIGH,HIGH,FALSE,NORMAL
FALSE,FALSE,NORMAL,FALSE,HIGH,FALSE,HIGH,NORMAL,NORMAL,LOW,NORMAL,LOW,HIGH,HIGH,ESOPHAGEAL,FALSE,NORMAL,NORMAL,LOW,NORMAL,ZERO,FALSE,LOW,LOW,LOW,HIGH,FALSE,FALSE,HIGH,NORMAL,LOW,FALSE,HIGH,LOW,HIGH,FALSE,NORMAL
FALSE,FALSE,NORMAL,FALSE,HIGH,FALSE,HIGH,HIGH,NORMAL,HIGH,NORMAL,LOW,HIGH,HIGH,NORMAL,FALSE,NORMAL,NORMAL,NORMAL,NORMAL,ZERO,FALSE,LOW,ZERO,LOW,HIGH,FALSE,FALSE,HIGH,NORMAL,LOW,FALSE,HIGH,ZERO,NORMAL,FALSE,NORMAL
FALSE,FALSE,NORMAL,FALSE,HIGH,FALSE,NORMAL,HIGH,LOW,HIGH,NORMAL,LOW,HIGH,HIGH,NORMAL,TRUE,NORMAL,NORMAL,NORMAL,NORMAL,ZERO,FALSE,LOW,ZERO,LOW,HIGH,FALSE,FALSE,HIGH,NORMAL,LOW,FALSE,HIGH,ZERO,NORMAL,TRUE,NORMAL
FALSE,FALSE,NORMAL,FALSE,HIGH,FALSE,HIGH,LOW,LOW,LOW,NORMAL,LOW,HIGH,HIGH,NORMAL,FALSE,NORMAL,NORMAL,LOW,NORMAL,ZERO,FALSE,LOW,ZERO,LOW,NORMAL,FALSE,FALSE,HIGH,NORMAL,LOW,FALSE,HIGH,ZERO,NORMAL,FALSE,NORMAL
FALSE,FALSE,NORMAL,FALSE,LOW,FALSE,HIGH,HIGH,NORMAL,NORMAL,LOW,ZERO,HIGH,NORMAL,NORMAL,FALSE,HIGH,NORMAL,NORMAL,NORMAL,LOW,FALSE,HIGH,HIGH,LOW,HIGH,FALSE,TRUE,HIGH,HIGH,HIGH,FALSE,HIGH,HIGH,LOW,FALSE,NORMAL
FALSE,FALSE,NORMAL,FALSE,HIGH,FALSE,HIGH,HIGH,NORMAL,LOW,NORMAL,LOW,HIGH,LOW,NORMAL,FALSE,HIGH,NORMAL,NORMAL,HIGH,ZERO,FALSE,LOW,ZERO,LOW,HIGH,FALSE,TRUE,HIGH,HIGH,LOW,FALSE,HIGH,ZERO,LOW,FALSE,NORMAL
FALSE,FALSE,NORMAL,FALSE,HIGH,FALSE,LOW,LOW,NORMAL,NORMAL,NORMAL,LOW,HIGH,NORMAL,NORMAL,FALSE,NORMAL,NORMAL,NORMAL,NORMAL,ZERO,FALSE,LOW,ZERO,LOW,LOW,FALSE,FALSE,LOW,NORMAL,LOW,FALSE,NORMAL,ZERO,NORMAL,FALSE,NORMAL
FALSE,TRUE,NORMAL,FALSE,HIGH,FALSE,HIGH,LOW,NORMAL,NORMAL,NORMAL,LOW,HIGH,HIGH,NORMAL,FALSE,NORMAL,NORMAL,HIGH,NORMAL,ZERO,FALSE,LOW,ZERO,LOW,HIGH,FALSE,FALSE,HIGH,NORMAL,LOW,FALSE,HIGH,ZERO,NORMAL,FALSE,NORMAL
FALSE,FALSE,NORMAL,FALSE,HIGH,FALSE,HIGH,NORMAL,NORMAL,NORMAL,NORMAL,LOW,HIGH,HIGH,NORMAL,FALSE,HIGH,NORMAL,LOW,HIGH,ZERO,FALSE,LOW,ZERO,LOW,HIGH,FALSE,FALSE,HIGH,HIGH,LOW,FALSE,HIGH,ZERO,NORMAL,FALSE,HIGH
FALSE,FALSE,NORMAL,FALSE,HIGH,FALSE,HIGH,NORMAL,NORMAL,HIGH,NORMAL,LOW,HIGH,HIGH,NORMAL,FALSE,HIGH,NORMAL,NORMAL,NORMAL,ZERO,FALSE,LOW,ZERO,LOW,HIGH,FALSE,TRUE,HIGH,HIGH,LOW,FALSE,HIGH,ZERO,NORMAL,FALSE,NORMAL
TRUE,FALSE,NORMAL,FALSE,NORMAL,FALSE,LOW,LOW,NORMAL,NORMAL,NORMAL,ZERO,HIGH,NORMAL,ONESIDED,FALSE,HIGH,NORMAL,NORMAL,HIGH,ZERO,FALSE,LOW,NORMAL,LOW,LOW,FALSE,TRUE,LOW,HIGH,LOW,TRUE,NORMAL,NORMAL,NORMAL,FALSE,HIGH
FALSE,FALSE,NORMAL,FALSE,HIGH,FALSE,LOW,HIGH,NORMAL,LOW,NORMAL,LOW,HIGH,LOW,NORMAL,TRUE,HIGH,NORMAL,NORMAL,NORMAL,ZERO,FALSE,LOW,ZERO,LOW,LOW,FALSE,TRUE,LOW,HIGH,LOW,FALSE,LOW,ZERO,LOW,FALSE,NORMAL
FALSE,FALSE,NORMAL,FALSE,HIGH,FALSE,HIGH,HIGH,NORMAL,HIGH,NORMAL,LOW,HIGH,HIGH,NORMAL,FALSE,NORMAL,NORMAL,HIGH,NORMAL,ZERO,FALSE,LOW,ZERO,LOW,HIGH,FALSE,FALSE,HIGH,NORMAL,LOW,FALSE,HIGH,ZERO,NORMAL,FALSE,NORMAL
FALSE,FALSE,NORMAL,FALSE,HIGH,FALSE,HIGH,LOW,LOW,HIGH,NORMAL,LOW,HIGH,HIGH,NORMAL,FALSE,NORMAL,NORMAL,NORMAL,NORMAL,ZERO,FALSE,LOW,ZERO,LOW,HIGH,FALSE,FALSE,HIGH,NORMAL,LOW,FALSE,HIGH,ZERO,NORMAL,FALSE,NORMAL
FALSE,FALSE,NORMAL,FALSE,HIGH,FALSE,HIGH,LOW,NORMAL,LOW,NORMAL,LOW,HIGH,LOW,NORMAL,FALSE,HIGH,NORMAL,LOW,NORMAL,ZERO,FALSE,LOW,ZERO,LOW,HIGH,FALSE,TRUE,HIGH,HIGH,LOW,FALSE,HIGH,ZERO,LOW,FALSE,HIGH
FALSE,FALSE,NORMAL,FALSE,LOW,FALSE,LOW,ZERO,NORMAL,HIGH,HIGH,HIGH,NORMAL,HIGH,NORMAL,FALSE,NORMAL,HIGH,HIGH,NORMAL,LOW,FALSE,HIGH,HIGH,LOW,LOW,FALSE,FALSE,LOW,NORMAL,HIGH,FALSE,NORMAL,HIGH,HIGH,FALSE,NORMAL
FALSE,FALSE,NORMAL,FALSE,HIGH,FALSE,HIGH,HIGH,NORMAL,NORMAL,NORMAL,LOW,HIGH,HIGH,NORMAL,FALSE,NORMAL,NORMAL,NORMAL,NORMAL,ZERO,FALSE,LOW,ZERO,LOW,HIGH,FALSE,FALSE,HIGH,NORMAL,LOW,FALSE,HIGH,LOW,NORMAL,FALSE,NORMAL
FALSE,FALSE,NORMAL,FALSE,HIGH,FALSE,HIGH,NORMAL,NORMAL,HIGH,NORMAL,LOW,HIGH,HIGH,NORMAL,FALSE,NORMAL,NORMAL,HIGH,LOW,ZERO,FALSE,LOW,ZERO,LOW,HIGH,FALSE,FALSE,HIGH,NORMAL,LOW,FALSE,HIGH,ZERO,NORMAL,FALSE,NORMAL
FALSE,FALSE,NORMAL,FALSE,LOW,FALSE,HIGH,HIGH,NORMAL,NORMAL,ZERO,ZERO,HIGH,HIGH,NORMAL,FALSE,NORMAL,NORMAL,NORMAL,NORMAL,LOW,FALSE,HIGH,HIGH,LOW,HIGH,FALSE,FALSE,HIGH,NORMAL,LOW,FALSE,HIGH,HIGH,NORMAL,FALSE,HIGH
FALSE,FALSE,NORMAL,FALSE,HIGH,FALSE,HIGH,HIGH,NORMAL,LOW,NORMAL,LOW,HIGH,LOW,NORMAL,FALSE,HIGH,NORMAL,NORMAL,HIGH,ZERO,FALSE,LOW,ZERO,LOW,HIGH,FALSE,TRUE,HIGH,HIGH,LOW,FALSE,HIGH,ZERO,LOW,FALSE,NORMAL
FALSE,TRUE,NORMAL,FALSE,HIGH,FALSE,HIGH,HIGH,NORMAL,NORMAL,NORMAL,LOW,HIGH,HIGH,NORMAL,FALSE,NORMAL,NORMAL,NORMAL,NORMAL,ZERO,FALSE,LOW,ZERO,LOW,HIGH,FALSE,FALSE,HIGH,NORMAL,LOW,FALSE,HIGH,ZERO,NORMAL,FALSE,NORMAL
FALSE,FALSE,NORMAL,FALSE,HIGH,FALSE,HIGH,ZERO,NORMAL,HIGH,NORMAL,LOW,HIGH,HIGH,NORMAL,FALSE,HIGH,NORMAL,NORMAL,HIGH,ZERO,FALSE,LOW,ZERO,LOW,HIGH,FALSE,TRUE,HIGH,HIGH,LOW,FALSE,HIGH,ZERO,NORMAL,FALSE,NORMAL
FALSE,FALSE,NORMAL,FALSE,HIGH,FALSE,HIGH,ZERO,NORMAL,HIGH,ZERO,ZERO,HIGH,HIGH,ESOPHAGEAL,FALSE,NORMAL,NORMAL,HIGH,NORMAL,ZERO,FALSE,LOW,LOW,LOW,HIGH,FALSE,FALSE,HIGH,NORMAL,LOW,FALSE,HIGH,LOW,HIGH,FALSE,NORMAL
FALSE,TRUE,NORMAL,FALSE,HIGH,FALSE,HIGH,NORMAL,NORMAL,HIGH,NORMAL,LOW,HIGH,HIGH,NORMAL,FALSE,HIGH,NORMAL,NORMAL,HIGH,ZERO,FALSE,LOW,ZERO,LOW,HIGH,FALSE,TRUE,HIGH,HIGH,LOW,FALSE,HIGH,ZERO,NORMAL,FALSE,NORMAL
FALSE,FALSE,NORMAL,FALSE,HIGH,FALSE,HIGH,LOW,NORMAL,HIGH,NORMAL,LOW,HIGH,HIGH,NORMAL,FALSE,NORMAL,NORMAL,HIGH,NORMAL,ZERO,FALSE,LOW,ZERO,LOW,HIGH,FALSE,FALSE,HIGH,NORMAL,LOW,FALSE,HIGH,ZERO,NORMAL,FALSE,NORMAL
FALSE,FALSE,HIGH,FALSE,HIGH,FALSE,HIGH,NORMAL,NORMAL,LOW,NORMAL,LOW,HIGH,HIGH,NORMAL,FALSE,NORMAL,NORMAL,LOW,NORMAL,ZERO,FALSE,LOW,ZERO,LOW,HIGH,FALSE,FALSE,HIGH,NORMAL,LOW,FALSE,HIGH,ZERO,NORMAL,FALSE,NORMAL
FALSE,FALSE,NORMAL,FALSE,HIGH,TRUE,HIGH,NORMAL,LOW,LOW,NORMAL,LOW,HIGH,LOW,NORMAL,FALSE,HIGH,NORMAL,NORMAL,HIGH,ZERO,FALSE,LOW,ZERO,LOW,NORMAL,FALSE,TRUE,NORMAL,HIGH,LOW,FALSE,HIGH,ZERO,LOW,FALSE,NORMAL
FALSE,TRUE,NORMAL,FALSE,HIGH,FALSE,HIGH,NORMAL,NORMAL,HIGH,NORMAL,LOW,HIGH,HIGH,NORMAL,FALSE,NORMAL,NORMAL,NORMAL,NORMAL,ZERO,FALSE,LOW,ZERO,LOW,HIGH,FALSE,FALSE,HIGH,NORMAL,LOW,FALSE,HIGH,ZERO,NORMAL,FALSE,NORMAL
TRUE,FALSE,NORMAL,FALSE,LOW,FALSE,HIGH,HIGH,NORMAL,NORMAL,NORMAL,ZERO,HIGH,HIGH,NORMAL,FALSE,NORMAL,NORMAL,NORMAL,NORMAL,LOW,FALSE,HIGH,ZERO,LOW,HIGH,FALSE,FALSE,HIGH,NORMAL,HIGH,FALSE,HIGH,HIGH,NORMAL,FALSE,NORMAL
FALSE,FALSE,NORMAL,FALSE,LOW,FALSE,NORMAL,HIGH,NORMAL,NORMAL,ZERO,ZERO,HIGH,LOW,NORMAL,TRUE,HIGH,NORMAL,NORMAL,HIGH,LOW,FALSE,HIGH,HIGH,LOW,HIGH,FALSE,TRUE,HIGH,HIGH,HIGH,FALSE,HIGH,HIGH,LOW,FALSE,NORMAL
TRUE,FALSE,NORMAL,FALSE,LOW,FALSE,HIGH,HIGH,NORMAL,LOW,NORMAL,ZERO,HIGH,LOW,NORMAL,FALSE,HIGH,NORMAL,LOW,HIGH,LOW,FALSE,HIGH,NORMAL,LOW,HIGH,FALSE,TRUE,HIGH,HIGH,HIGH,FALSE,HIGH,HIGH,LOW,FALSE,NORMAL
FALSE,FALSE,NORMAL,FALSE,HIGH,FALSE,HIGH,HIGH,LOW,NORMAL,ZERO,ZERO,HIGH,HIGH,NORMAL,FALSE,HIGH,NORMAL,NORMAL,HIGH,LOW,FALSE,LOW,HIGH,NORMAL,LOW,FALSE,FALSE,HIGH,HIGH,LOW,FALSE,HIGH,LOW,NORMAL,FALSE,NORMAL
TRUE,FALSE,NORMAL,FALSE,LOW,FALSE,HIGH,HIGH,NORMAL,LOW,NORMAL,ZERO,HIGH,HIGH,NORMAL,FALSE,NORMAL,NORMAL,LOW,NORMAL,LOW,FALSE,HIGH,HIGH,LOW,HIGH,FALSE,FALSE,HIGH,NORMAL,HIGH,FALSE,HIGH,HIGH,NORMAL,FALSE,NORMAL
FALSE,FALSE,NORMAL,FALSE,HIGH,FALSE,HIGH,HIGH,NORMAL,NORMAL,NORMAL,LOW,HIGH,HIGH,NORMAL,FALSE,NORMAL,NORMAL,LOW,NORMAL,ZERO,FALSE,LOW,ZERO,LOW,HIGH,FALSE,FALSE,HIGH,NORMAL,LOW,FALSE,HIGH,ZERO,NORMAL,FALSE,NORMAL
FALSE,FALSE,NORMAL,FALSE,LOW,TRUE,HIGH,HIGH,NORMAL,LOW,NORMAL,LOW,HIGH,HIGH,NORMAL,FALSE,NORMAL,NORMAL,LOW,NORMAL,LOW,FALSE,HIGH,HIGH,LOW,NORMAL,FALSE,FALSE,NORMAL,NORMAL,HIGH,FALSE,HIGH,HIGH,NORMAL,FALSE,NORMAL
TRUE,FALSE,LOW,FALSE,LOW,TRUE,HIGH,HIGH,NORMAL,NORMAL,NORMAL,ZERO,HIGH,HIGH,NORMAL,FALSE,NORMAL,NORMAL,NORMAL,NORMAL,LOW,FALSE,HIGH,HIGH,LOW,NORMAL,FALSE,FALSE,HIGH,NORMAL,HIGH,FALSE,HIGH,HIGH,NORMAL,FALSE,NORMAL
FALSE,FALSE,NORMAL,FALSE,HIGH,FALSE,HIGH,NORMAL,NORMAL,LOW,NORMAL,LOW,HIGH,HIGH,NORMAL,FALSE,NORMAL,NORMAL,LOW,NORMAL,ZERO,FALSE,LOW,ZERO,LOW,HIGH,FALSE,FALSE,HIGH,NORMAL,LOW,FALSE,HIGH,ZERO,NORMAL,FALSE,NORMAL
FALSE,FALSE,NORMAL,FALSE,HIGH,FALSE,HIGH,HIGH,NORMAL,LOW,NORMAL,LOW,HIGH,LOW,NORMAL,FALSE,LOW,NORMAL,HIGH,LOW,ZERO,FALSE,LOW,ZERO,LOW,HIGH,TRUE,FALSE,HIGH,LOW,LOW,FALSE,HIGH,ZERO,LOW,FALSE,NORMAL
FALSE,FALSE,NORMAL,FALSE,HIGH,FALSE,HIGH,LOW,NORMAL,NORMAL,NORMAL,LOW,HIGH,HIGH,NORMAL,FALSE,NORMAL,NORMAL,NORMAL,NORMAL,ZERO,FALSE,LOW,ZERO,LOW,HIGH,FALSE,FALSE,HIGH,NORMAL,LOW,FALSE,HIGH,ZERO,HIGH,FALSE,NORMAL
FALSE,FALSE,NORMAL,FALSE,HIGH,FALSE,HIGH,LOW,NORMAL,LOW,NORMAL,LOW,HIGH,LOW,NORMAL,FALSE,NORMAL,NORMAL,NORMAL,NORMAL,ZERO,FALSE,LOW,ZERO,LOW,HIGH,FALSE,FALSE,HIGH,NORMAL,LOW,FALSE,HIGH,LOW,LOW,FALSE,NORMAL
FALSE,FALSE,NORMAL,FALSE,HIGH,FALSE,LOW,LOW,NORMAL,LOW,NORMAL,LOW,HIGH,LOW,NORMAL,FALSE,NORMAL,NORMAL,LOW,NORMAL,ZERO,FALSE,LOW,ZERO,LOW,LOW,FALSE,FALSE,LOW,NORMAL,LOW,FALSE,NORMAL,ZERO,LOW,FALSE,NORMAL
FALSE,FALSE,NORMAL,FALSE,HIGH,FALSE,HIGH,LOW,NORMAL,LOW,NORMAL,LOW,HIGH,HIGH,NORMAL,FALSE,NORMAL,NORMAL,LOW,NORMAL,ZERO,FALSE,LOW,ZERO,LOW,HIGH,FALSE,FALSE,NORMAL,NORMAL,LOW,FALSE,HIGH,ZERO,NORMAL,FALSE,NORMAL
FALSE,FALSE,NORMAL,FALSE,LOW,TRUE,HIGH,HIGH,NORMAL,LOW,LOW,ZERO,HIGH,HIGH,NORMAL,FALSE,NORMAL,LOW,LOW,NORMAL,LOW,FALSE,HIGH,HIGH,LOW,NORMAL,FALSE,FALSE,NORMAL,NORMAL,HIGH,FALSE,HIGH,HIGH,NORMAL,FALSE,NORMAL
FALSE,FALSE,NORMAL,FALSE,HIGH,FALSE,HIGH,HIGH,NORMAL,HIGH,NORMAL,LOW,HIGH,HIGH,NORMAL,FALSE,HIGH,NORMAL,NORMAL,NORMAL,ZERO,FALSE,LOW,ZERO,LOW,HIGH,FALSE,TRUE,HIGH,HIGH,LOW,FALSE,HIGH,ZERO,NORMAL,FALSE,NORMAL
FALSE,FALSE,NORMAL,FALSE,HIGH,TRUE,NORMAL,NORMAL,NORMAL,LOW,NORMAL,LOW,HIGH,LOW,NORMAL,FALSE,HIGH,NORMAL,NORMAL,HIGH,ZERO,FALSE,LOW,ZERO,LOW,HIGH,FALSE,TRUE,NORMAL,HIGH,LOW,FALSE,LOW,ZERO,NORMAL,FALSE,HIGH
FALSE,FALSE,NORMAL,FALSE,HIGH,FALSE,HIGH,NORMAL,NORMAL,HIGH,NORMAL,LOW,HIGH,HIGH,NORMAL,FALSE,NORMAL,NORMAL,HIGH,NORMAL,ZERO,FALSE,LOW,LOW,LOW,HIGH,FALSE,FALSE,HIGH,NORMAL,LOW,FALSE,HIGH,ZERO,NORMAL,FALSE,NORMAL
FALSE,FALSE,NORMAL,FALSE,HIGH,FALSE,HIGH,LOW,LOW,HIGH,NORMAL,LOW,HIGH,HIGH,NORMAL,FALSE,NORMAL,NORMAL,NORMAL,NORMAL,ZERO,FALSE,LOW,ZERO,LOW,LOW,FALSE,FALSE,HIGH,NORMAL,LOW,FALSE,HIGH,ZERO,NORMAL,FALSE,NORMAL
FALSE,FALSE,NORMAL,FALSE,HIGH,FALSE,HIGH,HIGH,NORMAL,NORMAL,NORMAL,LOW,HIGH,HIGH,NORMAL,FALSE,NORMAL,NORMAL,LOW,NORMAL,ZERO,FALSE,LOW,ZERO,LOW,HIGH,FALSE,FALSE,HIGH,NORMAL,LOW,FALSE,HIGH,ZERO,NORMAL,FALSE,NORMAL
FALSE,FALSE,LOW,FALSE,HIGH,FALSE,LOW,HIGH,NORMAL,LOW,NORMAL,LOW,HIGH,NORMAL,ESOPHAGEAL,FALSE,NORMAL,NORMAL,LOW,NORMAL,LOW,FALSE,LOW,ZERO,NORMAL,LOW,FALSE,FALSE,LOW,NORMAL,LOW,FALSE,NORMAL,ZERO,NORMAL,FALSE,NORMAL
FALSE,FALSE,NORMAL,FALSE,HIGH,FALSE,HIGH,HIGH,NORMAL,HIGH,NORMAL,LOW,HIGH,HIGH,NORMAL,FALSE,NORMAL,NORMAL,NORMAL,NORMAL,ZERO,FALSE,LOW,ZERO,LOW,HIGH,FALSE,FALSE,HIGH,NORMAL,LOW,FALSE,HIGH,ZERO,NORMAL,FALSE,NORMAL
FALSE,FALSE,NORMAL,FALSE,LOW,FALSE,HIGH,LOW,NORMAL,HIGH,NORMAL,LOW,HIGH,HIGH,NORMAL,FALSE,NORMAL,NORMAL,NORMAL,NORMAL,LOW,FALSE,HIGH,HIGH,LOW,HIGH,FALSE,FALSE,HIGH,NORMAL,HIGH,FALSE,HIGH,HIGH,NORMAL,FALSE,NORMAL
TRUE,FALSE,NORMAL,FALSE,LOW,FALSE,LOW,HIGH,NORMAL,HIGH,NORMAL,ZERO,NORMAL,NORMAL,NORMAL,TRUE,LOW,NORMAL,HIGH,LOW,LOW,FALSE,HIGH,HIGH,LOW,LOW,FALSE,FALSE,LOW,LOW,HIGH,FALSE,NORMAL,HIGH,NORMAL,FALSE,NORMAL
FALSE,FALSE,HIGH,TRUE,HIGH,FALSE,HIGH,HIGH,NORMAL,LOW,NORMAL,LOW,HIGH,LOW,NORMAL,FALSE,LOW,NORMAL,LOW,LOW,ZERO,FALSE,LOW,ZERO,LOW,HIGH,TRUE,TRUE,HIGH,LOW,LOW,FALSE,HIGH,ZERO,LOW,FALSE,NORMAL
FALSE,FALSE,NORMAL,FALSE,HIGH,FALSE,HIGH,LOW,NORMAL,HIGH,NORMAL,LOW,HIGH,HIGH,NORMAL,FALSE,NORMAL,NORMAL,NORMAL,NORMAL,ZERO,FALSE,LOW,ZERO,LOW,HIGH,FALSE,FALSE,HIGH,NORMAL,LOW,FALSE,HIGH,ZERO,NORMAL,FALSE,NORMAL
FALSE,FALSE,NORMAL,FALSE,LOW,FALSE,LOW,LOW,NORMAL,NORMAL,HIGH,HIGH,NORMAL,NORMAL,NORMAL,FALSE,NORMAL,HIGH,HIGH,NORMAL,LOW,FALSE,HIGH,HIGH,LOW,LOW,FALSE,FALSE,LOW,NORMAL,HIGH,FALSE,NORMAL,HIGH,NORMAL,FALSE,NORMAL
FALSE,FALSE,HIGH,TRUE,HIGH,FALSE,HIGH,LOW,NORMAL,LOW,NORMAL,LOW,HIGH,LOW,NORMAL,FALSE,LOW,NORMAL,LOW,LOW,ZERO,FALSE,LOW,ZERO,LOW,HIGH,TRUE,TRUE,HIGH,LOW,LOW,FALSE,HIGH,ZERO,LOW,FALSE,NORMAL
FALSE,FALSE,NORMAL,FALSE,HIGH,FALSE,LOW,ZERO,NORMAL,HIGH,NORMAL,LOW,HIGH,NORMAL,NORMAL,FALSE,NORMAL,NORMAL,HIGH,NORMAL,ZERO,FALSE,LOW,ZERO,LOW,LOW,FALSE,FALSE,LOW,NORMAL,LOW,FALSE,NORMAL,ZERO,NORMAL,FALSE,NORMAL
FALSE,FALSE,NORMAL,FALSE,LOW,FALSE,HIGH,HIGH,NORMAL,LOW,ZERO,ZERO,HIGH,HIGH,NORMAL,FALSE,NORMAL,NORMAL,LOW,LOW,LOW,FALSE,HIGH,HIGH,LOW,HIGH,FALSE,FALSE,HIGH,NORMAL,HIGH,FALSE,HIGH,HIGH,NORMAL,FALSE,NORMAL
FALSE,FALSE,HIGH,FALSE,HIGH,FALSE,HIGH,NORMAL,NORMAL,HIGH,NORMAL,LOW,HIGH,HIGH,NORMAL,FALSE,NORMAL,NORMAL,NORMAL,NORMAL,ZERO,FALSE,LOW,ZERO,LOW,HIGH,FALSE,FALSE,HIGH,NORMAL,LOW,FALSE,HIGH,ZERO,NORMAL,FALSE,NORMAL
FALSE,FALSE,NORMAL,FALSE,HIGH,FALSE,HIGH,ZERO,NORMAL,LOW,NORMAL,LOW,HIGH,LOW,NORMAL,FALSE,HIGH,NORMAL,LOW,HIGH,ZERO,FALSE,LOW,ZERO,LOW,HIGH,FALSE,TRUE,HIGH,HIGH,LOW,FALSE,HIGH,ZERO,LOW,TRUE,NORMAL
FALSE,TRUE,NORMAL,FALSE,HIGH,FALSE,HIGH,NORMAL,NORMAL,HIGH,NORMAL,LOW,HIGH,HIGH,NORMAL,FALSE,HIGH,NORMAL,HIGH,NORMAL,ZERO,FALSE,LOW,ZERO,LOW,HIGH,FALSE,TRUE,HIGH,HIGH,LOW,FALSE,HIGH,ZERO,NORMAL,FALSE,NORMAL
FALSE,TRUE,NORMAL,FALSE,HIGH,FALSE,HIGH,HIGH,NORMAL,NORMAL,NORMAL,LOW,HIGH,LOW,NORMAL,FALSE,HIGH,NORMAL,HIGH,HIGH,ZERO,FALSE,LOW,ZERO,LOW,HIGH,FALSE,TRUE,HIGH,HIGH,LOW,FALSE,HIGH,ZERO,LOW,FALSE,NORMAL
FALSE,FALSE,NORMAL,FALSE,HIGH,FALSE,LOW,HIGH,NORMAL,HIGH,NORMAL,LOW,NORMAL,NORMAL,NORMAL,FALSE,NORMAL,NORMAL,HIGH,NORMAL,ZERO,FALSE,LOW,NORMAL,LOW,LOW,FALSE,FALSE,LOW,NORMAL,LOW,FALSE,NORMAL,ZERO,NORMAL,FALSE,NORMAL
FALSE,FALSE,NORMAL,FALSE,HIGH,FALSE,HIGH,HIGH,NORMAL,LOW,NORMAL,LOW,HIGH,HIGH,NORMAL,FALSE,NORMAL,NORMAL,NORMAL,NORMAL,ZERO,FALSE,LOW,ZERO,LOW,HIGH,FALSE,FALSE,HIGH,NORMAL,LOW,FALSE,HIGH,LOW,NORMAL,FALSE,NORMAL
FALSE,FALSE,NORMAL,FALSE,LOW,FALSE,HIGH,LOW,LOW,NORMAL,HIGH,HIGH,HIGH,HIGH,NORMAL,FALSE,NORMAL,HIGH,NORMAL,NORMAL,LOW,FALSE,NORMAL,HIGH,LOW,HIGH,FALSE,FALSE,HIGH,NORMAL,NORMAL,FALSE,HIGH,HIGH,NORMAL,FALSE,NORMAL
FALSE,FALSE,NORMAL,FALSE,HIGH,TRUE,HIGH,HIGH,NORMAL,LOW,NORMAL,LOW,HIGH,LOW,NORMAL,FALSE,HIGH,NORMAL,LOW,HIGH,ZERO,FALSE,LOW,ZERO,LOW,NORMAL,FALSE,TRUE,NORMAL,HIGH,HIGH,FALSE,HIGH,ZERO,LOW,FALSE,NORMAL
FALSE,FALSE,NORMAL,FALSE,HIGH,FALSE,HIGH,LOW,LOW,LOW,NORMAL,LOW,HIGH,LOW,NORMAL,FALSE,NORMAL,NORMAL,LOW,NORMAL,ZERO,FALSE,LOW,ZERO,LOW,HIGH,FALSE,FALSE,HIGH,NORMAL,LOW,FALSE,HIGH,ZERO,LOW,FALSE,NORMAL
FALSE,TRUE,NORMAL,FALSE,HIGH,FALSE,HIGH,HIGH,NORMAL,LOW,ZERO,ZERO,HIGH,HIGH,NORMAL,FALSE,NORMAL,NORMAL,LOW,NORMAL,ZERO,FALSE,LOW,ZERO,LOW,HIGH,FALSE,FALSE,HIGH,NORMAL,LOW,FALSE,HIGH,ZERO,NORMAL,FALSE,NORMAL
FALSE,FALSE,NORMAL,FALSE,HIGH,FALSE,NORMAL,LOW,NORMAL,HIGH,NORMAL,LOW,HIGH,HIGH,NORMAL,TRUE,NORMAL,NORMAL,NORMAL,NORMAL,ZERO,FALSE,LOW,ZERO,LOW,HIGH,FALSE,FALSE,HIGH,NORMAL,LOW,FALSE,HIGH,ZERO,NORMAL,FALSE,NORMAL
FALSE,FALSE,NORMAL,FALSE,HIGH,FALSE,HIGH,HIGH,NORMAL,LOW,LOW,ZERO,HIGH,HIGH,NORMAL,FALSE,NORMAL,LOW,LOW,NORMAL,ZERO,FALSE,NORMAL,ZERO,LOW,HIGH,FALSE,FALSE,HIGH,NORMAL,NORMAL,FALSE,HIGH,ZERO,NORMAL,FALSE,NORMAL
FALSE,FALSE,NORMAL,FALSE,HIGH,FALSE,HIGH,NORMAL,NORMAL,HIGH,NORMAL,LOW,HIGH,HIGH,NORMAL,FALSE,NORMAL,NORMAL,HIGH,NORMAL,ZERO,FALSE,LOW,ZERO,NORMAL,HIGH,FALSE,FALSE,HIGH,NORMAL,LOW,FALSE,HIGH,ZERO,NORMAL,FALSE,NORMAL
FALSE,FALSE,NORMAL,TRUE,HIGH,FALSE,HIGH,LOW,NORMAL,HIGH,NORMAL,LOW,HIGH,HIGH,NORMAL,FALSE,HIGH,NORMAL,NORMAL,HIGH,ZERO,FALSE,LOW,ZERO,LOW,HIGH,FALSE,TRUE,HIGH,HIGH,LOW,FALSE,HIGH,ZERO,NORMAL,FALSE,NORMAL
FALSE,FALSE,NORMAL,FALSE,HIGH,FALSE,LOW,HIGH,NORMAL,HIGH,ZERO,ZERO,HIGH,NORMAL,NORMAL,FALSE,HIGH,NORMAL,HIGH,HIGH,ZERO,FALSE,LOW,ZERO,LOW,LOW,FALSE,FALSE,LOW,HIGH,LOW,FALSE,NORMAL,ZERO,NORMAL,FALSE,NORMAL
FALSE,TRUE,NORMAL,FALSE,LOW,FALSE,HIGH,LOW,NORMAL,HIGH,NORMAL,LOW,HIGH,HIGH,NORMAL,FALSE,NORMAL,NORMAL,NORMAL,NORMAL,ZERO,FALSE,HIGH,ZERO,ZERO,HIGH,FALSE,FALSE,HIGH,NORMAL,HIGH,FALSE,HIGH,HIGH,NORMAL,FALSE,NORMAL
FALSE,FALSE,HIGH,FALSE,LOW,FALSE,HIGH,LOW,NORMAL,HIGH,HIGH,HIGH,HIGH,HIGH,NORMAL,FALSE,NORMAL,NORMAL,NORMAL,NORMAL,LOW,FALSE,HIGH,HIGH,LOW,HIGH,FALSE,FALSE,HIGH,NORMAL,HIGH,FALSE,HIGH,HIGH,NORMAL,FALSE,NORMAL
FALSE,FALSE,NORMAL,FALSE,HIGH,FALSE,HIGH,HIGH,NORMAL,HIGH,NORMAL,LOW,HIGH,HIGH,NORMAL,FALSE,NORMAL,NORMAL,NORMAL,NORMAL,ZERO,FALSE,LOW,ZERO,LOW,HIGH,FALSE,FALSE,HIGH,NORMAL,LOW,FALSE,HIGH,ZERO,NORMAL,FALSE,NORMAL
FALSE,FALSE,LOW,FALSE,HIGH,FALSE,HIGH,LOW,NORMAL,HIGH,NORMAL,LOW,HIGH,HIGH,NORMAL,FALSE,NORMAL,NORMAL,NORMAL,NORMAL,ZERO,FALSE,LOW,ZERO,LOW,HIGH,FALSE,FALSE,HIGH,NORMAL,LOW,FALSE,HIGH,ZERO,NORMAL,FALSE,NORMAL
FALSE,FALSE,NORMAL,FALSE,HIGH,FALSE,HIGH,LOW,NORMAL,HIGH,NORMAL,LOW,HIGH,HIGH,NORMAL,FALSE,HIGH,NORMAL,NORMAL,HIGH,ZERO,FALSE,LOW,ZERO,LOW,HIGH,FALSE,TRUE,HIGH,HIGH,LOW,FALSE,HIGH,ZERO,NORMAL,FALSE,NORMAL
FALSE,FALSE,NORMAL,FALSE,HIGH,TRUE,HIGH,NORMAL,NORMAL,HIGH,NORMAL,LOW,HIGH,HIGH,NORMAL,FALSE,NORMAL,NORMAL,HIGH,NORMAL,ZERO,FALSE,LOW,ZERO,LOW,NORMAL,FALSE,FALSE,NORMAL,NORMAL,LOW,FALSE,HIGH,ZERO,NORMAL,FALSE,NORMAL
FALSE,FALSE,NORMAL,FALSE,HIGH,FALSE,HIGH,NORMAL,NORMAL,LOW,NORMAL,LOW,HIGH,HIGH,NORMAL,FALSE,HIGH,NORMAL,LOW,NORMAL,ZERO,FALSE,LOW,ZERO,LOW,HIGH,FALSE,TRUE,HIGH,HIGH,LOW,FALSE,HIGH,ZERO,NORMAL,FALSE,NORMAL
FALSE,FALSE,NORMAL,FALSE,HIGH,FALSE,HIGH,HIGH,NORMAL,NORMAL,NORMAL,LOW,HIGH,HIGH,NORMAL,FALSE,NORMAL,NORMAL,HIGH,NORMAL,ZERO,FALSE,LOW,ZERO,LOW,HIGH,FALSE,FALSE,HIGH,NORMAL,LOW,FALSE,HIGH,ZERO,NORMAL,FALSE,NORMAL
FALSE,FALSE,NORMAL,FALSE,LOW,FALSE,LOW,HIGH,NORMAL,LOW,NORMAL,LOW,HIGH,NORMAL,NORMAL,FALSE,NORMAL,NORMAL,LOW,NORMAL,LOW,FALSE,HIGH,ZERO,LOW,LOW,FALSE,FALSE,LOW,NORMAL,HIGH,FALSE,NORMAL,HIGH,NORMAL,FALSE,NORMAL
FALSE,FALSE,NORMAL,FALSE,HIGH,FALSE,HIGH,HIGH,NORMAL,NORMAL,NORMAL,LOW,HIGH,HIGH,NORMAL,FALSE,NORMAL,NORMAL,NORMAL,NORMAL,ZERO,FALSE,LOW,ZERO,LOW,HIGH,FALSE,FALSE,HIGH,NORMAL,LOW,FALSE,HIGH,ZERO,NORMAL,FALSE,NORMAL
FALSE,FALSE,NORMAL,FALSE,LOW,FALSE,LOW,HIGH,NORMAL,NORMAL,ZERO,ZERO,HIGH,NORMAL,NORMAL,FALSE,NORMAL,NORMAL,NORMAL,NORMAL,LOW,FALSE,HIGH,HIGH,LOW,LOW,FALSE,FALSE,LOW,NORMAL,HIGH,FALSE,NORMAL,HIGH,NORMAL,FALSE,NORMAL
FALSE,FALSE,NORMAL,FALSE,HIGH,FALSE,HIGH,HIGH,NORMAL,HIGH,NORMAL,LOW,HIGH,HIGH,ESOPHAGEAL,FALSE,NORMAL,NORMAL,NORMAL,NORMAL,ZERO,FALSE,LOW,LOW,LOW,HIGH,FALSE,FALSE,HIGH,NORMAL,LOW,FALSE,HIGH,LOW,NORMAL,FALSE,NORMAL
FALSE,FALSE,NORMAL,FALSE,HIGH,FALSE,HIGH,NORMAL,NORMAL,NORMAL,NORMAL,LOW,HIGH,LOW,NORMAL,FALSE,HIGH,NORMAL,HIGH,HIGH,ZERO,FALSE,LOW,ZERO,LOW,HIGH,FALSE,TRUE,HIGH,HIGH,LOW,FALSE,HIGH,ZERO,LOW,FALSE,NORMAL
FALSE,FALSE,NORMAL,FALSE,HIGH,FALSE,HIGH,NORMAL,NORMAL,LOW,NORMAL,LOW,HIGH,NORMAL,NORMAL,FALSE,NORMAL,NORMAL,LOW,NORMAL,ZERO,TRUE,LOW,ZERO,LOW,HIGH,FALSE,FALSE,HIGH,NORMAL,LOW,FALSE,HIGH,ZERO,NORMAL,FALSE,NORMAL
TRUE,TRUE,NORMAL,FALSE,LOW,FALSE,HIGH,HIGH,NORMAL,NORMAL,ZERO,ZERO,HIGH,NORMAL,NORMAL,FALSE,NORMAL,NORMAL,NORMAL,NORMAL,LOW,FALSE,HIGH,HIGH,LOW,HIGH,FALSE,TRUE,HIGH,NORMAL,HIGH,FALSE,HIGH,HIGH,NORMAL,FALSE,NORMAL
FALSE,FALSE,NORMAL,FALSE,HIGH,FALSE,HIGH,HIGH,NORMAL,LOW,NORMAL,LOW,HIGH,HIGH,NORMAL,FALSE,HIGH,NORMAL,LOW,HIGH,ZERO,FALSE,LOW,ZERO,LOW,HIGH,FALSE,TRUE,HIGH,HIGH,LOW,FALSE,HIGH,ZERO,NORMAL,FALSE,NORMAL
TRUE,FALSE,NORMAL,FALSE,HIGH,FALSE,HIGH,HIGH,NORMAL,NORMAL,NORMAL,ZERO,HIGH,HIGH,NORMAL,FALSE,NORMAL,NORMAL,NORMAL,NORMAL,ZERO,FALSE,LOW,ZERO,LOW,HIGH,FALSE,FALSE,HIGH,NORMAL,LOW,FALSE,HIGH,ZERO,NORMAL,FALSE,NORMAL
FALSE,FALSE,NORMAL,FALSE,HIGH,FALSE,HIGH,NORMAL,NORMAL,HIGH,NORMAL,LOW,HIGH,HIGH,NORMAL,FALSE,NORMAL,NORMAL,NORMAL,NORMAL,ZERO,FALSE,LOW,NORMAL,LOW,HIGH,FALSE,FALSE,HIGH,NORMAL,LOW,FALSE,HIGH,ZERO,NORMAL,TRUE,NORMAL
FALSE,FALSE,NORMAL,FALSE,NORMAL,FALSE,LOW,HIGH,NORMAL,LOW,NORMAL,LOW,HIGH,NORMAL,NORMAL,FALSE,NORMAL,NORMAL,LOW,NORMAL,ZERO,FALSE,LOW,ZERO,LOW,LOW,FALSE,FALSE,LOW,NORMAL,LOW,FALSE,NORMAL,NORMAL,NORMAL,FALSE,NORMAL
FALSE,FALSE,HIGH,FALSE,HIGH,FALSE,HIGH,LOW,NORMAL,LOW,NORMAL,LOW,HIGH,HIGH,NORMAL,FALSE,LOW,NORMAL,LOW,NORMAL,ZERO,FALSE,NORMAL,ZERO,LOW,HIGH,FALSE,FALSE,HIGH,LOW,NORMAL,FALSE,HIGH,ZERO,NORMAL,TRUE,NORMAL
FALSE,FALSE,NORMAL,FALSE,HIGH,FALSE,HIGH,ZERO,NORMAL,NORMAL,HIGH,HIGH,HIGH,HIGH,NORMAL,FALSE,NORMAL,HIGH,NORMAL,NORMAL,ZERO,FALSE,LOW,ZERO,LOW,HIGH,FALSE,FALSE,HIGH,NORMAL,LOW,FALSE,HIGH,ZERO,NORMAL,TRUE,NORMAL
FALSE,FALSE,NORMAL,FALSE,HIGH,TRUE,HIGH,LOW,NORMAL,LOW,NORMAL,LOW,HIGH,LOW,NORMAL,FALSE,NORMAL,NORMAL,NORMAL,NORMAL,ZERO,FALSE,LOW,ZERO,HIGH,NORMAL,FALSE,TRUE,NORMAL,NORMAL,HIGH,FALSE,HIGH,ZERO,LOW,FALSE,NORMAL
FALSE,FALSE,NORMAL,FALSE,HIGH,FALSE,NORMAL,NORMAL,NORMAL,LOW,NORMAL,LOW,HIGH,LOW,NORMAL,FALSE,NORMAL,NORMAL,NORMAL,NORMAL,ZERO,FALSE,LOW,HIGH,LOW,NORMAL,FALSE,FALSE,HIGH,NORMAL,LOW,FALSE,LOW,ZERO,NORMAL,TRUE,NORMAL
TRUE,FALSE,NORMAL,FALSE,NORMAL,FALSE,HIGH,LOW,NORMAL,LOW,NORMAL,ZERO,HIGH,HIGH,ONESIDED,FALSE,HIGH,NORMAL,LOW,NORMAL,ZERO,FALSE,LOW,NORMAL,LOW,HIGH,FALSE,TRUE,HIGH,HIGH,LOW,FALSE,HIGH,NORMAL,NORMAL,FALSE,HIGH
FALSE,FALSE,NORMAL,FALSE,HIGH,FALSE,HIGH,HIGH,NORMAL,HIGH,NORMAL,LOW,HIGH,HIGH,NORMAL,FALSE,NORMAL,NORMAL,HIGH,NORMAL,ZERO,FALSE,LOW,ZERO,LOW,HIGH,FALSE,FALSE,HIGH,NORMAL,LOW,FALSE,HIGH,ZERO,NORMAL,FALSE,NORMAL
FALSE,FALSE,NORMAL,FALSE,LOW,FALSE,HIGH,LOW,NORMAL,NORMAL,HIGH,HIGH,HIGH,NORMAL,NORMAL,FALSE,HIGH,HIGH,NORMAL,HIGH,LOW,FALSE,HIGH,HIGH,LOW,HIGH,FALSE,FALSE,HIGH,HIGH,HIGH,FALSE,HIGH,HIGH,LOW,FALSE,NORMAL
FALSE,FALSE,NORMAL,FALSE,HIGH,FALSE,HIGH,NORMAL,NORMAL,HIGH,NORMAL,LOW,HIGH,HIGH,NORMAL,FALSE,NORMAL,NORMAL,NORMAL,NORMAL,ZERO,FALSE,LOW,ZERO,LOW,HIGH,FALSE,FALSE,HIGH,NORMAL,HIGH,FALSE,HIGH,ZERO,NORMAL,FALSE,NORMAL
TRUE,FALSE,LOW,FALSE,NORMAL,FALSE,HIGH,LOW,NORMAL,HIGH,ZERO,ZERO,HIGH,HIGH,ONESIDED,FALSE,NORMAL,NORMAL,NORMAL,NORMAL,ZERO,FALSE,LOW,NORMAL,LOW,HIGH,FALSE,FALSE,HIGH,NORMAL,LOW,FALSE,HIGH,NORMAL,NORMAL,FALSE,HIGH
FALSE,FALSE,NORMAL,FALSE,HIGH,FALSE,HIGH,NORMAL,NORMAL,LOW,NORMAL,LOW,HIGH,NORMAL,NORMAL,FALSE,NORMAL,NORMAL,LOW,NORMAL,ZERO,TRUE,LOW,ZERO,LOW,HIGH,FALSE,FALSE,HIGH,NORMAL,LOW,FALSE,HIGH,ZERO,NORMAL,FALSE,NORMAL
FALSE,FALSE,NORMAL,FALSE,HIGH,FALSE,HIGH,HIGH,NORMAL,LOW,NORMAL,LOW,HIGH,HIGH,ONESIDED,FALSE,HIGH,NORMAL,LOW,NORMAL,LOW,FALSE,LOW,ZERO,NORMAL,HIGH,FALSE,TRUE,HIGH,HIGH,LOW,FALSE,HIGH,LOW,NORMAL,FALSE,HIGH
FALSE,FALSE,NORMAL,FALSE,HIGH,FALSE,LOW,HIGH,NORMAL,NORMAL,NORMAL,NORMAL,NORMAL,NORMAL,NORMAL,FALSE,NORMAL,NORMAL,HIGH,NORMAL,HIGH,FALSE,LOW,LOW,HIGH,LOW,FALSE,FALSE,LOW,NORMAL,HIGH,FALSE,NORMAL,LOW,NORMAL,FALSE,NORMAL
FALSE,FALSE,NORMAL,FALSE,HIGH,FALSE,HIGH,HIGH,NORMAL,HIGH,NORMAL,LOW,HIGH,HIGH,NORMAL,FALSE,NORMAL,NORMAL,HIGH,NORMAL,ZERO,FALSE,LOW,ZERO,LOW,HIGH,FALSE,FALSE,HIGH,NORMAL,LOW,FALSE,HIGH,ZERO,NORMAL,FALSE,NORMAL
FALSE,FALSE,NORMAL,TRUE,HIGH,FALSE,HIGH,LOW,NORMAL,LOW,NORMAL,LOW,HIGH,LOW,NORMAL,FALSE,LOW,NORMAL,LOW,LOW,ZERO,FALSE,LOW,ZERO,ZERO,HIGH,TRUE,TRUE,HIGH,LOW,LOW,FALSE,HIGH,ZERO,LOW,FALSE,NORMAL
FALSE,FALSE,LOW,FALSE,HIGH,FALSE,HIGH,LOW,NORMAL,LOW,NORMAL,LOW,HIGH,HIGH,NORMAL,FALSE,NORMAL,NORMAL,LOW,NORMAL,ZERO,FALSE,LOW,ZERO,LOW,HIGH,FALSE,FALSE,HIGH,NORMAL,LOW,FALSE,HIGH,ZERO,NORMAL,FALSE,NORMAL
FALSE,FALSE,NORMAL,FALSE,NORMAL,FALSE,HIGH,NORMAL,NORMAL,NORMAL,NORMAL,LOW,HIGH,HIGH,NORMAL,FALSE,NORMAL,NORMAL,LOW,NORMAL,NORMAL,FALSE,LOW,LOW,NORMAL,HIGH,FALSE,FALSE,HIGH,NORMAL,LOW,FALSE,HIGH,NORMAL,NORMAL,FALSE,NORMAL
FALSE,FALSE,NORMAL,FALSE,NORMAL,TRUE,LOW,HIGH,NORMAL,NORMAL,ZERO,ZERO,NORMAL,NORMAL,NORMAL,FALSE,HIGH,HIGH,HIGH,HIGH,LOW,FALSE,HIGH,HIGH,ZERO,LOW,FALSE,TRUE,LOW,HIGH,HIGH,FALSE,NORMAL,HIGH,NORMAL,FALSE,NORMAL
FALSE,FALSE,NORMAL,FALSE,HIGH,FALSE,HIGH,HIGH,NORMAL,HIGH,NORMAL,LOW,HIGH,HIGH,NORMAL,FALSE,HIGH,NORMAL,NORMAL,NORMAL,ZERO,FALSE,LOW,ZERO,LOW,HIGH,FALSE,TRUE,HIGH,HIGH,LOW,FALSE,HIGH,ZERO,NORMAL,FALSE,NORMAL
FALSE,FALSE,NORMAL,FALSE,HIGH,TRUE,HIGH,ZERO,LOW,NORMAL,NORMAL,LOW,HIGH,HIGH,NORMAL,FALSE,NORMAL,NORMAL,NORMAL,NORMAL,ZERO,FALSE,LOW,ZERO,LOW,LOW,FALSE,FALSE,NORMAL,NORMAL,LOW,FALSE,HIGH,ZERO,NORMAL,FALSE,NORMAL
FALSE,FALSE,NORMAL,FALSE,HIGH,FALSE,HIGH,HIGH,NORMAL,HIGH,NORMAL,LOW,HIGH,HIGH,NORMAL,FALSE,NORMAL,NORMAL,HIGH,NORMAL,ZERO,FALSE,LOW,ZERO,LOW,HIGH,FALSE,FALSE,HIGH,NORMAL,LOW,FALSE,HIGH,ZERO,NORMAL,FALSE,NORMAL
FALSE,FALSE,NORMAL,FALSE,HIGH,FALSE,HIGH,HIGH,LOW,NORMAL,NORMAL,LOW,HIGH,NORMAL,NORMAL,FALSE,NORMAL,NORMAL,NORMAL,NORMAL,ZERO,FALSE,LOW,ZERO,LOW,HIGH,FALSE,FALSE,HIGH,NORMAL,LOW,FALSE,HIGH,ZERO,NORMAL,FALSE,HIGH
FALSE,FALSE,LOW,FALSE,HIGH,FALSE,NORMAL,ZERO,NORMAL,HIGH,LOW,ZERO,HIGH,HIGH,ESOPHAGEAL,TRUE,NORMAL,LOW,HIGH,NORMAL,ZERO,FALSE,LOW,LOW,LOW,HIGH,FALSE,FALSE,HIGH,NORMAL,LOW,FALSE,HIGH,LOW,NORMAL,FALSE,HIGH
FALSE,FALSE,NORMAL,FALSE,HIGH,FALSE,HIGH,LOW,NORMAL,LOW,NORMAL,LOW,HIGH,HIGH,NORMAL,FALSE,NORMAL,NORMAL,LOW,NORMAL,ZERO,FALSE,LOW,ZERO,LOW,HIGH,FALSE,FALSE,HIGH,NORMAL,LOW,FALSE,HIGH,ZERO,NORMAL,FALSE,NORMAL
FALSE,TRUE,NORMAL,FALSE,HIGH,FALSE,HIGH,LOW,NORMAL,NORMAL,NORMAL,LOW,HIGH,HIGH,NORMAL,FALSE,NORMAL,NORMAL,NORMAL,NORMAL,ZERO,FALSE,LOW,ZERO,LOW,HIGH,FALSE,FALSE,HIGH,NORMAL,LOW,FALSE,HIGH,ZERO,NORMAL,TRUE,NORMAL
FALSE,FALSE,NORMAL,FALSE,HIGH,FALSE,HIGH,HIGH,NORMAL,LOW,NORMAL,LOW,HIGH,HIGH,NORMAL,FALSE,NORMAL,NORMAL,LOW,NORMAL,ZERO,FALSE,LOW,ZERO,LOW,HIGH,FALSE,FALSE,HIGH,NORMAL,LOW,FALSE,HIGH,ZERO,NORMAL,FALSE,NORMAL
TRUE,FALSE,NORMAL,FALSE,LOW,TRUE,LOW,HIGH,NORMAL,HIGH,NORMAL,ZERO,NORMAL,HIGH,NORMAL,FALSE,NORMAL,NORMAL,HIGH,NORMAL,LOW,FALSE,HIGH,HIGH,LOW,LOW,FALSE,FALSE,LOW,NORMAL,HIGH,FALSE,NORMAL,HIGH,HIGH,FALSE,NORMAL
FALSE,FALSE,NORMAL,FALSE,LOW,FALSE,HIGH,NORMAL,NORMAL,LOW,NORMAL,LOW,HIGH,NORMAL,NORMAL,FALSE,HIGH,NORMAL,LOW,NORMAL,ZERO,FALSE,LOW,ZERO,ZERO,HIGH,FALSE,TRUE,HIGH,HIGH,LOW,FALSE,HIGH,ZERO,LOW,FALSE,NORMAL
FALSE,FALSE,NORMAL,FALSE,HIGH,FALSE,HIGH,HIGH,NORMAL,LOW,NORMAL,LOW,HIGH,LOW,NORMAL,FALSE,NORMAL,NORMAL,HIGH,NORMAL,ZERO,FALSE,LOW,ZERO,LOW,HIGH,FALSE,FALSE,HIGH,NORMAL,LOW,FALSE,HIGH,ZERO,LOW,FALSE,NORMAL
FALSE,FALSE,NORMAL,FALSE,HIGH,FALSE,HIGH,HIGH,NORMAL,LOW,NORMAL,LOW,HIGH,HIGH,NORMAL,FALSE,NORMAL,NORMAL,LOW,NORMAL,ZERO,FALSE,LOW,ZERO,LOW,HIGH,FALSE,FALSE,HIGH,NORMAL,LOW,FALSE,HIGH,ZERO,NORMAL,FALSE,HIGH
FALSE,FALSE,NORMAL,FALSE,HIGH,FALSE,NORMAL,HIGH,NORMAL,HIGH,NORMAL,LOW,HIGH,HIGH,NORMAL,TRUE,NORMAL,NORMAL,NORMAL,NORMAL,ZERO,FALSE,LOW,ZERO,LOW,LOW,FALSE,FALSE,HIGH,NORMAL,LOW,FALSE,HIGH,ZERO,NORMAL,FALSE,NORMAL
FALSE,FALSE,NORMAL,FALSE,LOW,FALSE,LOW,ZERO,NORMAL,HIGH,NORMAL,HIGH,NORMAL,NORMAL,NORMAL,FALSE,NORMAL,NORMAL,HIGH,NORMAL,LOW,FALSE,LOW,HIGH,LOW,LOW,FALSE,FALSE,LOW,NORMAL,LOW,FALSE,NORMAL,HIGH,NORMAL,FALSE,NORMAL
FALSE,FALSE,NORMAL,FALSE,HIGH,FALSE,HIGH,HIGH,NORMAL,HIGH,NORMAL,LOW,HIGH,HIGH,NORMAL,FALSE,HIGH,NORMAL,HIGH,HIGH,ZERO,FALSE,LOW,NORMAL,LOW,HIGH,FALSE,TRUE,HIGH,HIGH,LOW,FALSE,HIGH,ZERO,NORMAL,FALSE,NORMAL
TRUE,FALSE,NORMAL,FALSE,NORMAL,TRUE,LOW,LOW,NORMAL,HIGH,NORMAL,ZERO,NORMAL,NORMAL,ONESIDED,FALSE,NORMAL,NORMAL,HIGH,NORMAL,ZERO,FALSE,LOW,NORMAL,LOW,NORMAL,FALSE,FALSE,HIGH,NORMAL,LOW,FALSE,NORMAL,NORMAL,NORMAL,FALSE,HIGH
FALSE,FALSE,NORMAL,FALSE,HIGH,TRUE,HIGH,HIGH,NORMAL,NORMAL,NORMAL,LOW,HIGH,HIGH,NORMAL,FALSE,NORMAL,NORMAL,HIGH,NORMAL,ZERO,FALSE,LOW,ZERO,HIGH,NORMAL,FALSE,FALSE,NORMAL,NORMAL,LOW,FALSE,HIGH,ZERO,NORMAL,FALSE,NORMAL
FALSE,FALSE,NORMAL,TRUE,HIGH,FALSE,HIGH,HIGH,NORMAL,HIGH,NORMAL,LOW,HIGH,HIGH,NORMAL,FALSE,NORMAL,NORMAL,NORMAL,LOW,ZERO,FALSE,LOW,ZERO,LOW,HIGH,FALSE,FALSE,HIGH,NORMAL,LOW,FALSE,HIGH,ZERO,NORMAL,FALSE,NORMAL
FALSE,FALSE,NORMAL,FALSE,HIGH,FALSE,HIGH,NORMAL,NORMAL,HIGH,NORMAL,LOW,HIGH,HIGH,NORMAL,FALSE,HIGH,NORMAL,HIGH,NORMAL,ZERO,FALSE,LOW,ZERO,LOW,HIGH,FALSE,FALSE,HIGH,HIGH,LOW,FALSE,HIGH,ZERO,NORMAL,FALSE,NORMAL
TRUE,FALSE,NORMAL,FALSE,NORMAL,FALSE,HIGH,ZERO,NORMAL,LOW,NORMAL,ZERO,HIGH,LOW,ONESIDED,FALSE,NORMAL,NORMAL,NORMAL,NORMAL,ZERO,FALSE,LOW,NORMAL,LOW,HIGH,FALSE,FALSE,HIGH,NORMAL,LOW,FALSE,HIGH,NORMAL,LOW,FALSE,HIGH
FALSE,FALSE,NORMAL,FALSE,HIGH,FALSE,NORMAL,NORMAL,NORMAL,NORMAL,NORMAL,LOW,HIGH,HIGH,NORMAL,TRUE,NORMAL,NORMAL,NORMAL,NORMAL,ZERO,FALSE,LOW,ZERO,NORMAL,HIGH,FALSE,FALSE,HIGH,NORMAL,LOW,FALSE,HIGH,LOW,NORMAL,TRUE,NORMAL
FALSE,FALSE,NORMAL,FALSE,LOW,FALSE,HIGH,HIGH,NORMAL,HIGH,LOW,ZERO,HIGH,HIGH,NORMAL,FALSE,LOW,LOW,NORMAL,NORMAL,LOW,FALSE,HIGH,ZERO,LOW,HIGH,FALSE,FALSE,HIGH,NORMAL,HIGH,FALSE,HIGH,HIGH,NORMAL,FALSE,NORMAL
FALSE,FALSE,NORMAL,FALSE,HIGH,FALSE,HIGH,LOW,NORMAL,NORMAL,NORMAL,LOW,HIGH,LOW,NORMAL,FALSE,HIGH,NORMAL,HIGH,HIGH,ZERO,FALSE,LOW,ZERO,LOW,HIGH,FALSE,TRUE,HIGH,HIGH,LOW,FALSE,HIGH,LOW,LOW,FALSE,NORMAL
FALSE,FALSE,NORMAL,FALSE,LOW,FALSE,NORMAL,HIGH,NORMAL,LOW,NORMAL,LOW,HIGH,NORMAL,NORMAL,TRUE,NORMAL,NORMAL,LOW,NORMAL,LOW,FALSE,HIGH,HIGH,LOW,LOW,FALSE,FALSE,LOW,NORMAL,HIGH,FALSE,NORMAL,HIGH,NORMAL,FALSE,NORMAL
TRUE,FALSE,NORMAL,TRUE,HIGH,FALSE,HIGH,HIGH,NORMAL,LOW,NORMAL,ZERO,HIGH,HIGH,NORMAL,FALSE,NORMAL,NORMAL,LOW,NORMAL,ZERO,FALSE,LOW,ZERO,LOW,HIGH,FALSE,FALSE,HIGH,NORMAL,LOW,FALSE,HIGH,ZERO,NORMAL,FALSE,NORMAL
TRUE,TRUE,NORMAL,FALSE,LOW,FALSE,LOW,HIGH,NORMAL,NORMAL,NORMAL,ZERO,NORMAL,NORMAL,NORMAL,FALSE,NORMAL,NORMAL,HIGH,NORMAL,LOW,FALSE,HIGH,HIGH,LOW,LOW,FALSE,FALSE,LOW,NORMAL,HIGH,FALSE,NORMAL,HIGH,NORMAL,FALSE,NORMAL
FALSE,FALSE,NORMAL,FALSE,LOW,FALSE,LOW,HIGH,NORMAL,NORMAL,LOW,ZERO,HIGH,NORMAL,NORMAL,FALSE,NORMAL,LOW,NORMAL,NORMAL,LOW,FALSE,HIGH,HIGH,LOW,LOW,FALSE,FALSE,LOW,NORMAL,HIGH,FALSE,NORMAL,HIGH,NORMAL,FALSE,NORMAL
FALSE,FALSE,HIGH,FALSE,HIGH,FALSE,HIGH,LOW,NORMAL,LOW,HIGH,HIGH,HIGH,HIGH,NORMAL,FALSE,NORMAL,HIGH,LOW,HIGH,LOW,FALSE,LOW,HIGH,NORMAL,HIGH,FALSE,FALSE,HIGH,NORMAL,LOW,FALSE,HIGH,LOW,NORMAL,FALSE,NORMAL
FALSE,FALSE,NORMAL,TRUE,HIGH,FALSE,HIGH,HIGH,LOW,LOW,NORMAL,LOW,HIGH,NORMAL,NORMAL,FALSE,LOW,NORMAL,LOW,LOW,ZERO,FALSE,LOW,ZERO,LOW,HIGH,TRUE,FALSE,HIGH,LOW,LOW,FALSE,HIGH,ZERO,LOW,FALSE,NORMAL
FALSE,FALSE,NORMAL,FALSE,HIGH,TRUE,HIGH,NORMAL,NORMAL,HIGH,NORMAL,LOW,HIGH,HIGH,NORMAL,FALSE,NORMAL,NORMAL,HIGH,NORMAL,ZERO,FALSE,LOW,ZERO,LOW,NORMAL,FALSE,FALSE,HIGH,NORMAL,LOW,FALSE,HIGH,ZERO,NORMAL,FALSE,NORMAL
FALSE,FALSE,NORMAL,TRUE,HIGH,FALSE,HIGH,NORMAL,NORMAL,LOW,NORMAL,LOW,HIGH,LOW,NORMAL,FALSE,LOW,NORMAL,NORMAL,LOW,ZERO,FALSE,LOW,ZERO,LOW,HIGH,TRUE,FALSE,HIGH,LOW,LOW,FALSE,HIGH,ZERO,LOW,FALSE,NORMAL
FALSE,FALSE,NORMAL,FALSE,HIGH,FALSE,HIGH,LOW,NORMAL,NORMAL,NORMAL,LOW,HIGH,HIGH,NORMAL,FALSE,NORMAL,NORMAL,NORMAL,NORMAL,ZERO,FALSE,LOW,ZERO,LOW,HIGH,FALSE,FALSE,HIGH,NORMAL,LOW,FALSE,HIGH,ZERO,NORMAL,FALSE,NORMAL
FALSE,FALSE,NORMAL,FALSE,LOW,FALSE,LOW,HIGH,NORMAL,HIGH,LOW,ZERO,NORMAL,HIGH,NORMAL,FALSE,NORMAL,LOW,HIGH,NORMAL,LOW,FALSE,HIGH,HIGH,LOW,LOW,FALSE,FALSE,LOW,NORMAL,HIGH,FALSE,NORMAL,HIGH,HIGH,FALSE,NORMAL
FALSE,TRUE,NORMAL,TRUE,HIGH,FALSE,HIGH,LOW,NORMAL,LOW,NORMAL,LOW,HIGH,NORMAL,NORMAL,FALSE,LOW,NORMAL,LOW,LOW,ZERO,FALSE,LOW,ZERO,LOW,HIGH,TRUE,TRUE,HIGH,LOW,LOW,FALSE,HIGH,ZERO,LOW,FALSE,NORMAL
FALSE,FALSE,NORMAL,FALSE,LOW,FALSE,LOW,LOW,NORMAL,HIGH,NORMAL,LOW,NORMAL,NORMAL,NORMAL,FALSE,NORMAL,NORMAL,HIGH,NORMAL,LOW,FALSE,HIGH,HIGH,LOW,LOW,FALSE,FALSE,LOW,NORMAL,HIGH,FALSE,NORMAL,HIGH,NORMAL,FALSE,NORMAL
TRUE,FALSE,NORMAL,FALSE,LOW,FALSE,LOW,HIGH,NORMAL,HIGH,NORMAL,ZERO,NORMAL,NORMAL,NORMAL,FALSE,NORMAL,NORMAL,HIGH,NORMAL,LOW,FALSE,HIGH,HIGH,LOW,LOW,FALSE,FALSE,LOW,NORMAL,HIGH,FALSE,NORMAL,HIGH,NORMAL,FALSE,NORMAL
FALSE,TRUE,NORMAL,FALSE,HIGH,FALSE,HIGH,HIGH,NORMAL,NORMAL,NORMAL,LOW,HIGH,HIGH,NORMAL,FALSE,NORMAL,NORMAL,NORMAL,LOW,ZERO,FALSE,LOW,ZERO,LOW,HIGH,FALSE,FALSE,HIGH,NORMAL,LOW,FALSE,HIGH,ZERO,NORMAL,TRUE,NORMAL
FALSE,FALSE,LOW,FALSE,HIGH,FALSE,HIGH,HIGH,NORMAL,LOW,NORMAL,LOW,HIGH,HIGH,NORMAL,FALSE,NORMAL,NORMAL,NORMAL,NORMAL,ZERO,FALSE,LOW,ZERO,LOW,HIGH,FALSE,FALSE,HIGH,NORMAL,LOW,FALSE,HIGH,ZERO,NORMAL,FALSE,NORMAL
FALSE,FALSE,NORMAL,FALSE,HIGH,FALSE,HIGH,LOW,NORMAL,LOW,NORMAL,LOW,HIGH,HIGH,NORMAL,FALSE,NORMAL,NORMAL,LOW,LOW,ZERO,FALSE,LOW,ZERO,LOW,HIGH,FALSE,FALSE,HIGH,NORMAL,LOW,FALSE,HIGH,ZERO,NORMAL,FALSE,NORMAL
FALSE,FALSE,NORMAL,FALSE,NORMAL,FALSE,HIGH,HIGH,NORMAL,HIGH,ZERO,ZERO,HIGH,HIGH,NORMAL,FALSE,NORMAL,NORMAL,NORMAL,NORMAL,NORMAL,FALSE,LOW,ZERO,NORMAL,HIGH,FALSE,FALSE,HIGH,NORMAL,LOW,FALSE,HIGH,NORMAL,NORMAL,FALSE,NORMAL
FALSE,FALSE,NORMAL,FALSE,HIGH,FALSE,NORMAL,LOW,NORMAL,HIGH,NORMAL,LOW,HIGH,HIGH,NORMAL,TRUE,HIGH,NORMAL,HIGH,NORMAL,ZERO,FALSE,LOW,ZERO,LOW,HIGH,FALSE,FALSE,HIGH,HIGH,LOW,FALSE,HIGH,LOW,NORMAL,FALSE,NORMAL
FALSE,FALSE,NORMAL,FALSE,HIGH,FALSE,HIGH,HIGH,NORMAL,LOW,NORMAL,LOW,HIGH,HIGH,NORMAL,FALSE,HIGH,NORMAL,LOW,HIGH,ZERO,FALSE,LOW,ZERO,LOW,HIGH,FALSE,TRUE,HIGH,HIGH,LOW,FALSE,HIGH,ZERO,NORMAL,FALSE,NORMAL
FALSE,FALSE,NORMAL,FALSE,HIGH,FALSE,HIGH,HIGH,NORMAL,HIGH,NORMAL,LOW,HIGH,HIGH,NORMAL,FALSE,NORMAL,NORMAL,NORMAL,NORMAL,ZERO,FALSE,LOW,LOW,LOW,HIGH,FALSE,FALSE,HIGH,NORMAL,LOW,FALSE,HIGH,ZERO,NORMAL,FALSE,NORMAL
FALSE,FALSE,NORMAL,FALSE,LOW,FALSE,HIGH,HIGH,NORMAL,LOW,LOW,ZERO,HIGH,HIGH,NORMAL,FALSE,NORMAL,LOW,NORMAL,NORMAL,LOW,FALSE,HIGH,HIGH,LOW,HIGH,FALSE,FALSE,HIGH,NORMAL,HIGH,FALSE,HIGH,HIGH,NORMAL,FALSE,NORMAL
FALSE,FALSE,NORMAL,FALSE,HIGH,FALSE,NORMAL,HIGH,NORMAL,HIGH,NORMAL,LOW,HIGH,HIGH,NORMAL,TRUE,HIGH,NORMAL,NORMAL,HIGH,ZERO,FALSE,LOW,ZERO,LOW,HIGH,FALSE,TRUE,HIGH,HIGH,LOW,FALSE,HIGH,ZERO,NORMAL,FALSE,NORMAL
FALSE,FALSE,NORMAL,FALSE,HIGH,FALSE,HIGH,HIGH,NORMAL,LOW,NORMAL,LOW,HIGH,LOW,NORMAL,FALSE,HIGH,NORMAL,LOW,HIGH,ZERO,FALSE,LOW,ZERO,LOW,HIGH,FALSE,TRUE,HIGH,HIGH,LOW,FALSE,HIGH,ZERO,LOW,FALSE,NORMAL
FALSE,FALSE,NORMAL,FALSE,HIGH,FALSE,HIGH,HIGH,NORMAL,LOW,NORMAL,LOW,HIGH,HIGH,NORMAL,FALSE,NORMAL,NORMAL,LOW,NORMAL,ZERO,FALSE,LOW,ZERO,LOW,HIGH,FALSE,FALSE,HIGH,NORMAL,LOW,FALSE,HIGH,ZERO,NORMAL,FALSE,NORMAL
FALSE,FALSE,NORMAL,FALSE,HIGH,FALSE,LOW,HIGH,NORMAL,NORMAL,NORMAL,LOW,HIGH,NORMAL,NORMAL,FALSE,NORMAL,NORMAL,NORMAL,NORMAL,ZERO,FALSE,LOW,ZERO,LOW,LOW,FALSE,FALSE,LOW,NORMAL,LOW,FALSE,NORMAL,ZERO,NORMAL,FALSE,NORMAL
FALSE,FALSE,NORMAL,FALSE,HIGH,FALSE,HIGH,HIGH,NORMAL,LOW,NORMAL,LOW,HIGH,NORMAL,NORMAL,FALSE,LOW,NORMAL,NORMAL,LOW,ZERO,FALSE,LOW,ZERO,LOW,HIGH,FALSE,FALSE,HIGH,LOW,LOW,FALSE,HIGH,ZERO,NORMAL,FALSE,NORMAL
FALSE,FALSE,NORMAL,FALSE,HIGH,FALSE,HIGH,LOW,NORMAL,LOW,NORMAL,LOW,HIGH,HIGH,NORMAL,FALSE,NORMAL,NORMAL,LOW,NORMAL,ZERO,FALSE,LOW,ZERO,LOW,HIGH,FALSE,FALSE,HIGH,NORMAL,LOW,FALSE,HIGH,ZERO,NORMAL,FALSE,NORMAL
FALSE,FALSE,NORMAL,FALSE,HIGH,FALSE,HIGH,HIGH,NORMAL,NORMAL,NORMAL,LOW,HIGH,NORMAL,NORMAL,FALSE,HIGH,NORMAL,NORMAL,NORMAL,ZERO,FALSE,LOW,ZERO,LOW,HIGH,FALSE,TRUE,HIGH,HIGH,LOW,FALSE,HIGH,ZERO,LOW,FALSE,NORMAL
FALSE,FALSE,NORMAL,FALSE,HIGH,TRUE,HIGH,LOW,NORMAL,NORMAL,NORMAL,HIGH,HIGH,HIGH,NORMAL,FALSE,NORMAL,NORMAL,LOW,NORMAL,ZERO,FALSE,LOW,ZERO,LOW,NORMAL,FALSE,FALSE,NORMAL,NORMAL,LOW,FALSE,HIGH,ZERO,NORMAL,TRUE,NORMAL
FALSE,FALSE,NORMAL,FALSE,HIGH,FALSE,LOW,HIGH,NORMAL,HIGH,NORMAL,LOW,HIGH,NORMAL,NORMAL,FALSE,NORMAL,NORMAL,NORMAL,NORMAL,ZERO,FALSE,LOW,ZERO,LOW,LOW,FALSE,FALSE,LOW,NORMAL,LOW,FALSE,NORMAL,ZERO,NORMAL,FALSE,HIGH
FALSE,FALSE,NORMAL,FALSE,HIGH,FALSE,HIGH,NORMAL,NORMAL,LOW,NORMAL,LOW,HIGH,LOW,NORMAL,FALSE,HIGH,NORMAL,LOW,HIGH,ZERO,FALSE,LOW,ZERO,LOW,HIGH,FALSE,TRUE,HIGH,HIGH,LOW,FALSE,HIGH,ZERO,LOW,FALSE,HIGH
FALSE,FALSE,NORMAL,FALSE,HIGH,FALSE,NORMAL,LOW,NORMAL,LOW,ZERO,ZERO,NORMAL,LOW,ONESIDED,FALSE,NORMAL,LOW,HIGH,HIGH,ZERO,FALSE,LOW,NORMAL,LOW,HIGH,FALSE,FALSE,NORMAL,NORMAL,LOW,FALSE,LOW,NORMAL,NORMAL,FALSE,HIGH
FALSE,FALSE,NORMAL,FALSE,HIGH,FALSE,LOW,NORMAL,NORMAL,HIGH,NORMAL,LOW,HIGH,NORMAL,NORMAL,FALSE,NORMAL,NORMAL,HIGH,NORMAL,ZERO,FALSE,LOW,ZERO,LOW,LOW,FALSE,FALSE,LOW,NORMAL,LOW,FALSE,NORMAL,ZERO,NORMAL,FALSE,NORMAL
TRUE,FALSE,NORMAL,FALSE,HIGH,FALSE,HIGH,HIGH,NORMAL,HIGH,NORMAL,ZERO,HIGH,HIGH,NORMAL,FALSE,NORMAL,NORMAL,HIGH,NORMAL,ZERO,FALSE,LOW,ZERO,LOW,HIGH,FALSE,FALSE,HIGH,NORMAL,LOW,FALSE,HIGH,ZERO,NORMAL,FALSE,NORMAL
FALSE,FALSE,NORMAL,FALSE,HIGH,FALSE,HIGH,HIGH,NORMAL,NORMAL,NORMAL,LOW,HIGH,HIGH,NORMAL,FALSE,NORMAL,NORMAL,HIGH,NORMAL,ZERO,FALSE,LOW,ZERO,LOW,HIGH,FALSE,FALSE,HIGH,NORMAL,LOW,FALSE,HIGH,ZERO,NORMAL,FALSE,NORMAL
TRUE,FALSE,NORMAL,FALSE,LOW,FALSE,HIGH,HIGH,NORMAL,LOW,NORMAL,HIGH,HIGH,LOW,NORMAL,FALSE,NORMAL,NORMAL,NORMAL,NORMAL,LOW,FALSE,HIGH,HIGH,LOW,HIGH,FALSE,FALSE,HIGH,NORMAL,HIGH,FALSE,HIGH,HIGH,LOW,FALSE,NORMAL
FALSE,FALSE,NORMAL,FALSE,HIGH,TRUE,NORMAL,LOW,NORMAL,LOW,NORMAL,LOW,HIGH,LOW,NORMAL,FALSE,HIGH,NORMAL,LOW,NORMAL,ZERO,FALSE,LOW,ZERO,LOW,NORMAL,FALSE,TRUE,NORMAL,HIGH,HIGH,FALSE,HIGH,ZERO,LOW,FALSE,NORMAL
FALSE,FALSE,NORMAL,FALSE,LOW,FALSE,LOW,LOW,NORMAL,NORMAL,HIGH,HIGH,NORMAL,LOW,NORMAL,FALSE,HIGH,HIGH,HIGH,NORMAL,LOW,FALSE,HIGH,HIGH,LOW,LOW,FALSE,TRUE,HIGH,HIGH,HIGH,FALSE,NORMAL,HIGH,LOW,FALSE,NORMAL
FALSE,FALSE,NORMAL,FALSE,HIGH,FALSE,HIGH,NORMAL,NORMAL,LOW,NORMAL,LOW,HIGH,HIGH,NORMAL,FALSE,NORMAL,NORMAL,LOW,NORMAL,ZERO,FALSE,LOW,ZERO,LOW,HIGH,FALSE,FALSE,HIGH,NORMAL,LOW,FALSE,HIGH,ZERO,NORMAL,FALSE,NORMAL
FALSE,FALSE,NORMAL,FALSE,LOW,FALSE,HIGH,LOW,NORMAL,HIGH,HIGH,HIGH,HIGH,HIGH,NORMAL,FALSE,NORMAL,HIGH,NORMAL,NORMAL,LOW,FALSE,HIGH,HIGH,LOW,HIGH,FALSE,FALSE,HIGH,NORMAL,HIGH,FALSE,HIGH,HIGH,NORMAL,FALSE,NORMAL
FALSE,FALSE,NORMAL,FALSE,HIGH,FALSE,NORMAL,LOW,NORMAL,LOW,NORMAL,LOW,HIGH,LOW,NORMAL,FALSE,NORMAL,NORMAL,NORMAL,NORMAL,ZERO,FALSE,LOW,ZERO,LOW,HIGH,FALSE,FALSE,HIGH,NORMAL,LOW,FALSE,LOW,ZERO,NORMAL,FALSE,NORMAL
FALSE,TRUE,NORMAL,FALSE,HIGH,FALSE,HIGH,LOW,NORMAL,LOW,NORMAL,LOW,HIGH,HIGH,NORMAL,FALSE,NORMAL,NORMAL,LOW,NORMAL,ZERO,FALSE,LOW,ZERO,LOW,HIGH,FALSE,FALSE,HIGH,NORMAL,LOW,FALSE,HIGH,ZERO,NORMAL,FALSE,NORMAL
FALSE,FALSE,NORMAL,FALSE,LOW,FALSE,HIGH,HIGH,NORMAL,LOW,ZERO,ZERO,HIGH,LOW,NORMAL,FALSE,HIGH,NORMAL,NORMAL,HIGH,LOW,FALSE,HIGH,HIGH,LOW,HIGH,FALSE,TRUE,HIGH,HIGH,HIGH,FALSE,HIGH,HIGH,LOW,FALSE,NORMAL
FALSE,FALSE,NORMAL,FALSE,NORMAL,FALSE,HIGH,HIGH,NORMAL,HIGH,LOW,ZERO,HIGH,HIGH,NORMAL,FALSE,NORMAL,LOW,NORMAL,NORMAL,LOW,FALSE,HIGH,HIGH,ZERO,HIGH,FALSE,FALSE,HIGH,NORMAL,HIGH,FALSE,HIGH,HIGH,NORMAL,FALSE,NORMAL
FALSE,FALSE,NORMAL,FALSE,HIGH,FALSE,HIGH,LOW,NORMAL,LOW,NORMAL,LOW,HIGH,HIGH,ESOPHAGEAL,FALSE,NORMAL,NORMAL,LOW,NORMAL,LOW,FALSE,LOW,ZERO,NORMAL,LOW,FALSE,FALSE,HIGH,NORMAL,LOW,FALSE,HIGH,ZERO,NORMAL,FALSE,NORMAL
FALSE,FALSE,NORMAL,TRUE,HIGH,FALSE,HIGH,HIGH,NORMAL,LOW,NORMAL,LOW,HIGH,LOW,NORMAL,FALSE,LOW,NORMAL,LOW,LOW,ZERO,FALSE,LOW,HIGH,LOW,HIGH,TRUE,FALSE,HIGH,LOW,LOW,FALSE,HIGH,ZERO,LOW,FALSE,NORMAL
FALSE,TRUE,NORMAL,FALSE,HIGH,FALSE,HIGH,HIGH,LOW,HIGH,LOW,ZERO,HIGH,HIGH,NORMAL,FALSE,NORMAL,NORMAL,HIGH,NORMAL,ZERO,FALSE,LOW,ZERO,LOW,HIGH,FALSE,FALSE,HIGH,NORMAL,LOW,FALSE,HIGH,ZERO,NORMAL,FALSE,NORMAL
FALSE,FALSE,NORMAL,FALSE,HIGH,FALSE,NORMAL,HIGH,NORMAL,LOW,ZERO,ZERO,HIGH,HIGH,NORMAL,TRUE,NORMAL,NORMAL,LOW,NORMAL,ZERO,FALSE,LOW,ZERO,LOW,HIGH,FALSE,FALSE,HIGH,NORMAL,LOW,FALSE,HIGH,ZERO,NORMAL,FALSE,HIGH
FALSE,FALSE,NORMAL,FALSE,HIGH,FALSE,HIGH,HIGH,NORMAL,HIGH,LOW,ZERO,HIGH,HIGH,NORMAL,FALSE,NORMAL,LOW,HIGH,NORMAL,LOW,FALSE,LOW,HIGH,NORMAL,HIGH,FALSE,FALSE,HIGH,NORMAL,LOW,FALSE,HIGH,ZERO,NORMAL,FALSE,NORMAL
FALSE,TRUE,HIGH,FALSE,LOW,FALSE,HIGH,LOW,NORMAL,HIGH,HIGH,HIGH,HIGH,HIGH,NORMAL,FALSE,HIGH,HIGH,NORMAL,HIGH,LOW,FALSE,HIGH,HIGH,LOW,HIGH,FALSE,TRUE,HIGH,HIGH,HIGH,FALSE,HIGH,HIGH,NORMAL,FALSE,NORMAL
FALSE,FALSE,NORMAL,FALSE,HIGH,TRUE,HIGH,NORMAL,NORMAL,NORMAL,NORMAL,LOW,HIGH,HIGH,NORMAL,FALSE,NORMAL,NORMAL,NORMAL,NORMAL,ZERO,FALSE,LOW,ZERO,LOW,NORMAL,FALSE,FALSE,NORMAL,NORMAL,LOW,FALSE,HIGH,ZERO,NORMAL,FALSE,NORMAL
FALSE,FALSE,NORMAL,FALSE,HIGH,FALSE,HIGH,NORMAL,NORMAL,LOW,NORMAL,LOW,HIGH,HIGH,NORMAL,FALSE,NORMAL,NORMAL,LOW,NORMAL,ZERO,FALSE,LOW,ZERO,LOW,HIGH,FALSE,FALSE,HIGH,NORMAL,LOW,FALSE,HIGH,ZERO,NORMAL,FALSE,NORMAL
FALSE,FALSE,LOW,FALSE,HIGH,FALSE,LOW,NORMAL,NORMAL,HIGH,NORMAL,LOW,NORMAL,NORMAL,NORMAL,FALSE,NORMAL,NORMAL,HIGH,NORMAL,ZERO,FALSE,LOW,ZERO,NORMAL,LOW,FALSE,FALSE,LOW,NORMAL,LOW,FALSE,NORMAL,ZERO,NORMAL,FALSE,NORMAL
TRUE,FALSE,NORMAL,FALSE,LOW,FALSE,HIGH,HIGH,NORMAL,HIGH,NORMAL,ZERO,HIGH,HIGH,NORMAL,FALSE,HIGH,NORMAL,NORMAL,HIGH,LOW,FALSE,HIGH,HIGH,LOW,HIGH,FALSE,FALSE,HIGH,HIGH,HIGH,FALSE,HIGH,HIGH,NORMAL,FALSE,NORMAL
FALSE,FALSE,NORMAL,FALSE,HIGH,FALSE,LOW,HIGH,NORMAL,LOW,HIGH,NORMAL,HIGH,LOW,NORMAL,FALSE,LOW,NORMAL,NORMAL,LOW,HIGH,FALSE,LOW,LOW,HIGH,NORMAL,FALSE,FALSE,NORMAL,LOW,LOW,FALSE,LOW,LOW,NORMAL,FALSE,NORMAL
FALSE,FALSE,NORMAL,FALSE,HIGH,TRUE,HIGH,HIGH,NORMAL,LOW,NORMAL,LOW,HIGH,HIGH,NORMAL,FALSE,NORMAL,NORMAL,NORMAL,NORMAL,ZERO,FALSE,LOW,ZERO,LOW,NORMAL,FALSE,FALSE,NORMAL,NORMAL,LOW,FALSE,HIGH,ZERO,NORMAL,FALSE,NORMAL
FALSE,FALSE,LOW,FALSE,HIGH,FALSE,HIGH,LOW,NORMAL,LOW,NORMAL,LOW,HIGH,HIGH,NORMAL,FALSE,NORMAL,NORMAL,LOW,NORMAL,ZERO,FALSE,LOW,ZERO,LOW,HIGH,FALSE,FALSE,HIGH,NORMAL,LOW,FALSE,HIGH,ZERO,NORMAL,FALSE,NORMAL
FALSE,FALSE,NORMAL,FALSE,HIGH,FALSE,HIGH,LOW,NORMAL,NORMAL,NORMAL,LOW,HIGH,HIGH,NORMAL,FALSE,NORMAL,NORMAL,NORMAL,NORMAL,ZERO,FALSE,LOW,ZERO,NORMAL,HIGH,FALSE,FALSE,HIGH,NORMAL,LOW,FALSE,HIGH,ZERO,NORMAL,FALSE,NORMAL
FALSE,FALSE,NORMAL,FALSE,HIGH,FALSE,HIGH,NORMAL,LOW,NORMAL,NORMAL,LOW,HIGH,HIGH,NORMAL,FALSE,NORMAL,NORMAL,NORMAL,LOW,ZERO,FALSE,LOW,HIGH,LOW,HIGH,FALSE,FALSE,HIGH,NORMAL,LOW,FALSE,HIGH,ZERO,NORMAL,FALSE,NORMAL
FALSE,FALSE,NORMAL,FALSE,HIGH,FALSE,HIGH,LOW,NORMAL,LOW,NORMAL,LOW,HIGH,HIGH,NORMAL,FALSE,LOW,NORMAL,LOW,NORMAL,ZERO,FALSE,LOW,ZERO,LOW,NORMAL,FALSE,FALSE,HIGH,NORMAL,LOW,FALSE,HIGH,ZERO,NORMAL,FALSE,NORMAL
FALSE,FALSE,NORMAL,FALSE,HIGH,FALSE,HIGH,HIGH,LOW,HIGH,NORMAL,LOW,HIGH,LOW,NORMAL,FALSE,NORMAL,NORMAL,HIGH,NORMAL,ZERO,FALSE,LOW,ZERO,LOW,HIGH,FALSE,FALSE,HIGH,NORMAL,LOW,FALSE,HIGH,ZERO,LOW,FALSE,HIGH
TRUE,FALSE,NORMAL,FALSE,LOW,FALSE,HIGH,HIGH,LOW,LOW,ZERO,ZERO,HIGH,HIGH,NORMAL,FALSE,LOW,NORMAL,LOW,LOW,LOW,FALSE,NORMAL,HIGH,LOW,HIGH,FALSE,FALSE,HIGH,LOW,NORMAL,FALSE,HIGH,HIGH,NORMAL,FALSE,NORMAL
FALSE,FALSE,NORMAL,FALSE,HIGH,FALSE,HIGH,LOW,NORMAL,LOW,NORMAL,LOW,HIGH,HIGH,NORMAL,FALSE,NORMAL,NORMAL,LOW,NORMAL,ZERO,FALSE,LOW,ZERO,LOW,HIGH,FALSE,FALSE,HIGH,NORMAL,LOW,FALSE,HIGH,ZERO,NORMAL,FALSE,NORMAL
FALSE,FALSE,NORMAL,FALSE,HIGH,FALSE,HIGH,HIGH,NORMAL,NORMAL,NORMAL,LOW,HIGH,HIGH,NORMAL,FALSE,HIGH,NORMAL,NORMAL,NORMAL,ZERO,FALSE,LOW,ZERO,LOW,HIGH,FALSE,FALSE,HIGH,HIGH,LOW,FALSE,HIGH,ZERO,NORMAL,FALSE,NORMAL
FALSE,FALSE,NORMAL,FALSE,NORMAL,FALSE,HIGH,HIGH,NORMAL,NORMAL,NORMAL,LOW,HIGH,HIGH,NORMAL,FALSE,NORMAL,NORMAL,NORMAL,NORMAL,ZERO,FALSE,LOW,ZERO,LOW,HIGH,FALSE,FALSE,HIGH,NORMAL,LOW,FALSE,HIGH,NORMAL,NORMAL,FALSE,NORMAL
FALSE,FALSE,NORMAL,FALSE,HIGH,FALSE,HIGH,HIGH,NORMAL,HIGH,NORMAL,LOW,HIGH,HIGH,ESOPHAGEAL,FALSE,NORMAL,NORMAL,NORMAL,NORMAL,ZERO,FALSE,LOW,LOW,LOW,HIGH,FALSE,FALSE,HIGH,NORMAL,LOW,FALSE,HIGH,LOW,NORMAL,FALSE,NORMAL
FALSE,FALSE,NORMAL,FALSE,HIGH,FALSE,HIGH,NORMAL,NORMAL,LOW,NORMAL,LOW,HIGH,HIGH,NORMAL,FALSE,NORMAL,NORMAL,NORMAL,NORMAL,ZERO,FALSE,LOW,ZERO,LOW,HIGH,FALSE,FALSE,HIGH,NORMAL,LOW,FALSE,HIGH,ZERO,NORMAL,FALSE,NORMAL
FALSE,FALSE,NORMAL,FALSE,HIGH,FALSE,HIGH,HIGH,NORMAL,HIGH,NORMAL,LOW,HIGH,HIGH,NORMAL,FALSE,NORMAL,NORMAL,NORMAL,NORMAL,ZERO,FALSE,LOW,ZERO,LOW,HIGH,FALSE,FALSE,HIGH,NORMAL,LOW,FALSE,HIGH,ZERO,NORMAL,FALSE,NORMAL
TRUE,FALSE,NORMAL,FALSE,HIGH,FALSE,LOW,HIGH,NORMAL,NORMAL,NORMAL,ZERO,HIGH,NORMAL,NORMAL,FALSE,NORMAL,NORMAL,NORMAL,NORMAL,ZERO,FALSE,LOW,ZERO,LOW,LOW,FALSE,FALSE,LOW,NORMAL,LOW,FALSE,NORMAL,ZERO,NORMAL,FALSE,NORMAL
FALSE,FALSE,NORMAL,FALSE,HIGH,FALSE,HIGH,HIGH,NORMAL,LOW,NORMAL,LOW,HIGH,HIGH,NORMAL,FALSE,NORMAL,NORMAL,LOW,NORMAL,ZERO,FALSE,LOW,ZERO,LOW,HIGH,FALSE,FALSE,HIGH,NORMAL,LOW,FALSE,HIGH,ZERO,NORMAL,TRUE,NORMAL
FALSE,FALSE,NORMAL,FALSE,HIGH,FALSE,HIGH,LOW,NORMAL,LOW,NORMAL,LOW,HIGH,HIGH,NORMAL,FALSE,HIGH,NORMAL,LOW,HIGH,ZERO,FALSE,LOW,ZERO,LOW,HIGH,FALSE,TRUE,HIGH,HIGH,LOW,FALSE,HIGH,ZERO,NORMAL,FALSE,NORMAL
FALSE,FALSE,NORMAL,FALSE,HIGH,FALSE,HIGH,HIGH,NORMAL,HIGH,NORMAL,LOW,HIGH,HIGH,ONESIDED,FALSE,NORMAL,NORMAL,NORMAL,NORMAL,LOW,FALSE,LOW,LOW,NORMAL,HIGH,FALSE,TRUE,HIGH,NORMAL,LOW,FALSE,HIGH,LOW,NORMAL,FALSE,HIGH
FALSE,FALSE,NORMAL,FALSE,NORMAL,FALSE,HIGH,HIGH,NORMAL,LOW,NORMAL,LOW,HIGH,HIGH,NORMAL,FALSE,NORMAL,NORMAL,LOW,NORMAL,ZERO,FALSE,LOW,ZERO,LOW,HIGH,FALSE,FALSE,HIGH,NORMAL,LOW,FALSE,HIGH,NORMAL,NORMAL,FALSE,NORMAL
TRUE,FALSE,NORMAL,FALSE,HIGH,FALSE,HIGH,HIGH,NORMAL,LOW,NORMAL,ZERO,HIGH,HIGH,NORMAL,FALSE,NORMAL,NORMAL,LOW,NORMAL,ZERO,FALSE,LOW,ZERO,LOW,HIGH,FALSE,FALSE,HIGH,NORMAL,LOW,FALSE,HIGH,ZERO,NORMAL,FALSE,NORMAL
FALSE,FALSE,NORMAL,FALSE,HIGH,FALSE,HIGH,HIGH,NORMAL,LOW,NORMAL,LOW,HIGH,LOW,NORMAL,FALSE,HIGH,NORMAL,NORMAL,NORMAL,ZERO,FALSE,LOW,ZERO,LOW,HIGH,FALSE,TRUE,HIGH,HIGH,LOW,FALSE,HIGH,ZERO,LOW,TRUE,NORMAL
FALSE,FALSE,NORMAL,FALSE,HIGH,FALSE,HIGH,HIGH,NORMAL,HIGH,NORMAL,LOW,HIGH,HIGH,NORMAL,FALSE,NORMAL,NORMAL,NORMAL,NORMAL,ZERO,FALSE,LOW,ZERO,LOW,HIGH,FALSE,FALSE,HIGH,NORMAL,LOW,FALSE,HIGH,ZERO,NORMAL,FALSE,NORMAL
FALSE,FALSE,NORMAL,FALSE,HIGH,FALSE,LOW,HIGH,NORMAL,LOW,NORMAL,LOW,HIGH,NORMAL,NORMAL,FALSE,HIGH,NORMAL,LOW,HIGH,ZERO,FALSE,LOW,ZERO,LOW,LOW,FALSE,FALSE,LOW,HIGH,LOW,FALSE,NORMAL,ZERO,NORMAL,FALSE,NORMAL
FALSE,FALSE,NORMAL,FALSE,HIGH,FALSE,HIGH,NORMAL,NORMAL,HIGH,NORMAL,LOW,HIGH,HIGH,NORMAL,FALSE,NORMAL,NORMAL,HIGH,NORMAL,ZERO,FALSE,LOW,ZERO,LOW,HIGH,FALSE,FALSE,HIGH,NORMAL,LOW,FALSE,HIGH,ZERO,NORMAL,FALSE,NORMAL
FALSE,FALSE,NORMAL,FALSE,HIGH,FALSE,HIGH,LOW,NORMAL,NORMAL,NORMAL,LOW,HIGH,HIGH,NORMAL,FALSE,NORMAL,NORMAL,NORMAL,NORMAL,ZERO,FALSE,NORMAL,ZERO,LOW,HIGH,FALSE,FALSE,HIGH,NORMAL,NORMAL,FALSE,HIGH,ZERO,NORMAL,FALSE,NORMAL
TRUE,TRUE,NORMAL,TRUE,HIGH,FALSE,HIGH,ZERO,NORMAL,NORMAL,HIGH,NORMAL,HIGH,NORMAL,NORMAL,FALSE,NORMAL,HIGH,NORMAL,NORMAL,HIGH,FALSE,LOW,LOW,HIGH,HIGH,TRUE,FALSE,HIGH,NORMAL,LOW,FALSE,HIGH,LOW,LOW,FALSE,HIGH
FALSE,FALSE,NORMAL,FALSE,NORMAL,FALSE,HIGH,LOW,NORMAL,LOW,NORMAL,LOW,HIGH,HIGH,NORMAL,FALSE,HIGH,NORMAL,LOW,NORMAL,ZERO,FALSE,LOW,ZERO,LOW,NORMAL,FALSE,TRUE,HIGH,HIGH,LOW,FALSE,HIGH,NORMAL,NORMAL,FALSE,NORMAL
FALSE,FALSE,NORMAL,FALSE,HIGH,TRUE,NORMAL,LOW,NORMAL,HIGH,NORMAL,LOW,HIGH,HIGH,NORMAL,TRUE,LOW,NORMAL,NORMAL,LOW,ZERO,FALSE,LOW,ZERO,LOW,NORMAL,FALSE,FALSE,NORMAL,LOW,LOW,FALSE,HIGH,ZERO,NORMAL,FALSE,NORMAL
FALSE,TRUE,NORMAL,FALSE,LOW,FALSE,HIGH,LOW,NORMAL,LOW,HIGH,HIGH,HIGH,HIGH,NORMAL,FALSE,HIGH,HIGH,LOW,HIGH,LOW,FALSE,HIGH,HIGH,LOW,HIGH,FALSE,FALSE,HIGH,HIGH,HIGH,FALSE,HIGH,HIGH,NORMAL,FALSE,NORMAL
FALSE,FALSE,NORMAL,FALSE,LOW,FALSE,NORMAL,HIGH,NORMAL,LOW,ZERO,ZERO,HIGH,LOW,NORMAL,TRUE,HIGH,NORMAL,LOW,NORMAL,LOW,FALSE,HIGH,HIGH,LOW,HIGH,FALSE,TRUE,HIGH,HIGH,HIGH,FALSE,HIGH,HIGH,LOW,FALSE,NORMAL
FALSE,FALSE,NORMAL,FALSE,HIGH,FALSE,HIGH,HIGH,NORMAL,HIGH,NORMAL,LOW,HIGH,HIGH,NORMAL,FALSE,NORMAL,NORMAL,NORMAL,NORMAL,ZERO,FALSE,LOW,ZERO,LOW,HIGH,FALSE,FALSE,HIGH,NORMAL,LOW,FALSE,HIGH,ZERO,NORMAL,FALSE,NORMAL
FALSE,FALSE,NORMAL,FALSE,HIGH,FALSE,LOW,HIGH,NORMAL,LOW,NORMAL,LOW,HIGH,NORMAL,NORMAL,FALSE,HIGH,NORMAL,LOW,HIGH,ZERO,FALSE,LOW,ZERO,NORMAL,LOW,FALSE,TRUE,LOW,HIGH,LOW,FALSE,NORMAL,ZERO,NORMAL,FALSE,HIGH
TRUE,TRUE,NORMAL,FALSE,LOW,FALSE,HIGH,HIGH,NORMAL,HIGH,NORMAL,ZERO,HIGH,HIGH,NORMAL,FALSE,NORMAL,NORMAL,NORMAL,NORMAL,LOW,FALSE,HIGH,HIGH,LOW,HIGH,FALSE,FALSE,HIGH,NORMAL,HIGH,FALSE,HIGH,HIGH,NORMAL,FALSE,NORMAL
TRUE,FALSE,NORMAL,FALSE,HIGH,FALSE,HIGH,HIGH,NORMAL,HIGH,ZERO,ZERO,HIGH,LOW,NORMAL,FALSE,HIGH,NORMAL,HIGH,HIGH,ZERO,FALSE,LOW,ZERO,LOW,HIGH,FALSE,TRUE,HIGH,HIGH,LOW,FALSE,HIGH,ZERO,LOW,FALSE,NORMAL
FALSE,FALSE,NORMAL,FALSE,HIGH,FALSE,HIGH,HIGH,NORMAL,HIGH,NORMAL,LOW,HIGH,HIGH,NORMAL,FALSE,NORMAL,NORMAL,HIGH,NORMAL,ZERO,FALSE,LOW,ZERO,LOW,HIGH,FALSE,FALSE,HIGH,NORMAL,LOW,FALSE,HIGH,ZERO,NORMAL,FALSE,NORMAL
FALSE,TRUE,NORMAL,FALSE,HIGH,FALSE,HIGH,LOW,NORMAL,LOW,NORMAL,LOW,HIGH,HIGH,NORMAL,FALSE,LOW,NORMAL,LOW,LOW,ZERO,FALSE,LOW,ZERO,LOW,HIGH,FALSE,FALSE,LOW,LOW,LOW,FALSE,HIGH,ZERO,NORMAL,FALSE,NORMAL
FALSE,FALSE,NORMAL,TRUE,HIGH,FALSE,HIGH,HIGH,NORMAL,LOW,LOW,NORMAL,HIGH,LOW,NORMAL,FALSE,NORMAL,LOW,LOW,NORMAL,HIGH,FALSE,LOW,LOW,HIGH,HIGH,TRUE,FALSE,HIGH,NORMAL,LOW,FALSE,HIGH,LOW,LOW,FALSE,NORMAL
FALSE,FALSE,NORMAL,FALSE,HIGH,FALSE,HIGH,HIGH,NORMAL,HIGH,NORMAL,LOW,HIGH,HIGH,NORMAL,FALSE,NORMAL,NORMAL,HIGH,NORMAL,ZERO,FALSE,LOW,ZERO,ZERO,HIGH,FALSE,FALSE,LOW,NORMAL,LOW,FALSE,HIGH,ZERO,NORMAL,FALSE,NORMAL
FALSE,FALSE,NORMAL,FALSE,HIGH,FALSE,HIGH,HIGH,NORMAL,HIGH,NORMAL,LOW,HIGH,HIGH,NORMAL,FALSE,LOW,NORMAL,NORMAL,NORMAL,ZERO,FALSE,LOW,ZERO,LOW,HIGH,FALSE,FALSE,HIGH,LOW,LOW,FALSE,HIGH,ZERO,NORMAL,FALSE,NORMAL
FALSE,TRUE,NORMAL,FALSE,HIGH,FALSE,HIGH,HIGH,NORMAL,LOW,NORMAL,LOW,HIGH,LOW,NORMAL,FALSE,HIGH,NORMAL,LOW,HIGH,ZERO,FALSE,LOW,ZERO,LOW,HIGH,FALSE,TRUE,HIGH,HIGH,LOW,FALSE,HIGH,ZERO,LOW,FALSE,NORMAL
FALSE,FALSE,NORMAL,FALSE,HIGH,FALSE,HIGH,HIGH,NORMAL,NORMAL,NORMAL,LOW,HIGH,HIGH,ESOPHAGEAL,FALSE,LOW,NORMAL,NORMAL,NORMAL,ZERO,FALSE,LOW,LOW,LOW,HIGH,FALSE,FALSE,HIGH,NORMAL,LOW,FALSE,HIGH,LOW,NORMAL,FALSE,NORMAL
FALSE,TRUE,LOW,FALSE,HIGH,FALSE,LOW,HIGH,NORMAL,HIGH,NORMAL,LOW,NORMAL,NORMAL,NORMAL,FALSE,LOW,NORMAL,HIGH,NORMAL,ZERO,FALSE,LOW,ZERO,LOW,LOW,FALSE,FALSE,LOW,NORMAL,LOW,FALSE,NORMAL,ZERO,NORMAL,FALSE,NORMAL
FALSE,FALSE,NORMAL,FALSE,HIGH,FALSE,HIGH,NORMAL,NORMAL,LOW,NORMAL,LOW,HIGH,LOW,NORMAL,FALSE,HIGH,NORMAL,NORMAL,HIGH,ZERO,FALSE,LOW,ZERO,LOW,HIGH,FALSE,TRUE,HIGH,HIGH,LOW,FALSE,HIGH,ZERO,LOW,FALSE,NORMAL
FALSE,FALSE,NORMAL,FALSE,HIGH,FALSE,HIGH,HIGH,NORMAL,LOW,HIGH,HIGH,HIGH,LOW,ONESIDED,FALSE,HIGH,NORMAL,LOW,NORMAL,HIGH,FALSE,LOW,HIGH,HIGH,HIGH,FALSE,TRUE,HIGH,HIGH,LOW,FALSE,HIGH,LOW,LOW,FALSE,HIGH
FALSE,FALSE,NORMAL,FALSE,HIGH,FALSE,HIGH,NORMAL,NORMAL,LOW,NORMAL,LOW,HIGH,HIGH,NORMAL,FALSE,NORMAL,NORMAL,LOW,NORMAL,ZERO,FALSE,LOW,ZERO,LOW,HIGH,FALSE,FALSE,HIGH,NORMAL,LOW,FALSE,HIGH,ZERO,NORMAL,FALSE,NORMAL
FALSE,FALSE,NORMAL,FALSE,LOW,FALSE,HIGH,HIGH,NORMAL,HIGH,ZERO,ZERO,HIGH,HIGH,NORMAL,FALSE,NORMAL,NORMAL,NORMAL,NORMAL,LOW,FALSE,HIGH,HIGH,LOW,HIGH,FALSE,FALSE,HIGH,NORMAL,HIGH,FALSE,HIGH,HIGH,NORMAL,FALSE,NORMAL
FALSE,FALSE,NORMAL,FALSE,HIGH,FALSE,LOW,LOW,NORMAL,NORMAL,NORMAL,LOW,NORMAL,NORMAL,NORMAL,FALSE,NORMAL,NORMAL,NORMAL,NORMAL,ZERO,FALSE,LOW,ZERO,LOW,LOW,FALSE,FALSE,LOW,NORMAL,LOW,FALSE,NORMAL,ZERO,NORMAL,FALSE,NORMAL
FALSE,TRUE,NORMAL,FALSE,HIGH,FALSE,HIGH,NORMAL,NORMAL,HIGH,NORMAL,LOW,HIGH,HIGH,NORMAL,FALSE,NORMAL,NORMAL,NORMAL,NORMAL,ZERO,FALSE,LOW,ZERO,LOW,HIGH,FALSE,FALSE,HIGH,NORMAL,LOW,FALSE,HIGH,ZERO,NORMAL,FALSE,NORMAL
FALSE,FALSE,NORMAL,FALSE,HIGH,FALSE,HIGH,HIGH,NORMAL,NORMAL,NORMAL,LOW,HIGH,HIGH,NORMAL,FALSE,NORMAL,NORMAL,NORMAL,NORMAL,ZERO,FALSE,LOW,ZERO,LOW,HIGH,FALSE,FALSE,HIGH,NORMAL,LOW,FALSE,HIGH,ZERO,NORMAL,FALSE,NORMAL
FALSE,TRUE,NORMAL,FALSE,HIGH,FALSE,HIGH,HIGH,NORMAL,HIGH,NORMAL,LOW,HIGH,HIGH,NORMAL,FALSE,NORMAL,NORMAL,HIGH,NORMAL,ZERO,FALSE,LOW,ZERO,LOW,HIGH,FALSE,FALSE,HIGH,NORMAL,LOW,FALSE,HIGH,ZERO,NORMAL,FALSE,NORMAL
TRUE,FALSE,NORMAL,FALSE,HIGH,TRUE,LOW,HIGH,NORMAL,NORMAL,HIGH,NORMAL,HIGH,NORMAL,NORMAL,FALSE,NORMAL,HIGH,NORMAL,NORMAL,HIGH,FALSE,LOW,LOW,HIGH,LOW,FALSE,FALSE,LOW,NORMAL,LOW,FALSE,NORMAL,LOW,NORMAL,FALSE,NORMAL
FALSE,FALSE,NORMAL,TRUE,LOW,FALSE,NORMAL,HIGH,NORMAL,NORMAL,ZERO,ZERO,NORMAL,LOW,NORMAL,FALSE,NORMAL,NORMAL,HIGH,NORMAL,LOW,FALSE,HIGH,HIGH,LOW,LOW,TRUE,TRUE,LOW,NORMAL,NORMAL,FALSE,LOW,HIGH,LOW,FALSE,HIGH
FALSE,FALSE,NORMAL,FALSE,HIGH,FALSE,LOW,LOW,NORMAL,LOW,NORMAL,LOW,NORMAL,NORMAL,NORMAL,FALSE,LOW,NORMAL,LOW,NORMAL,ZERO,FALSE,LOW,ZERO,LOW,LOW,FALSE,FALSE,LOW,NORMAL,LOW,FALSE,NORMAL,ZERO,NORMAL,FALSE,NORMAL
FALSE,FALSE,NORMAL,TRUE,LOW,TRUE,LOW,HIGH,NORMAL,LOW,ZERO,ZERO,HIGH,LOW,NORMAL,FALSE,LOW,NORMAL,NORMAL,LOW,LOW,FALSE,HIGH,HIGH,LOW,NORMAL,TRUE,TRUE,LOW,LOW,HIGH,FALSE,NORMAL,HIGH,LOW,FALSE,NORMAL
FALSE,FALSE,NORMAL,FALSE,HIGH,FALSE,HIGH,LOW,NORMAL,NORMAL,NORMAL,LOW,HIGH,HIGH,NORMAL,FALSE,HIGH,NORMAL,NORMAL,HIGH,ZERO,FALSE,LOW,ZERO,LOW,HIGH,FALSE,TRUE,HIGH,HIGH,LOW,FALSE,HIGH,ZERO,NORMAL,TRUE,NORMAL
FALSE,FALSE,LOW,FALSE,HIGH,FALSE,HIGH,LOW,NORMAL,HIGH,NORMAL,LOW,HIGH,HIGH,NORMAL,FALSE,NORMAL,NORMAL,NORMAL,NORMAL,ZERO,FALSE,LOW,ZERO,LOW,HIGH,FALSE,FALSE,HIGH,NORMAL,LOW,FALSE,HIGH,ZERO,NORMAL,FALSE,NORMAL
FALSE,FALSE,LOW,FALSE,HIGH,FALSE,HIGH,NORMAL,NORMAL,HIGH,NORMAL,LOW,HIGH,HIGH,NORMAL,FALSE,NORMAL,NORMAL,HIGH,NORMAL,ZERO,FALSE,LOW,ZERO,LOW,HIGH,FALSE,FALSE,HIGH,NORMAL,LOW,FALSE,HIGH,ZERO,NORMAL,FALSE,NORMAL
FALSE,FALSE,HIGH,FALSE,HIGH,FALSE,HIGH,HIGH,NORMAL,LOW,LOW,ZERO,HIGH,HIGH,NORMAL,FALSE,HIGH,LOW,LOW,NORMAL,ZERO,FALSE,LOW,ZERO,LOW,HIGH,FALSE,TRUE,HIGH,HIGH,LOW,FALSE,HIGH,ZERO,NORMAL,FALSE,NORMAL
FALSE,FALSE,NORMAL,FALSE,HIGH,TRUE,HIGH,LOW,NORMAL,HIGH,NORMAL,LOW,HIGH,HIGH,NORMAL,FALSE,NORMAL,NORMAL,HIGH,NORMAL,ZERO,FALSE,LOW,ZERO,NORMAL,NORMAL,FALSE,FALSE,NORMAL,NORMAL,LOW,FALSE,HIGH,ZERO,NORMAL,FALSE,NORMAL
TRUE,FALSE,NORMAL,FALSE,LOW,FALSE,HIGH,HIGH,NORMAL,LOW,NORMAL,ZERO,HIGH,HIGH,NORMAL,FALSE,NORMAL,NORMAL,LOW,NORMAL,LOW,FALSE,HIGH,HIGH,LOW,HIGH,FALSE,FALSE,HIGH,NORMAL,HIGH,FALSE,HIGH,HIGH,HIGH,FALSE,NORMAL
FALSE,FALSE,NORMAL,FALSE,HIGH,FALSE,HIGH,NORMAL,NORMAL,HIGH,NORMAL,LOW,HIGH,HIGH,NORMAL,FALSE,NORMAL,NORMAL,NORMAL,NORMAL,ZERO,FALSE,LOW,ZERO,LOW,HIGH,FALSE,FALSE,HIGH,NORMAL,LOW,FALSE,HIGH,ZERO,NORMAL,FALSE,NORMAL
FALSE,FALSE,LOW,TRUE,LOW,FALSE,HIGH,HIGH,NORMAL,LOW,LOW,ZERO,HIGH,LOW,NORMAL,FALSE,LOW,LOW,LOW,LOW,LOW,TRUE,HIGH,HIGH,LOW,HIGH,TRUE,FALSE,HIGH,LOW,HIGH,FALSE,HIGH,HIGH,LOW,FALSE,NORMAL
FALSE,FALSE,NORMAL,FALSE,HIGH,FALSE,HIGH,NORMAL,NORMAL,HIGH,NORMAL,LOW,HIGH,HIGH,NORMAL,FALSE,LOW,NORMAL,HIGH,LOW,ZERO,FALSE,LOW,ZERO,LOW,HIGH,FALSE,FALSE,HIGH,LOW,LOW,FALSE,HIGH,ZERO,NORMAL,FALSE,NORMAL
FALSE,FALSE,NORMAL,FALSE,LOW,FALSE,HIGH,HIGH,LOW,HIGH,LOW,ZERO,NORMAL,HIGH,NORMAL,FALSE,NORMAL,LOW,HIGH,NORMAL,LOW,FALSE,NORMAL,HIGH,LOW,HIGH,FALSE,FALSE,HIGH,NORMAL,NORMAL,FALSE,HIGH,HIGH,NORMAL,FALSE,NORMAL
FALSE,FALSE,NORMAL,FALSE,HIGH,FALSE,HIGH,HIGH,NORMAL,NORMAL,NORMAL,LOW,HIGH,HIGH,NORMAL,FALSE,NORMAL,NORMAL,NORMAL,NORMAL,ZERO,FALSE,LOW,ZERO,LOW,HIGH,FALSE,FALSE,HIGH,NORMAL,LOW,FALSE,HIGH,ZERO,NORMAL,FALSE,NORMAL
TRUE,FALSE,NORMAL,FALSE,LOW,FALSE,HIGH,HIGH,NORMAL,HIGH,NORMAL,ZERO,HIGH,HIGH,NORMAL,FALSE,LOW,NORMAL,LOW,LOW,LOW,FALSE,HIGH,HIGH,LOW,HIGH,FALSE,TRUE,HIGH,LOW,HIGH,FALSE,HIGH,HIGH,NORMAL,FALSE,NORMAL
FALSE,FALSE,NORMAL,FALSE,HIGH,FALSE,HIGH,NORMAL,NORMAL,LOW,NORMAL,LOW,HIGH,HIGH,NORMAL,FALSE,NORMAL,NORMAL,LOW,NORMAL,ZERO,FALSE,LOW,ZERO,LOW,HIGH,FALSE,FALSE,HIGH,NORMAL,LOW,FALSE,HIGH,ZERO,NORMAL,FALSE,NORMAL
FALSE,FALSE,NORMAL,FALSE,HIGH,FALSE,HIGH,LOW,NORMAL,HIGH,NORMAL,LOW,HIGH,HIGH,NORMAL,FALSE,NORMAL,NORMAL,HIGH,NORMAL,ZERO,FALSE,LOW,ZERO,LOW,HIGH,FALSE,FALSE,HIGH,NORMAL,LOW,FALSE,HIGH,ZERO,NORMAL,FALSE,NORMAL
FALSE,FALSE,NORMAL,FALSE,HIGH,FALSE,HIGH,NORMAL,NORMAL,HIGH,NORMAL,LOW,HIGH,HIGH,NORMAL,FALSE,NORMAL,NORMAL,NORMAL,NORMAL,ZERO,FALSE,LOW,ZERO,LOW,HIGH,FALSE,FALSE,HIGH,NORMAL,LOW,FALSE,HIGH,LOW,NORMAL,FALSE,NORMAL
FALSE,FALSE,HIGH,FALSE,HIGH,FALSE,HIGH,LOW,NORMAL,HIGH,NORMAL,LOW,HIGH,HIGH,NORMAL,FALSE,NORMAL,NORMAL,HIGH,NORMAL,ZERO,FALSE,LOW,ZERO,LOW,HIGH,FALSE,FALSE,HIGH,NORMAL,LOW,FALSE,HIGH,ZERO,NORMAL,FALSE,NORMAL
FALSE,FALSE,NORMAL,FALSE,HIGH,TRUE,HIGH,HIGH,NORMAL,LOW,NORMAL,LOW,HIGH,LOW,NORMAL,FALSE,NORMAL,NORMAL,NORMAL,NORMAL,ZERO,FALSE,LOW,ZERO,LOW,NORMAL,FALSE,FALSE,NORMAL,NORMAL,LOW,FALSE,HIGH,ZERO,NORMAL,FALSE,NORMAL
FALSE,FALSE,NORMAL,FALSE,HIGH,FALSE,LOW,HIGH,NORMAL,HIGH,NORMAL,LOW,HIGH,LOW,ESOPHAGEAL,FALSE,NORMAL,NORMAL,HIGH,NORMAL,ZERO,FALSE,LOW,LOW,LOW,LOW,FALSE,FALSE,HIGH,NORMAL,LOW,FALSE,LOW,LOW,NORMAL,FALSE,NORMAL
FALSE,FALSE,NORMAL,FALSE,HIGH,FALSE,LOW,LOW,NORMAL,NORMAL,NORMAL,LOW,NORMAL,NORMAL,NORMAL,FALSE,HIGH,NORMAL,HIGH,HIGH,ZERO,FALSE,LOW,ZERO,LOW,LOW,FALSE,TRUE,LOW,HIGH,LOW,FALSE,NORMAL,ZERO,NORMAL,FALSE,NORMAL
FALSE,FALSE,NORMAL,FALSE,LOW,FALSE,LOW,LOW,NORMAL,NORMAL,HIGH,HIGH,NORMAL,LOW,NORMAL,FALSE,HIGH,HIGH,HIGH,HIGH,LOW,FALSE,HIGH,HIGH,LOW,LOW,FALSE,TRUE,LOW,HIGH,NORMAL,FALSE,NORMAL,HIGH,LOW,FALSE,NORMAL
FALSE,FALSE,NORMAL,FALSE,HIGH,FALSE,HIGH,NORMAL,NORMAL,HIGH,NORMAL,LOW,HIGH,HIGH,NORMAL,FALSE,NORMAL,NORMAL,NORMAL,NORMAL,ZERO,FALSE,LOW,ZERO,LOW,HIGH,FALSE,FALSE,HIGH,NORMAL,LOW,FALSE,HIGH,ZERO,NORMAL,FALSE,NORMAL
FALSE,TRUE,NORMAL,FALSE,HIGH,FALSE,HIGH,NORMAL,NORMAL,HIGH,NORMAL,LOW,HIGH,HIGH,NORMAL,FALSE,LOW,NORMAL,HIGH,LOW,ZERO,FALSE,LOW,ZERO,LOW,HIGH,FALSE,FALSE,HIGH,LOW,LOW,FALSE,HIGH,ZERO,NORMAL,FALSE,NORMAL
FALSE,FALSE,NORMAL,FALSE,HIGH,FALSE,HIGH,NORMAL,NORMAL,NORMAL,NORMAL,LOW,HIGH,HIGH,NORMAL,FALSE,NORMAL,NORMAL,NORMAL,NORMAL,ZERO,FALSE,LOW,ZERO,LOW,HIGH,FALSE,FALSE,HIGH,NORMAL,LOW,FALSE,HIGH,ZERO,NORMAL,FALSE,NORMAL
FALSE,TRUE,NORMAL,FALSE,HIGH,FALSE,LOW,LOW,NORMAL,NORMAL,NORMAL,LOW,HIGH,NORMAL,NORMAL,FALSE,NORMAL,NORMAL,NORMAL,NORMAL,ZERO,FALSE,LOW,ZERO,LOW,LOW,FALSE,FALSE,LOW,NORMAL,LOW,FALSE,NORMAL,ZERO,NORMAL,FALSE,NORMAL
FALSE,FALSE,NORMAL,FALSE,NORMAL,FALSE,HIGH,HIGH,NORMAL,NORMAL,HIGH,HIGH,HIGH,HIGH,ESOPHAGEAL,FALSE,LOW,HIGH,LOW,NORMAL,NORMAL,FALSE,HIGH,LOW,NORMAL,HIGH,FALSE,FALSE,HIGH,NORMAL,HIGH,FALSE,HIGH,HIGH,NORMAL,FALSE,NORMAL
FALSE,FALSE,NORMAL,FALSE,HIGH,FALSE,HIGH,LOW,NORMAL,HIGH,NORMAL,LOW,HIGH,HIGH,NORMAL,FALSE,NORMAL,NORMAL,NORMAL,NORMAL,ZERO,FALSE,LOW,ZERO,LOW,HIGH,FALSE,FALSE,HIGH,NORMAL,LOW,FALSE,HIGH,ZERO,NORMAL,FALSE,NORMAL
FALSE,FALSE,NORMAL,FALSE,HIGH,FALSE,HIGH,HIGH,NORMAL,LOW,NORMAL,LOW,HIGH,HIGH,NORMAL,FALSE,HIGH,NORMAL,LOW,NORMAL,ZERO,FALSE,LOW,ZERO,LOW,HIGH,FALSE,TRUE,HIGH,HIGH,LOW,FALSE,HIGH,ZERO,NORMAL,FALSE,NORMAL
FALSE,FALSE,NORMAL,FALSE,LOW,FALSE,HIGH,ZERO,NORMAL,LOW,HIGH,HIGH,HIGH,HIGH,ESOPHAGEAL,FALSE,NORMAL,HIGH,LOW,NORMAL,NORMAL,FALSE,HIGH,ZERO,NORMAL,HIGH,FALSE,FALSE,HIGH,NORMAL,HIGH,FALSE,HIGH,HIGH,NORMAL,FALSE,NORMAL
FALSE,FALSE,NORMAL,FALSE,LOW,FALSE,LOW,HIGH,LOW,HIGH,ZERO,ZERO,NORMAL,NORMAL,NORMAL,FALSE,NORMAL,NORMAL,HIGH,NORMAL,LOW,FALSE,NORMAL,HIGH,LOW,LOW,FALSE,FALSE,LOW,NORMAL,NORMAL,FALSE,NORMAL,HIGH,NORMAL,FALSE,NORMAL
TRUE,FALSE,NORMAL,FALSE,NORMAL,FALSE,NORMAL,HIGH,NORMAL,LOW,NORMAL,ZERO,HIGH,NORMAL,NORMAL,TRUE,NORMAL,NORMAL,LOW,NORMAL,LOW,FALSE,HIGH,HIGH,ZERO,HIGH,FALSE,FALSE,HIGH,NORMAL,HIGH,FALSE,HIGH,HIGH,NORMAL,FALSE,NORMAL
FALSE,FALSE,NORMAL,FALSE,HIGH,FALSE,HIGH,HIGH,NORMAL,HIGH,NORMAL,LOW,HIGH,HIGH,NORMAL,FALSE,NORMAL,NORMAL,HIGH,HIGH,ZERO,FALSE,LOW,ZERO,LOW,HIGH,FALSE,FALSE,HIGH,NORMAL,LOW,FALSE,HIGH,ZERO,NORMAL,FALSE,NORMAL
FALSE,FALSE,NORMAL,FALSE,HIGH,FALSE,HIGH,HIGH,NORMAL,NORMAL,NORMAL,LOW,HIGH,HIGH,NORMAL,FALSE,NORMAL,NORMAL,NORMAL,NORMAL,ZERO,FALSE,LOW,ZERO,LOW,HIGH,FALSE,FALSE,HIGH,NORMAL,LOW,FALSE,HIGH,ZERO,NORMAL,FALSE,NORMAL
FALSE,FALSE,NORMAL,FALSE,HIGH,FALSE,HIGH,LOW,NORMAL,LOW,NORMAL,LOW,HIGH,HIGH,NORMAL,FALSE,NORMAL,NORMAL,HIGH,NORMAL,ZERO,FALSE,LOW,ZERO,LOW,LOW,FALSE,FALSE,HIGH,NORMAL,LOW,FALSE,HIGH,ZERO,NORMAL,FALSE,NORMAL
FALSE,FALSE,NORMAL,TRUE,HIGH,FALSE,HIGH,HIGH,NORMAL,LOW,NORMAL,LOW,HIGH,LOW,NORMAL,FALSE,LOW,NORMAL,NORMAL,LOW,HIGH,FALSE,LOW,LOW,HIGH,HIGH,TRUE,FALSE,HIGH,LOW,LOW,FALSE,HIGH,LOW,LOW,FALSE,NORMAL
FALSE,FALSE,NORMAL,TRUE,HIGH,FALSE,LOW,NORMAL,NORMAL,LOW,NORMAL,LOW,HIGH,LOW,NORMAL,FALSE,LOW,NORMAL,LOW,LOW,ZERO,FALSE,LOW,ZERO,NORMAL,LOW,TRUE,FALSE,LOW,LOW,LOW,FALSE,NORMAL,ZERO,LOW,FALSE,NORMAL
FALSE,FALSE,NORMAL,FALSE,HIGH,FALSE,HIGH,LOW,NORMAL,HIGH,NORMAL,LOW,HIGH,NORMAL,NORMAL,FALSE,NORMAL,NORMAL,NORMAL,NORMAL,ZERO,FALSE,LOW,ZERO,LOW,HIGH,FALSE,FALSE,HIGH,NORMAL,LOW,FALSE,HIGH,ZERO,NORMAL,FALSE,NORMAL
FALSE,FALSE,NORMAL,FALSE,HIGH,TRUE,HIGH,NORMAL,NORMAL,LOW,NORMAL,LOW,HIGH,HIGH,NORMAL,FALSE,LOW,NORMAL,LOW,LOW,ZERO,FALSE,NORMAL,ZERO,LOW,NORMAL,FALSE,FALSE,NORMAL,LOW,NORMAL,FALSE,HIGH,ZERO,HIGH,FALSE,NORMAL
FALSE,FALSE,NORMAL,FALSE,HIGH,FALSE,HIGH,HIGH,NORMAL,HIGH,HIGH,NORMAL,HIGH,HIGH,NORMAL,FALSE,NORMAL,HIGH,HIGH,NORMAL,HIGH,FALSE,LOW,LOW,HIGH,HIGH,FALSE,FALSE,HIGH,NORMAL,LOW,FALSE,HIGH,LOW,NORMAL,FALSE,HIGH
FALSE,FALSE,NORMAL,FALSE,HIGH,FALSE,LOW,NORMAL,NORMAL,HIGH,NORMAL,LOW,NORMAL,NORMAL,NORMAL,FALSE,NORMAL,NORMAL,HIGH,NORMAL,ZERO,FALSE,LOW,ZERO,LOW,LOW,FALSE,FALSE,LOW,NORMAL,LOW,FALSE,NORMAL,ZERO,NORMAL,FALSE,NORMAL
FALSE,FALSE,NORMAL,FALSE,HIGH,FALSE,HIGH,HIGH,NORMAL,NORMAL,NORMAL,LOW,HIGH,HIGH,NORMAL,FALSE,HIGH,NORMAL,NORMAL,HIGH,ZERO,FALSE,NORMAL,ZERO,LOW,HIGH,FALSE,FALSE,HIGH,HIGH,NORMAL,FALSE,HIGH,ZERO,NORMAL,FALSE,NORMAL
FALSE,FALSE,NORMAL,FALSE,HIGH,FALSE,HIGH,LOW,NORMAL,NORMAL,NORMAL,LOW,HIGH,HIGH,NORMAL,FALSE,NORMAL,NORMAL,NORMAL,NORMAL,ZERO,FALSE,LOW,ZERO,LOW,HIGH,FALSE,FALSE,HIGH,NORMAL,LOW,FALSE,HIGH,ZERO,HIGH,FALSE,NORMAL
FALSE,FALSE,NORMAL,FALSE,HIGH,FALSE,HIGH,NORMAL,NORMAL,HIGH,NORMAL,LOW,HIGH,HIGH,NORMAL,FALSE,NORMAL,NORMAL,HIGH,NORMAL,ZERO,FALSE,LOW,HIGH,LOW,HIGH,FALSE,FALSE,HIGH,NORMAL,LOW,FALSE,HIGH,ZERO,NORMAL,FALSE,NORMAL
FALSE,FALSE,NORMAL,FALSE,HIGH,FALSE,HIGH,HIGH,NORMAL,HIGH,NORMAL,LOW,HIGH,HIGH,NORMAL,FALSE,NORMAL,NORMAL,NORMAL,NORMAL,ZERO,FALSE,LOW,ZERO,LOW,HIGH,FALSE,FALSE,HIGH,NORMAL,LOW,FALSE,HIGH,ZERO,NORMAL,FALSE,NORMAL
FALSE,FALSE,NORMAL,FALSE,HIGH,FALSE,HIGH,HIGH,LOW,LOW,NORMAL,LOW,HIGH,HIGH,NORMAL,FALSE,NORMAL,NORMAL,LOW,NORMAL,ZERO,FALSE,LOW,ZERO,LOW,HIGH,FALSE,FALSE,HIGH,NORMAL,LOW,FALSE,HIGH,ZERO,NORMAL,FALSE,NORMAL
FALSE,FALSE,NORMAL,FALSE,HIGH,TRUE,HIGH,LOW,NORMAL,LOW,NORMAL,LOW,HIGH,HIGH,NORMAL,FALSE,NORMAL,NORMAL,LOW,NORMAL,ZERO,FALSE,LOW,ZERO,LOW,NORMAL,FALSE,TRUE,NORMAL,NORMAL,LOW,FALSE,HIGH,ZERO,NORMAL,FALSE,NORMAL
FALSE,FALSE,NORMAL,FALSE,HIGH,FALSE,HIGH,HIGH,NORMAL,NORMAL,NORMAL,LOW,HIGH,HIGH,NORMAL,FALSE,NORMAL,LOW,NORMAL,NORMAL,ZERO,FALSE,LOW,ZERO,LOW,HIGH,FALSE,FALSE,HIGH,NORMAL,LOW,FALSE,HIGH,ZERO,NORMAL,FALSE,NORMAL
FALSE,TRUE,NORMAL,FALSE,HIGH,FALSE,HIGH,LOW,NORMAL,HIGH,NORMAL,LOW,HIGH,HIGH,NORMAL,FALSE,NORMAL,NORMAL,NORMAL,NORMAL,ZERO,FALSE,LOW,ZERO,LOW,HIGH,FALSE,FALSE,HIGH,NORMAL,LOW,FALSE,HIGH,ZERO,NORMAL,FALSE,NORMAL
FALSE,FALSE,NORMAL,FALSE,HIGH,FALSE,HIGH,HIGH,NORMAL,HIGH,ZERO,ZERO,HIGH,HIGH,NORMAL,FALSE,NORMAL,NORMAL,HIGH,NORMAL,ZERO,FALSE,LOW,ZERO,LOW,HIGH,FALSE,FALSE,HIGH,NORMAL,LOW,FALSE,HIGH,ZERO,NORMAL,FALSE,NORMAL
FALSE,FALSE,NORMAL,FALSE,LOW,FALSE,HIGH,HIGH,NORMAL,LOW,ZERO,ZERO,HIGH,HIGH,NORMAL,FALSE,NORMAL,NORMAL,LOW,LOW,LOW,FALSE,HIGH,HIGH,LOW,HIGH,FALSE,FALSE,HIGH,NORMAL,HIGH,FALSE,HIGH,HIGH,NORMAL,FALSE,NORMAL
FALSE,TRUE,NORMAL,FALSE,HIGH,FALSE,HIGH,HIGH,NORMAL,LOW,NORMAL,LOW,HIGH,HIGH,NORMAL,FALSE,NORMAL,NORMAL,LOW,NORMAL,ZERO,FALSE,LOW,ZERO,LOW,HIGH,FALSE,TRUE,HIGH,NORMAL,LOW,FALSE,HIGH,ZERO,NORMAL,FALSE,NORMAL
FALSE,FALSE,HIGH,FALSE,HIGH,TRUE,HIGH,HIGH,NORMAL,HIGH,LOW,ZERO,HIGH,HIGH,NORMAL,FALSE,HIGH,LOW,NORMAL,HIGH,HIGH,FALSE,LOW,LOW,HIGH,NORMAL,FALSE,TRUE,NORMAL,HIGH,LOW,FALSE,HIGH,LOW,NORMAL,FALSE,NORMAL
FALSE,FALSE,NORMAL,FALSE,HIGH,FALSE,HIGH,HIGH,NORMAL,LOW,NORMAL,NORMAL,HIGH,NORMAL,NORMAL,FALSE,HIGH,NORMAL,LOW,NORMAL,HIGH,FALSE,LOW,LOW,HIGH,HIGH,FALSE,TRUE,HIGH,HIGH,LOW,FALSE,HIGH,LOW,LOW,FALSE,HIGH
FALSE,FALSE,NORMAL,FALSE,HIGH,FALSE,LOW,LOW,NORMAL,LOW,NORMAL,LOW,HIGH,LOW,NORMAL,FALSE,HIGH,NORMAL,NORMAL,HIGH,ZERO,FALSE,LOW,ZERO,LOW,HIGH,FALSE,TRUE,HIGH,HIGH,LOW,FALSE,HIGH,ZERO,LOW,FALSE,NORMAL
FALSE,FALSE,NORMAL,FALSE,HIGH,FALSE,HIGH,HIGH,NORMAL,NORMAL,NORMAL,LOW,HIGH,LOW,NORMAL,FALSE,HIGH,NORMAL,HIGH,HIGH,ZERO,FALSE,LOW,ZERO,LOW,HIGH,FALSE,TRUE,HIGH,HIGH,LOW,FALSE,HIGH,ZERO,LOW,FALSE,NORMAL
FALSE,FALSE,NORMAL,FALSE,HIGH,FALSE,LOW,LOW,NORMAL,HIGH,NORMAL,LOW,HIGH,NORMAL,NORMAL,FALSE,HIGH,NORMAL,NORMAL,HIGH,ZERO,FALSE,LOW,ZERO,LOW,LOW,FALSE,FALSE,LOW,HIGH,LOW,FALSE,NORMAL,ZERO,NORMAL,FALSE,NORMAL
FALSE,FALSE,NORMAL,FALSE,HIGH,TRUE,HIGH,NORMAL,LOW,NORMAL,NORMAL,LOW,HIGH,HIGH,NORMAL,FALSE,NORMAL,NORMAL,NORMAL,NORMAL,ZERO,FALSE,LOW,ZERO,LOW,NORMAL,FALSE,FALSE,NORMAL,NORMAL,LOW,FALSE,HIGH,ZERO,NORMAL,FALSE,NORMAL
FALSE,FALSE,NORMAL,FALSE,LOW,FALSE,HIGH,LOW,NORMAL,NORMAL,HIGH,HIGH,HIGH,HIGH,NORMAL,FALSE,NORMAL,HIGH,NORMAL,NORMAL,LOW,FALSE,HIGH,HIGH,LOW,HIGH,FALSE,FALSE,HIGH,NORMAL,HIGH,FALSE,HIGH,HIGH,NORMAL,FALSE,NORMAL
FALSE,FALSE,NORMAL,FALSE,NORMAL,FALSE,HIGH,NORMAL,NORMAL,HIGH,NORMAL,LOW,HIGH,HIGH,NORMAL,FALSE,NORMAL,NORMAL,NORMAL,NORMAL,NORMAL,FALSE,NORMAL,ZERO,NORMAL,HIGH,FALSE,FALSE,HIGH,NORMAL,NORMAL,FALSE,HIGH,NORMAL,NORMAL,FALSE,NORMAL
FALSE,FALSE,NORMAL,FALSE,HIGH,FALSE,HIGH,HIGH,NORMAL,HIGH,NORMAL,LOW,HIGH,HIGH,ONESIDED,FALSE,NORMAL,NORMAL,NORMAL,NORMAL,LOW,FALSE,LOW,ZERO,NORMAL,HIGH,FALSE,FALSE,HIGH,NORMAL,LOW,FALSE,HIGH,LOW,NORMAL,FALSE,HIGH
FALSE,FALSE,NORMAL,FALSE,HIGH,FALSE,HIGH,NORMAL,NORMAL,HIGH,NORMAL,LOW,HIGH,HIGH,NORMAL,FALSE,NORMAL,NORMAL,HIGH,NORMAL,ZERO,FALSE,LOW,ZERO,LOW,HIGH,FALSE,FALSE,HIGH,NORMAL,LOW,FALSE,HIGH,ZERO,NORMAL,FALSE,NORMAL
FALSE,FALSE,NORMAL,FALSE,HIGH,FALSE,HIGH,LOW,NORMAL,HIGH,NORMAL,LOW,HIGH,HIGH,NORMAL,FALSE,NORMAL,NORMAL,NORMAL,NORMAL,ZERO,FALSE,LOW,ZERO,LOW,HIGH,FALSE,FALSE,HIGH,NORMAL,LOW,FALSE,HIGH,ZERO,NORMAL,FALSE,NORMAL
FALSE,TRUE,NORMAL,FALSE,HIGH,FALSE,HIGH,HIGH,NORMAL,HIGH,ZERO,ZERO,HIGH,NORMAL,NORMAL,FALSE,NORMAL,NORMAL,HIGH,NORMAL,ZERO,FALSE,LOW,LOW,LOW,HIGH,FALSE,FALSE,HIGH,NORMAL,LOW,FALSE,HIGH,ZERO,NORMAL,FALSE,NORMAL
TRUE,FALSE,NORMAL,FALSE,HIGH,FALSE,HIGH,HIGH,NORMAL,HIGH,NORMAL,ZERO,HIGH,HIGH,NORMAL,FALSE,NORMAL,NORMAL,HIGH,NORMAL,ZERO,FALSE,LOW,ZERO,LOW,HIGH,FALSE,FALSE,HIGH,NORMAL,LOW,FALSE,HIGH,ZERO,NORMAL,FALSE,NORMAL
FALSE,FALSE,NORMAL,FALSE,HIGH,FALSE,HIGH,LOW,NORMAL,HIGH,NORMAL,LOW,HIGH,HIGH,NORMAL,FALSE,LOW,NORMAL,HIGH,LOW,ZERO,FALSE,LOW,ZERO,LOW,HIGH,FALSE,FALSE,HIGH,LOW,LOW,FALSE,HIGH,ZERO,NORMAL,FALSE,NORMAL
TRUE,FALSE,HIGH,FALSE,NORMAL,FALSE,LOW,HIGH,NORMAL,NORMAL,NORMAL,ZERO,NORMAL,HIGH,NORMAL,FALSE,HIGH,NORMAL,HIGH,HIGH,LOW,FALSE,HIGH,HIGH,ZERO,LOW,FALSE,TRUE,LOW,HIGH,HIGH,FALSE,NORMAL,HIGH,NORMAL,FALSE,NORMAL
FALSE,FALSE,NORMAL,FALSE,HIGH,FALSE,HIGH,HIGH,NORMAL,LOW,NORMAL,LOW,HIGH,HIGH,NORMAL,FALSE,NORMAL,NORMAL,LOW,NORMAL,ZERO,FALSE,LOW,ZERO,LOW,HIGH,FALSE,FALSE,HIGH,NORMAL,LOW,FALSE,HIGH,ZERO,NORMAL,TRUE,NORMAL
FALSE,FALSE,NORMAL,FALSE,HIGH,FALSE,HIGH,LOW,NORMAL,HIGH,NORMAL,LOW,HIGH,HIGH,NORMAL,FALSE,NORMAL,NORMAL,NORMAL,NORMAL,ZERO,FALSE,LOW,ZERO,LOW,HIGH,FALSE,FALSE,HIGH,NORMAL,LOW,FALSE,HIGH,ZERO,NORMAL,FALSE,NORMAL
FALSE,FALSE,NORMAL,FALSE,HIGH,FALSE,HIGH,HIGH,NORMAL,HIGH,HIGH,HIGH,HIGH,HIGH,ONESIDED,FALSE,NORMAL,HIGH,NORMAL,NORMAL,HIGH,FALSE,LOW,HIGH,HIGH,HIGH,FALSE,FALSE,HIGH,NORMAL,LOW,FALSE,HIGH,LOW,NORMAL,FALSE,HIGH
FALSE,FALSE,NORMAL,FALSE,LOW,TRUE,LOW,HIGH,NORMAL,HIGH,NORMAL,LOW,NORMAL,NORMAL,NORMAL,FALSE,NORMAL,NORMAL,HIGH,NORMAL,ZERO,FALSE,LOW,ZERO,ZERO,NORMAL,FALSE,FALSE,HIGH,NORMAL,LOW,FALSE,NORMAL,ZERO,NORMAL,TRUE,NORMAL
FALSE,FALSE,NORMAL,FALSE,HIGH,FALSE,HIGH,LOW,NORMAL,HIGH,NORMAL,LOW,HIGH,HIGH,NORMAL,FALSE,LOW,NORMAL,NORMAL,LOW,ZERO,FALSE,LOW,ZERO,LOW,HIGH,FALSE,FALSE,HIGH,LOW,LOW,FALSE,HIGH,ZERO,NORMAL,FALSE,NORMAL
FALSE,FALSE,NORMAL,FALSE,LOW,FALSE,LOW,HIGH,NORMAL,LOW,LOW,ZERO,NORMAL,NORMAL,NORMAL,FALSE,NORMAL,LOW,LOW,NORMAL,LOW,FALSE,HIGH,HIGH,LOW,LOW,FALSE,FALSE,LOW,NORMAL,HIGH,FALSE,NORMAL,HIGH,NORMAL,FALSE,NORMAL
FALSE,FALSE,NORMAL,FALSE,LOW,FALSE,HIGH,LOW,NORMAL,HIGH,HIGH,HIGH,NORMAL,HIGH,NORMAL,FALSE,NORMAL,HIGH,NORMAL,NORMAL,LOW,FALSE,HIGH,HIGH,LOW,HIGH,FALSE,FALSE,HIGH,NORMAL,HIGH,FALSE,HIGH,HIGH,HIGH,FALSE,NORMAL
FALSE,FALSE,LOW,FALSE,HIGH,FALSE,HIGH,NORMAL,NORMAL,LOW,NORMAL,LOW,HIGH,HIGH,NORMAL,FALSE,NORMAL,NORMAL,LOW,NORMAL,ZERO,FALSE,LOW,ZERO,LOW,HIGH,FALSE,FALSE,HIGH,NORMAL,LOW,FALSE,HIGH,ZERO,NORMAL,FALSE,NORMAL
FALSE,FALSE,NORMAL,FALSE,LOW,FALSE,HIGH,LOW,NORMAL,LOW,HIGH,HIGH,HIGH,NORMAL,NORMAL,FALSE,NORMAL,NORMAL,NORMAL,NORMAL,LOW,FALSE,HIGH,HIGH,LOW,HIGH,FALSE,FALSE,HIGH,NORMAL,HIGH,FALSE,HIGH,HIGH,LOW,FALSE,NORMAL
FALSE,FALSE,NORMAL,FALSE,HIGH,FALSE,HIGH,LOW,NORMAL,HIGH,NORMAL,LOW,HIGH,HIGH,NORMAL,FALSE,NORMAL,NORMAL,HIGH,NORMAL,ZERO,FALSE,LOW,ZERO,NORMAL,HIGH,FALSE,FALSE,HIGH,NORMAL,LOW,FALSE,HIGH,ZERO,NORMAL,FALSE,NORMAL
FALSE,FALSE,NORMAL,FALSE,HIGH,FALSE,HIGH,LOW,NORMAL,HIGH,NORMAL,LOW,HIGH,HIGH,NORMAL,FALSE,NORMAL,NORMAL,NORMAL,NORMAL,ZERO,FALSE,LOW,ZERO,LOW,HIGH,FALSE,FALSE,HIGH,NORMAL,LOW,FALSE,HIGH,ZERO,NORMAL,FALSE,NORMAL
FALSE,FALSE,NORMAL,FALSE,HIGH,FALSE,HIGH,HIGH,NORMAL,NORMAL,NORMAL,LOW,HIGH,NORMAL,NORMAL,FALSE,LOW,NORMAL,NORMAL,LOW,ZERO,FALSE,LOW,ZERO,LOW,HIGH,FALSE,TRUE,HIGH,LOW,LOW,FALSE,HIGH,ZERO,LOW,FALSE,NORMAL
FALSE,FALSE,NORMAL,FALSE,HIGH,FALSE,HIGH,HIGH,NORMAL,HIGH,NORMAL,LOW,HIGH,HIGH,NORMAL,FALSE,HIGH,NORMAL,NORMAL,HIGH,ZERO,FALSE,LOW,ZERO,LOW,HIGH,FALSE,TRUE,HIGH,HIGH,LOW,FALSE,HIGH,ZERO,NORMAL,FALSE,NORMAL
FALSE,FALSE,NORMAL,FALSE,HIGH,FALSE,HIGH,HIGH,NORMAL,NORMAL,NORMAL,LOW,HIGH,HIGH,NORMAL,FALSE,HIGH,NORMAL,HIGH,NORMAL,ZERO,FALSE,LOW,ZERO,LOW,HIGH,FALSE,TRUE,HIGH,HIGH,LOW,FALSE,HIGH,ZERO,NORMAL,FALSE,NORMAL
FALSE,FALSE,NORMAL,FALSE,HIGH,FALSE,HIGH,NORMAL,NORMAL,LOW,NORMAL,LOW,HIGH,LOW,NORMAL,FALSE,HIGH,NORMAL,NORMAL,HIGH,ZERO,FALSE,LOW,ZERO,LOW,HIGH,FALSE,TRUE,HIGH,HIGH,LOW,FALSE,HIGH,ZERO,LOW,FALSE,NORMAL
FALSE,FALSE,NORMAL,TRUE,HIGH,FALSE,HIGH,NORMAL,NORMAL,LOW,NORMAL,LOW,HIGH,NORMAL,NORMAL,FALSE,NORMAL,NORMAL,LOW,LOW,ZERO,FALSE,LOW,ZERO,LOW,HIGH,TRUE,FALSE,HIGH,LOW,LOW,FALSE,HIGH,ZERO,LOW,FALSE,NORMAL
FALSE,FALSE,NORMAL,FALSE,HIGH,FALSE,HIGH,HIGH,NORMAL,LOW,NORMAL,LOW,HIGH,HIGH,ONESIDED,FALSE,NORMAL,NORMAL,LOW,NORMAL,LOW,FALSE,LOW,ZERO,NORMAL,HIGH,FALSE,FALSE,HIGH,NORMAL,LOW,FALSE,HIGH,LOW,NORMAL,FALSE,HIGH
TRUE,FALSE,NORMAL,FALSE,HIGH,FALSE,LOW,HIGH,NORMAL,NORMAL,NORMAL,ZERO,HIGH,LOW,NORMAL,FALSE,LOW,NORMAL,HIGH,LOW,ZERO,FALSE,LOW,ZERO,LOW,LOW,FALSE,FALSE,LOW,LOW,LOW,FALSE,NORMAL,ZERO,LOW,FALSE,NORMAL
FALSE,FALSE,NORMAL,FALSE,LOW,FALSE,HIGH,HIGH,NORMAL,LOW,ZERO,ZERO,HIGH,HIGH,NORMAL,FALSE,NORMAL,NORMAL,LOW,NORMAL,LOW,FALSE,HIGH,HIGH,LOW,HIGH,FALSE,FALSE,HIGH,NORMAL,HIGH,FALSE,HIGH,HIGH,NORMAL,FALSE,NORMAL
FALSE,FALSE,NORMAL,FALSE,NORMAL,FALSE,HIGH,HIGH,LOW,LOW,NORMAL,LOW,HIGH,HIGH,NORMAL,FALSE,NORMAL,NORMAL,LOW,NORMAL,NORMAL,FALSE,LOW,ZERO,NORMAL,HIGH,FALSE,FALSE,HIGH,NORMAL,LOW,FALSE,HIGH,NORMAL,NORMAL,FALSE,NORMAL
FALSE,FALSE,NORMAL,FALSE,HIGH,FALSE,HIGH,NORMAL,NORMAL,NORMAL,NORMAL,LOW,HIGH,HIGH,NORMAL,FALSE,NORMAL,NORMAL,LOW,NORMAL,ZERO,FALSE,LOW,ZERO,LOW,HIGH,FALSE,FALSE,HIGH,NORMAL,LOW,FALSE,HIGH,ZERO,NORMAL,FALSE,NORMAL
FALSE,FALSE,NORMAL,FALSE,HIGH,FALSE,HIGH,LOW,NORMAL,HIGH,HIGH,HIGH,HIGH,HIGH,NORMAL,FALSE,NORMAL,HIGH,NORMAL,NORMAL,ZERO,FALSE,LOW,ZERO,LOW,HIGH,FALSE,FALSE,HIGH,NORMAL,LOW,FALSE,HIGH,ZERO,NORMAL,FALSE,NORMAL
FALSE,FALSE,LOW,FALSE,HIGH,FALSE,HIGH,NORMAL,NORMAL,HIGH,NORMAL,LOW,HIGH,HIGH,NORMAL,FALSE,HIGH,NORMAL,NORMAL,HIGH,ZERO,FALSE,LOW,ZERO,LOW,HIGH,FALSE,TRUE,HIGH,HIGH,LOW,FALSE,HIGH,ZERO,NORMAL,FALSE,NORMAL
FALSE,FALSE,NORMAL,FALSE,HIGH,FALSE,HIGH,LOW,NORMAL,LOW,NORMAL,LOW,HIGH,HIGH,NORMAL,FALSE,NORMAL,NORMAL,LOW,NORMAL,ZERO,FALSE,LOW,ZERO,LOW,HIGH,FALSE,FALSE,HIGH,NORMAL,LOW,FALSE,HIGH,ZERO,NORMAL,FALSE,NORMAL
FALSE,FALSE,NORMAL,FALSE,HIGH,FALSE,HIGH,NORMAL,NORMAL,HIGH,NORMAL,LOW,HIGH,HIGH,NORMAL,FALSE,NORMAL,NORMAL,HIGH,NORMAL,ZERO,FALSE,LOW,ZERO,LOW,HIGH,FALSE,FALSE,HIGH,NORMAL,LOW,FALSE,HIGH,ZERO,HIGH,FALSE,NORMAL
FALSE,FALSE,NORMAL,FALSE,HIGH,FALSE,NORMAL,HIGH,NORMAL,LOW,NORMAL,LOW,HIGH,LOW,NORMAL,TRUE,HIGH,NORMAL,NORMAL,HIGH,ZERO,FALSE,LOW,ZERO,LOW,HIGH,FALSE,TRUE,HIGH,HIGH,LOW,FALSE,HIGH,ZERO,LOW,FALSE,NORMAL
FALSE,FALSE,NORMAL,FALSE,HIGH,FALSE,HIGH,ZERO,NORMAL,HIGH,ZERO,ZERO,HIGH,HIGH,ESOPHAGEAL,FALSE,NORMAL,NORMAL,NORMAL,NORMAL,ZERO,FALSE,LOW,LOW,LOW,HIGH,FALSE,FALSE,HIGH,NORMAL,LOW,FALSE,HIGH,LOW,NORMAL,FALSE,NORMAL
TRUE,FALSE,NORMAL,FALSE,LOW,FALSE,HIGH,HIGH,NORMAL,LOW,NORMAL,ZERO,HIGH,HIGH,NORMAL,FALSE,NORMAL,NORMAL,LOW,NORMAL,LOW,FALSE,HIGH,HIGH,LOW,HIGH,FALSE,FALSE,HIGH,NORMAL,HIGH,FALSE,HIGH,HIGH,NORMAL,FALSE,NORMAL
FALSE,FALSE,NORMAL,FALSE,HIGH,TRUE,NORMAL,LOW,NORMAL,HIGH,NORMAL,LOW,HIGH,HIGH,NORMAL,FALSE,HIGH,NORMAL,HIGH,NORMAL,ZERO,FALSE,LOW,ZERO,LOW,NORMAL,FALSE,FALSE,NORMAL,NORMAL,LOW,FALSE,HIGH,ZERO,NORMAL,FALSE,HIGH
TRUE,FALSE,NORMAL,FALSE,LOW,FALSE,LOW,HIGH,NORMAL,HIGH,NORMAL,ZERO,NORMAL,NORMAL,NORMAL,FALSE,NORMAL,NORMAL,HIGH,NORMAL,LOW,FALSE,HIGH,HIGH,LOW,LOW,FALSE,FALSE,LOW,NORMAL,HIGH,FALSE,NORMAL,HIGH,NORMAL,FALSE,NORMAL
FALSE,FALSE,NORMAL,FALSE,HIGH,FALSE,HIGH,HIGH,NORMAL,HIGH,LOW,ZERO,HIGH,HIGH,NORMAL,FALSE,HIGH,LOW,HIGH,HIGH,ZERO,FALSE,LOW,ZERO,LOW,HIGH,FALSE,TRUE,HIGH,HIGH,LOW,FALSE,HIGH,ZERO,NORMAL,FALSE,NORMAL
FALSE,FALSE,NORMAL,FALSE,NORMAL,FALSE,HIGH,HIGH,NORMAL,HIGH,NORMAL,LOW,HIGH,HIGH,ONESIDED,FALSE,NORMAL,NORMAL,NORMAL,NORMAL,ZERO,FALSE,LOW,NORMAL,LOW,HIGH,FALSE,FALSE,HIGH,NORMAL,LOW,FALSE,HIGH,NORMAL,NORMAL,FALSE,HIGH
FALSE,FALSE,NORMAL,FALSE,NORMAL,FALSE,LOW,HIGH,NORMAL,NORMAL,LOW,ZERO,HIGH,NORMAL,NORMAL,FALSE,LOW,LOW,NORMAL,NORMAL,LOW,FALSE,HIGH,HIGH,ZERO,LOW,FALSE,FALSE,LOW,NORMAL,HIGH,FALSE,NORMAL,HIGH,NORMAL,FALSE,NORMAL
FALSE,FALSE,NORMAL,FALSE,HIGH,FALSE,HIGH,LOW,NORMAL,HIGH,NORMAL,LOW,HIGH,HIGH,NORMAL,FALSE,NORMAL,NORMAL,HIGH,NORMAL,ZERO,FALSE,LOW,ZERO,LOW,HIGH,FALSE,FALSE,HIGH,NORMAL,LOW,FALSE,HIGH,ZERO,NORMAL,FALSE,NORMAL
FALSE,FALSE,NORMAL,FALSE,LOW,FALSE,LOW,HIGH,NORMAL,NORMAL,LOW,ZERO,NORMAL,LOW,NORMAL,FALSE,NORMAL,LOW,HIGH,LOW,LOW,FALSE,HIGH,HIGH,LOW,LOW,FALSE,FALSE,LOW,NORMAL,HIGH,FALSE,NORMAL,HIGH,LOW,FALSE,NORMAL
FALSE,FALSE,NORMAL,FALSE,HIGH,FALSE,HIGH,ZERO,NORMAL,HIGH,NORMAL,LOW,HIGH,HIGH,NORMAL,FALSE,NORMAL,NORMAL,NORMAL,NORMAL,ZERO,FALSE,LOW,ZERO,LOW,HIGH,FALSE,FALSE,HIGH,NORMAL,LOW,FALSE,HIGH,ZERO,NORMAL,FALSE,NORMAL
FALSE,TRUE,NORMAL,FALSE,HIGH,TRUE,HIGH,HIGH,NORMAL,HIGH,NORMAL,LOW,HIGH,HIGH,NORMAL,FALSE,NORMAL,NORMAL,NORMAL,NORMAL,ZERO,FALSE,LOW,ZERO,LOW,NORMAL,FALSE,FALSE,NORMAL,NORMAL,LOW,FALSE,HIGH,ZERO,NORMAL,TRUE,NORMAL
FALSE,FALSE,NORMAL,FALSE,HIGH,FALSE,HIGH,HIGH,NORMAL,HIGH,NORMAL,LOW,HIGH,HIGH,NORMAL,FALSE,LOW,NORMAL,NORMAL,NORMAL,ZERO,FALSE,LOW,ZERO,NORMAL,HIGH,FALSE,FALSE,HIGH,NORMAL,LOW,FALSE,HIGH,ZERO,NORMAL,FALSE,NORMAL
FALSE,FALSE,NORMAL,FALSE,HIGH,FALSE,HIGH,LOW,NORMAL,NORMAL,NORMAL,LOW,HIGH,HIGH,NORMAL,FALSE,NORMAL,NORMAL,HIGH,NORMAL,ZERO,FALSE,LOW,ZERO,LOW,HIGH,FALSE,FALSE,HIGH,NORMAL,LOW,FALSE,HIGH,ZERO,NORMAL,FALSE,NORMAL
FALSE,FALSE,NORMAL,FALSE,HIGH,FALSE,HIGH,LOW,NORMAL,LOW,NORMAL,LOW,HIGH,NORMAL,NORMAL,FALSE,HIGH,NORMAL,NORMAL,HIGH,ZERO,FALSE,LOW,ZERO,LOW,HIGH,FALSE,TRUE,NORMAL,HIGH,LOW,FALSE,HIGH,ZERO,LOW,FALSE,NORMAL
FALSE,FALSE,NORMAL,FALSE,NORMAL,FALSE,LOW,HIGH,NORMAL,HIGH,NORMAL,LOW,NORMAL,NORMAL,ONESIDED,FALSE,NORMAL,NORMAL,HIGH,NORMAL,ZERO,FALSE,LOW,NORMAL,LOW,LOW,FALSE,FALSE,LOW,NORMAL,LOW,FALSE,NORMAL,NORMAL,NORMAL,FALSE,HIGH
FALSE,FALSE,NORMAL,FALSE,LOW,TRUE,HIGH,HIGH,NORMAL,HIGH,NORMAL,LOW,HIGH,HIGH,NORMAL,FALSE,NORMAL,NORMAL,HIGH,NORMAL,LOW,FALSE,HIGH,HIGH,LOW,NORMAL,FALSE,FALSE,NORMAL,NORMAL,HIGH,FALSE,HIGH,HIGH,NORMAL,FALSE,NORMAL
FALSE,FALSE,NORMAL,FALSE,LOW,FALSE,LOW,HIGH,NORMAL,NORMAL,ZERO,ZERO,NORMAL,NORMAL,NORMAL,FALSE,NORMAL,HIGH,HIGH,NORMAL,LOW,FALSE,HIGH,HIGH,LOW,LOW,FALSE,FALSE,LOW,NORMAL,HIGH,FALSE,NORMAL,HIGH,NORMAL,FALSE,NORMAL
FALSE,FALSE,NORMAL,FALSE,HIGH,FALSE,LOW,LOW,NORMAL,NORMAL,NORMAL,LOW,HIGH,NORMAL,NORMAL,FALSE,HIGH,NORMAL,NORMAL,HIGH,ZERO,FALSE,LOW,ZERO,LOW,LOW,FALSE,TRUE,LOW,HIGH,LOW,FALSE,NORMAL,ZERO,NORMAL,FALSE,NORMAL
FALSE,FALSE,NORMAL,FALSE,HIGH,FALSE,HIGH,HIGH,NORMAL,NORMAL,NORMAL,LOW,HIGH,NORMAL,NORMAL,FALSE,NORMAL,NORMAL,NORMAL,NORMAL,ZERO,FALSE,LOW,ZERO,LOW,HIGH,FALSE,FALSE,HIGH,NORMAL,LOW,FALSE,HIGH,ZERO,NORMAL,FALSE,NORMAL
FALSE,FALSE,NORMAL,FALSE,HIGH,FALSE,HIGH,LOW,NORMAL,HIGH,NORMAL,LOW,HIGH,HIGH,NORMAL,FALSE,NORMAL,NORMAL,HIGH,NORMAL,ZERO,FALSE,NORMAL,ZERO,LOW,HIGH,FALSE,FALSE,HIGH,NORMAL,NORMAL,FALSE,HIGH,ZERO,NORMAL,FALSE,NORMAL
FALSE,TRUE,NORMAL,FALSE,HIGH,FALSE,HIGH,HIGH,NORMAL,HIGH,NORMAL,LOW,HIGH,HIGH,NORMAL,FALSE,HIGH,NORMAL,HIGH,HIGH,ZERO,FALSE,NORMAL,ZERO,LOW,NORMAL,FALSE,TRUE,LOW,HIGH,NORMAL,FALSE,HIGH,ZERO,NORMAL,FALSE,NORMAL
FALSE,FALSE,NORMAL,FALSE,HIGH,FALSE,HIGH,NORMAL,NORMAL,HIGH,NORMAL,LOW,HIGH,HIGH,NORMAL,FALSE,NORMAL,NORMAL,NORMAL,NORMAL,ZERO,FALSE,LOW,ZERO,LOW,HIGH,FALSE,FALSE,HIGH,NORMAL,LOW,FALSE,HIGH,ZERO,NORMAL,FALSE,NORMAL
FALSE,FALSE,NORMAL,FALSE,LOW,FALSE,LOW,LOW,NORMAL,HIGH,HIGH,HIGH,NORMAL,NORMAL,NORMAL,FALSE,NORMAL,HIGH,HIGH,NORMAL,LOW,FALSE,HIGH,HIGH,LOW,LOW,FALSE,FALSE,LOW,NORMAL,HIGH,FALSE,NORMAL,HIGH,NORMAL,FALSE,NORMAL
FALSE,FALSE,NORMAL,FALSE,HIGH,FALSE,LOW,NORMAL,NORMAL,HIGH,NORMAL,LOW,HIGH,HIGH,NORMAL,FALSE,NORMAL,NORMAL,HIGH,NORMAL,ZERO,FALSE,LOW,ZERO,LOW,LOW,FALSE,FALSE,LOW,NORMAL,LOW,FALSE,NORMAL,ZERO,HIGH,FALSE,NORMAL
FALSE,FALSE,NORMAL,FALSE,HIGH,FALSE,HIGH,LOW,NORMAL,LOW,NORMAL,LOW,HIGH,LOW,NORMAL,FALSE,HIGH,NORMAL,NORMAL,HIGH,ZERO,FALSE,LOW,ZERO,LOW,HIGH,FALSE,TRUE,HIGH,HIGH,LOW,FALSE,HIGH,ZERO,LOW,FALSE,NORMAL
FALSE,FALSE,NORMAL,FALSE,LOW,FALSE,HIGH,LOW,NORMAL,HIGH,HIGH,HIGH,HIGH,HIGH,NORMAL,FALSE,HIGH,NORMAL,NORMAL,NORMAL,LOW,FALSE,HIGH,HIGH,LOW,HIGH,FALSE,TRUE,HIGH,HIGH,HIGH,FALSE,HIGH,HIGH,NORMAL,FALSE,NORMAL
FALSE,FALSE,NORMAL,FALSE,HIGH,FALSE,HIGH,HIGH,NORMAL,HIGH,NORMAL,NORMAL,HIGH,HIGH,NORMAL,FALSE,HIGH,NORMAL,NORMAL,HIGH,HIGH,FALSE,LOW,LOW,HIGH,HIGH,FALSE,TRUE,HIGH,HIGH,LOW,FALSE,HIGH,LOW,NORMAL,FALSE,NORMAL
FALSE,FALSE,NORMAL,FALSE,HIGH,FALSE,HIGH,NORMAL,NORMAL,HIGH,NORMAL,LOW,HIGH,HIGH,NORMAL,FALSE,NORMAL,NORMAL,HIGH,NORMAL,ZERO,FALSE,LOW,ZERO,LOW,HIGH,FALSE,FALSE,HIGH,NORMAL,LOW,FALSE,HIGH,ZERO,NORMAL,FALSE,NORMAL
FALSE,FALSE,NORMAL,FALSE,HIGH,FALSE,HIGH,HIGH,NORMAL,HIGH,NORMAL,LOW,HIGH,HIGH,NORMAL,FALSE,HIGH,NORMAL,HIGH,HIGH,ZERO,FALSE,LOW,ZERO,LOW,LOW,FALSE,TRUE,HIGH,HIGH,LOW,FALSE,HIGH,ZERO,NORMAL,FALSE,NORMAL
FALSE,FALSE,NORMAL,FALSE,HIGH,FALSE,HIGH,HIGH,LOW,HIGH,NORMAL,LOW,HIGH,HIGH,NORMAL,FALSE,NORMAL,NORMAL,NORMAL,NORMAL,ZERO,FALSE,LOW,ZERO,LOW,HIGH,FALSE,FALSE,HIGH,NORMAL,LOW,FALSE,HIGH,ZERO,NORMAL,FALSE,NORMAL
TRUE,FALSE,NORMAL,FALSE,LOW,FALSE,HIGH,HIGH,NORMAL,LOW,NORMAL,ZERO,HIGH,HIGH,NORMAL,FALSE,NORMAL,NORMAL,LOW,NORMAL,LOW,FALSE,HIGH,HIGH,LOW,HIGH,FALSE,FALSE,HIGH,NORMAL,LOW,FALSE,HIGH,HIGH,NORMAL,FALSE,HIGH
FALSE,FALSE,NORMAL,TRUE,HIGH,TRUE,HIGH,LOW,NORMAL,LOW,NORMAL,LOW,HIGH,LOW,ONESIDED,FALSE,LOW,NORMAL,LOW,LOW,LOW,FALSE,LOW,ZERO,NORMAL,NORMAL,TRUE,TRUE,NORMAL,LOW,LOW,FALSE,HIGH,LOW,LOW,FALSE,HIGH
FALSE,FALSE,NORMAL,FALSE,HIGH,FALSE,HIGH,HIGH,NORMAL,HIGH,NORMAL,LOW,HIGH,HIGH,NORMAL,FALSE,NORMAL,NORMAL,HIGH,NORMAL,ZERO,FALSE,LOW,ZERO,LOW,HIGH,FALSE,FALSE,HIGH,NORMAL,LOW,FALSE,HIGH,ZERO,HIGH,FALSE,NORMAL
FALSE,FALSE,NORMAL,FALSE,HIGH,FALSE,LOW,LOW,NORMAL,NORMAL,NORMAL,LOW,HIGH,NORMAL,NORMAL,FALSE,NORMAL,NORMAL,NORMAL,NORMAL,ZERO,FALSE,LOW,ZERO,LOW,LOW,FALSE,FALSE,LOW,NORMAL,LOW,FALSE,NORMAL,ZERO,NORMAL,FALSE,NORMAL
FALSE,FALSE,NORMAL,FALSE,HIGH,FALSE,HIGH,NORMAL,NORMAL,HIGH,NORMAL,LOW,HIGH,HIGH,NORMAL,FALSE,NORMAL,NORMAL,NORMAL,NORMAL,ZERO,FALSE,LOW,ZERO,LOW,HIGH,FALSE,FALSE,HIGH,NORMAL,LOW,FALSE,HIGH,ZERO,NORMAL,FALSE,NORMAL
FALSE,FALSE,NORMAL,FALSE,NORMAL,FALSE,LOW,HIGH,NORMAL,HIGH,NORMAL,LOW,NORMAL,NORMAL,NORMAL,FALSE,NORMAL,NORMAL,HIGH,NORMAL,LOW,FALSE,HIGH,HIGH,ZERO,LOW,FALSE,FALSE,LOW,NORMAL,HIGH,FALSE,NORMAL,HIGH,NORMAL,FALSE,NORMAL
TRUE,TRUE,NORMAL,FALSE,LOW,FALSE,NORMAL,HIGH,NORMAL,LOW,NORMAL,ZERO,NORMAL,LOW,NORMAL,FALSE,HIGH,NORMAL,HIGH,NORMAL,LOW,FALSE,HIGH,HIGH,LOW,HIGH,FALSE,TRUE,HIGH,HIGH,HIGH,FALSE,LOW,HIGH,NORMAL,FALSE,NORMAL
FALSE,TRUE,NORMAL,FALSE,LOW,FALSE,HIGH,HIGH,NORMAL,HIGH,LOW,ZERO,HIGH,HIGH,NORMAL,FALSE,HIGH,LOW,HIGH,HIGH,LOW,FALSE,HIGH,HIGH,LOW,LOW,FALSE,TRUE,HIGH,HIGH,LOW,FALSE,HIGH,HIGH,NORMAL,FALSE,HIGH
FALSE,FALSE,NORMAL,FALSE,HIGH,FALSE,HIGH,HIGH,NORMAL,LOW,NORMAL,LOW,HIGH,HIGH,ESOPHAGEAL,FALSE,HIGH,NORMAL,LOW,HIGH,LOW,FALSE,LOW,ZERO,NORMAL,HIGH,FALSE,TRUE,HIGH,HIGH,LOW,FALSE,HIGH,ZERO,HIGH,FALSE,NORMAL
FALSE,FALSE,NORMAL,FALSE,HIGH,FALSE,HIGH,NORMAL,NORMAL,HIGH,NORMAL,LOW,HIGH,HIGH,NORMAL,FALSE,NORMAL,NORMAL,HIGH,NORMAL,ZERO,FALSE,LOW,ZERO,LOW,HIGH,FALSE,FALSE,HIGH,NORMAL,LOW,FALSE,HIGH,ZERO,NORMAL,FALSE,NORMAL
FALSE,FALSE,NORMAL,FALSE,HIGH,FALSE,HIGH,HIGH,NORMAL,LOW,NORMAL,LOW,HIGH,LOW,NORMAL,FALSE,HIGH,NORMAL,LOW,NORMAL,ZERO,FALSE,LOW,ZERO,LOW,HIGH,FALSE,TRUE,HIGH,HIGH,LOW,FALSE,HIGH,ZERO,LOW,FALSE,HIGH
FALSE,FALSE,NORMAL,FALSE,HIGH,FALSE,HIGH,HIGH,NORMAL,HIGH,NORMAL,LOW,HIGH,HIGH,NORMAL,FALSE,HIGH,NORMAL,NORMAL,HIGH,ZERO,FALSE,LOW,ZERO,LOW,HIGH,FALSE,TRUE,HIGH,HIGH,LOW,FALSE,HIGH,ZERO,NORMAL,FALSE,NORMAL
FALSE,FALSE,NORMAL,FALSE,HIGH,FALSE,HIGH,HIGH,NORMAL,LOW,NORMAL,LOW,HIGH,HIGH,ESOPHAGEAL,FALSE,NORMAL,NORMAL,LOW,LOW,ZERO,FALSE,LOW,LOW,LOW,HIGH,FALSE,FALSE,HIGH,NORMAL,LOW,FALSE,HIGH,LOW,NORMAL,FALSE,NORMAL
FALSE,FALSE,NORMAL,FALSE,HIGH,FALSE,HIGH,LOW,NORMAL,HIGH,NORMAL,LOW,HIGH,HIGH,NORMAL,FALSE,NORMAL,NORMAL,NORMAL,NORMAL,ZERO,FALSE,LOW,ZERO,LOW,HIGH,FALSE,FALSE,HIGH,NORMAL,LOW,FALSE,HIGH,ZERO,NORMAL,FALSE,NORMAL
FALSE,FALSE,NORMAL,FALSE,HIGH,TRUE,HIGH,HIGH,NORMAL,HIGH,NORMAL,LOW,HIGH,HIGH,NORMAL,FALSE,NORMAL,NORMAL,HIGH,NORMAL,ZERO,FALSE,LOW,ZERO,LOW,NORMAL,FALSE,FALSE,NORMAL,NORMAL,LOW,FALSE,HIGH,ZERO,NORMAL,FALSE,NORMAL
FALSE,FALSE,NORMAL,TRUE,HIGH,FALSE,LOW,HIGH,NORMAL,HIGH,NORMAL,LOW,HIGH,HIGH,ONESIDED,FALSE,LOW,NORMAL,HIGH,LOW,LOW,FALSE,LOW,ZERO,NORMAL,LOW,TRUE,FALSE,LOW,LOW,LOW,FALSE,NORMAL,LOW,LOW,FALSE,HIGH
FALSE,FALSE,NORMAL,FALSE,LOW,FALSE,HIGH,HIGH,NORMAL,HIGH,LOW,ZERO,HIGH,HIGH,NORMAL,FALSE,LOW,LOW,NORMAL,NORMAL,LOW,FALSE,NORMAL,HIGH,LOW,HIGH,FALSE,FALSE,HIGH,NORMAL,NORMAL,FALSE,HIGH,HIGH,NORMAL,FALSE,NORMAL
FALSE,FALSE,NORMAL,FALSE,NORMAL,TRUE,HIGH,LOW,NORMAL,HIGH,NORMAL,LOW,HIGH,HIGH,NORMAL,FALSE,NORMAL,NORMAL,NORMAL,NORMAL,NORMAL,FALSE,LOW,ZERO,NORMAL,NORMAL,FALSE,FALSE,NORMAL,NORMAL,LOW,FALSE,HIGH,NORMAL,NORMAL,FALSE,NORMAL
FALSE,FALSE,NORMAL,FALSE,HIGH,TRUE,HIGH,HIGH,NORMAL,HIGH,NORMAL,LOW,HIGH,HIGH,NORMAL,FALSE,NORMAL,NORMAL,HIGH,LOW,ZERO,FALSE,LOW,ZERO,LOW,NORMAL,FALSE,FALSE,NORMAL,NORMAL,LOW,FALSE,HIGH,ZERO,NORMAL,FALSE,NORMAL
FALSE,FALSE,NORMAL,FALSE,HIGH,FALSE,HIGH,HIGH,NORMAL,LOW,NORMAL,LOW,HIGH,HIGH,NORMAL,FALSE,HIGH,NORMAL,LOW,HIGH,ZERO,FALSE,LOW,ZERO,LOW,HIGH,FALSE,TRUE,HIGH,HIGH,LOW,FALSE,HIGH,ZERO,LOW,FALSE,NORMAL
TRUE,FALSE,NORMAL,FALSE,LOW,TRUE,HIGH,HIGH,LOW,LOW,NORMAL,ZERO,HIGH,HIGH,NORMAL,FALSE,HIGH,NORMAL,LOW,HIGH,LOW,FALSE,NORMAL,HIGH,LOW,NORMAL,FALSE,TRUE,NORMAL,HIGH,NORMAL,FALSE,HIGH,HIGH,NORMAL,FALSE,NORMAL
FALSE,FALSE,NORMAL,FALSE,LOW,FALSE,LOW,NORMAL,NORMAL,HIGH,NORMAL,LOW,NORMAL,NORMAL,NORMAL,FALSE,NORMAL,NORMAL,HIGH,NORMAL,LOW,FALSE,HIGH,HIGH,LOW,LOW,FALSE,FALSE,LOW,NORMAL,HIGH,FALSE,NORMAL,HIGH,NORMAL,FALSE,NORMAL
FALSE,FALSE,NORMAL,FALSE,HIGH,FALSE,HIGH,HIGH,NORMAL,LOW,NORMAL,LOW,HIGH,HIGH,NORMAL,FALSE,HIGH,NORMAL,LOW,HIGH,ZERO,FALSE,LOW,ZERO,LOW,HIGH,FALSE,TRUE,HIGH,HIGH,LOW,FALSE,HIGH,ZERO,NORMAL,FALSE,NORMAL
FALSE,FALSE,NORMAL,FALSE,HIGH,FALSE,HIGH,LOW,NORMAL,LOW,NORMAL,LOW,HIGH,LOW,NORMAL,FALSE,NORMAL,NORMAL,LOW,NORMAL,ZERO,FALSE,LOW,ZERO,LOW,HIGH,FALSE,TRUE,HIGH,NORMAL,LOW,FALSE,HIGH,ZERO,LOW,FALSE,HIGH
FALSE,FALSE,NORMAL,FALSE,HIGH,FALSE,HIGH,NORMAL,NORMAL,HIGH,NORMAL,LOW,HIGH,HIGH,NORMAL,FALSE,NORMAL,NORMAL,NORMAL,NORMAL,ZERO,FALSE,LOW,ZERO,LOW,HIGH,FALSE,FALSE,HIGH,NORMAL,LOW,FALSE,HIGH,ZERO,NORMAL,FALSE,NORMAL
FALSE,FALSE,NORMAL,FALSE,HIGH,FALSE,HIGH,LOW,NORMAL,HIGH,NORMAL,LOW,HIGH,HIGH,NORMAL,FALSE,HIGH,NORMAL,HIGH,HIGH,ZERO,FALSE,LOW,ZERO,LOW,HIGH,FALSE,TRUE,HIGH,HIGH,LOW,FALSE,HIGH,ZERO,NORMAL,FALSE,NORMAL
FALSE,FALSE,NORMAL,FALSE,HIGH,FALSE,HIGH,NORMAL,NORMAL,LOW,NORMAL,LOW,HIGH,HIGH,NORMAL,FALSE,NORMAL,NORMAL,LOW,NORMAL,ZERO,FALSE,LOW,ZERO,LOW,HIGH,FALSE,FALSE,HIGH,NORMAL,LOW,FALSE,HIGH,ZERO,NORMAL,FALSE,NORMAL
FALSE,FALSE,NORMAL,FALSE,LOW,FALSE,LOW,NORMAL,NORMAL,HIGH,HIGH,HIGH,NORMAL,NORMAL,NORMAL,FALSE,LOW,HIGH,HIGH,LOW,LOW,FALSE,HIGH,HIGH,LOW,LOW,FALSE,FALSE,LOW,LOW,HIGH,FALSE,NORMAL,HIGH,NORMAL,FALSE,NORMAL
FALSE,FALSE,NORMAL,FALSE,HIGH,FALSE,HIGH,HIGH,LOW,HIGH,ZERO,ZERO,HIGH,HIGH,NORMAL,FALSE,NORMAL,NORMAL,NORMAL,NORMAL,ZERO,FALSE,LOW,ZERO,LOW,HIGH,FALSE,FALSE,HIGH,NORMAL,LOW,FALSE,HIGH,ZERO,NORMAL,FALSE,NORMAL
FALSE,FALSE,NORMAL,FALSE,HIGH,TRUE,HIGH,ZERO,NORMAL,LOW,NORMAL,LOW,HIGH,NORMAL,NORMAL,FALSE,NORMAL,NORMAL,LOW,NORMAL,ZERO,FALSE,LOW,ZERO,LOW,NORMAL,FALSE,FALSE,NORMAL,NORMAL,LOW,FALSE,HIGH,ZERO,NORMAL,FALSE,NORMAL
FALSE,FALSE,LOW,FALSE,HIGH,FALSE,HIGH,HIGH,NORMAL,HIGH,NORMAL,LOW,HIGH,HIGH,NORMAL,FALSE,HIGH,NORMAL,NORMAL,NORMAL,ZERO,FALSE,LOW,ZERO,LOW,HIGH,FALSE,FALSE,HIGH,HIGH,LOW,FALSE,HIGH,ZERO,NORMAL,FALSE,NORMAL
FALSE,FALSE,NORMAL,FALSE,HIGH,FALSE,LOW,HIGH,NORMAL,HIGH,NORMAL,LOW,NORMAL,NORMAL,NORMAL,FALSE,NORMAL,NORMAL,HIGH,NORMAL,ZERO,FALSE,LOW,ZERO,LOW,LOW,FALSE,FALSE,LOW,NORMAL,LOW,FALSE,NORMAL,ZERO,NORMAL,FALSE,NORMAL
FALSE,TRUE,NORMAL,FALSE,HIGH,FALSE,HIGH,LOW,NORMAL,LOW,NORMAL,LOW,HIGH,HIGH,NORMAL,FALSE,HIGH,NORMAL,LOW,NORMAL,ZERO,FALSE,LOW,ZERO,LOW,HIGH,FALSE,FALSE,HIGH,NORMAL,LOW,FALSE,HIGH,ZERO,NORMAL,FALSE,NORMAL
FALSE,FALSE,NORMAL,FALSE,LOW,FALSE,HIGH,HIGH,NORMAL,HIGH,LOW,ZERO,HIGH,HIGH,NORMAL,FALSE,NORMAL,LOW,NORMAL,NORMAL,LOW,FALSE,HIGH,HIGH,LOW,HIGH,FALSE,FALSE,HIGH,NORMAL,HIGH,FALSE,HIGH,HIGH,NORMAL,FALSE,NORMAL
TRUE,FALSE,NORMAL,FALSE,LOW,FALSE,LOW,LOW,NORMAL,HIGH,NORMAL,ZERO,NORMAL,NORMAL,NORMAL,TRUE,HIGH,NORMAL,HIGH,HIGH,LOW,FALSE,HIGH,HIGH,LOW,LOW,FALSE,TRUE,LOW,HIGH,HIGH,FALSE,NORMAL,HIGH,NORMAL,FALSE,NORMAL
FALSE,FALSE,NORMAL,FALSE,HIGH,FALSE,HIGH,HIGH,NORMAL,NORMAL,NORMAL,LOW,HIGH,NORMAL,NORMAL,FALSE,HIGH,NORMAL,HIGH,HIGH,ZERO,FALSE,LOW,ZERO,LOW,HIGH,FALSE,TRUE,HIGH,HIGH,LOW,FALSE,HIGH,ZERO,LOW,FALSE,NORMAL
FALSE,TRUE,NORMAL,FALSE,HIGH,TRUE,HIGH,NORMAL,NORMAL,HIGH,NORMAL,LOW,HIGH,HIGH,NORMAL,FALSE,NORMAL,NORMAL,HIGH,NORMAL,ZERO,FALSE,LOW,ZERO,LOW,NORMAL,FALSE,FALSE,NORMAL,NORMAL,LOW,FALSE,HIGH,ZERO,NORMAL,FALSE,NORMAL
FALSE,FALSE,NORMAL,FALSE,HIGH,FALSE,HIGH,LOW,NORMAL,NORMAL,NORMAL,LOW,HIGH,HIGH,NORMAL,FALSE,NORMAL,NORMAL,LOW,NORMAL,ZERO,FALSE,LOW,ZERO,LOW,HIGH,FALSE,FALSE,HIGH,NORMAL,LOW,FALSE,HIGH,ZERO,NORMAL,TRUE,HIGH
FALSE,FALSE,NORMAL,FALSE,HIGH,FALSE,HIGH,LOW,NORMAL,HIGH,NORMAL,LOW,HIGH,HIGH,NORMAL,FALSE,NORMAL,NORMAL,HIGH,NORMAL,ZERO,FALSE,LOW,ZERO,LOW,HIGH,FALSE,FALSE,HIGH,NORMAL,LOW,FALSE,HIGH,ZERO,NORMAL,FALSE,HIGH
FALSE,FALSE,NORMAL,TRUE,HIGH,FALSE,HIGH,NORMAL,NORMAL,HIGH,NORMAL,LOW,HIGH,HIGH,NORMAL,FALSE,NORMAL,NORMAL,NORMAL,NORMAL,ZERO,FALSE,LOW,ZERO,LOW,HIGH,FALSE,FALSE,HIGH,NORMAL,LOW,FALSE,HIGH,ZERO,NORMAL,FALSE,NORMAL
FALSE,TRUE,NORMAL,FALSE,LOW,FALSE,HIGH,HIGH,NORMAL,NORMAL,LOW,ZERO,HIGH,HIGH,NORMAL,FALSE,NORMAL,LOW,NORMAL,LOW,LOW,FALSE,HIGH,HIGH,LOW,HIGH,FALSE,FALSE,HIGH,NORMAL,HIGH,FALSE,HIGH,HIGH,NORMAL,FALSE,NORMAL
FALSE,FALSE,NORMAL,FALSE,HIGH,TRUE,LOW,NORMAL,NORMAL,NORMAL,NORMAL,LOW,HIGH,NORMAL,NORMAL,FALSE,NORMAL,NORMAL,HIGH,NORMAL,ZERO,FALSE,LOW,ZERO,LOW,HIGH,FALSE,FALSE,NORMAL,NORMAL,LOW,FALSE,NORMAL,ZERO,NORMAL,FALSE,NORMAL
FALSE,FALSE,NORMAL,FALSE,HIGH,FALSE,HIGH,NORMAL,NORMAL,HIGH,NORMAL,LOW,HIGH,HIGH,NORMAL,FALSE,LOW,NORMAL,NORMAL,LOW,ZERO,FALSE,LOW,ZERO,LOW,HIGH,FALSE,FALSE,HIGH,LOW,LOW,FALSE,HIGH,ZERO,NORMAL,FALSE,NORMAL
FALSE,FALSE,HIGH,FALSE,HIGH,FALSE,HIGH,LOW,NORMAL,HIGH,NORMAL,LOW,HIGH,HIGH,NORMAL,FALSE,NORMAL,NORMAL,NORMAL,NORMAL,ZERO,FALSE,LOW,ZERO,LOW,HIGH,FALSE,FALSE,HIGH,NORMAL,LOW,TRUE,HIGH,ZERO,NORMAL,FALSE,HIGH
FALSE,FALSE,NORMAL,TRUE,HIGH,FALSE,LOW,LOW,NORMAL,NORMAL,NORMAL,LOW,NORMAL,NORMAL,NORMAL,FALSE,NORMAL,NORMAL,HIGH,NORMAL,ZERO,FALSE,LOW,ZERO,LOW,LOW,FALSE,FALSE,LOW,NORMAL,LOW,FALSE,NORMAL,ZERO,NORMAL,FALSE,NORMAL
FALSE,FALSE,NORMAL,FALSE,NORMAL,FALSE,HIGH,HIGH,NORMAL,HIGH,ZERO,ZERO,HIGH,HIGH,NORMAL,FALSE,NORMAL,NORMAL,NORMAL,NORMAL,LOW,FALSE,HIGH,HIGH,ZERO,HIGH,FALSE,FALSE,HIGH,NORMAL,HIGH,FALSE,HIGH,HIGH,HIGH,FALSE,NORMAL
TRUE,FALSE,NORMAL,FALSE,LOW,TRUE,HIGH,HIGH,NORMAL,LOW,NORMAL,ZERO,HIGH,HIGH,NORMAL,FALSE,NORMAL,NORMAL,LOW,NORMAL,LOW,FALSE,HIGH,HIGH,LOW,NORMAL,FALSE,FALSE,NORMAL,NORMAL,HIGH,FALSE,HIGH,HIGH,NORMAL,FALSE,NORMAL
FALSE,FALSE,NORMAL,FALSE,HIGH,TRUE,HIGH,HIGH,NORMAL,HIGH,NORMAL,LOW,HIGH,HIGH,NORMAL,FALSE,LOW,NORMAL,NORMAL,NORMAL,ZERO,FALSE,LOW,ZERO,LOW,NORMAL,FALSE,FALSE,NORMAL,NORMAL,LOW,FALSE,HIGH,ZERO,NORMAL,FALSE,NORMAL
FALSE,FALSE,NORMAL,FALSE,HIGH,FALSE,HIGH,NORMAL,LOW,HIGH,NORMAL,LOW,HIGH,HIGH,NORMAL,FALSE,NORMAL,NORMAL,NORMAL,NORMAL,ZERO,FALSE,LOW,ZERO,LOW,HIGH,FALSE,FALSE,HIGH,NORMAL,LOW,FALSE,HIGH,ZERO,NORMAL,FALSE,NORMAL
FALSE,FALSE,NORMAL,FALSE,HIGH,FALSE,HIGH,LOW,NORMAL,NORMAL,NORMAL,LOW,HIGH,HIGH,NORMAL,FALSE,NORMAL,NORMAL,NORMAL,NORMAL,ZERO,FALSE,LOW,ZERO,LOW,HIGH,FALSE,FALSE,HIGH,NORMAL,LOW,FALSE,HIGH,LOW,NORMAL,FALSE,NORMAL
FALSE,FALSE,NORMAL,FALSE,HIGH,FALSE,LOW,LOW,NORMAL,NORMAL,NORMAL,LOW,NORMAL,NORMAL,NORMAL,FALSE,HIGH,NORMAL,NORMAL,HIGH,ZERO,FALSE,LOW,ZERO,LOW,LOW,FALSE,TRUE,LOW,HIGH,LOW,FALSE,NORMAL,ZERO,NORMAL,FALSE,NORMAL
FALSE,FALSE,NORMAL,TRUE,HIGH,FALSE,LOW,HIGH,NORMAL,LOW,NORMAL,LOW,NORMAL,LOW,NORMAL,FALSE,LOW,NORMAL,NORMAL,LOW,ZERO,FALSE,LOW,ZERO,LOW,LOW,TRUE,TRUE,LOW,LOW,LOW,FALSE,NORMAL,ZERO,LOW,FALSE,NORMAL
FALSE,FALSE,LOW,FALSE,LOW,FALSE,HIGH,NORMAL,NORMAL,LOW,NORMAL,LOW,HIGH,HIGH,NORMAL,FALSE,NORMAL,NORMAL,LOW,NORMAL,ZERO,FALSE,LOW,ZERO,ZERO,HIGH,FALSE,FALSE,HIGH,NORMAL,LOW,FALSE,HIGH,ZERO,NORMAL,FALSE,NORMAL
FALSE,FALSE,NORMAL,FALSE,HIGH,FALSE,HIGH,LOW,NORMAL,NORMAL,NORMAL,LOW,HIGH,HIGH,NORMAL,FALSE,HIGH,NORMAL,NORMAL,HIGH,ZERO,FALSE,LOW,ZERO,LOW,HIGH,FALSE,FALSE,HIGH,HIGH,LOW,FALSE,HIGH,ZERO,NORMAL,FALSE,NORMAL
FALSE,FALSE,NORMAL,FALSE,HIGH,FALSE,NORMAL,NORMAL,NORMAL,HIGH,NORMAL,LOW,HIGH,HIGH,NORMAL,TRUE,NORMAL,NORMAL,HIGH,NORMAL,ZERO,FALSE,LOW,ZERO,LOW,HIGH,FALSE,FALSE,HIGH,NORMAL,LOW,FALSE,HIGH,ZERO,NORMAL,FALSE,NORMAL
FALSE,FALSE,NORMAL,FALSE,LOW,FALSE,HIGH,HIGH,NORMAL,LOW,LOW,ZERO,HIGH,HIGH,NORMAL,FALSE,NORMAL,LOW,LOW,LOW,LOW,FALSE,HIGH,HIGH,LOW,HIGH,FALSE,FALSE,HIGH,NORMAL,HIGH,FALSE,HIGH,HIGH,NORMAL,FALSE,NORMAL
FALSE,FALSE,HIGH,FALSE,HIGH,FALSE,HIGH,LOW,NORMAL,LOW,NORMAL,LOW,HIGH,HIGH,NORMAL,FALSE,HIGH,NORMAL,LOW,NORMAL,ZERO,FALSE,LOW,ZERO,LOW,HIGH,FALSE,TRUE,NORMAL,HIGH,LOW,FALSE,HIGH,ZERO,NORMAL,TRUE,NORMAL
FALSE,FALSE,NORMAL,FALSE,HIGH,TRUE,HIGH,NORMAL,NORMAL,HIGH,NORMAL,LOW,HIGH,HIGH,NORMAL,FALSE,NORMAL,NORMAL,HIGH,NORMAL,ZERO,FALSE,LOW,ZERO,LOW,NORMAL,FALSE,FALSE,NORMAL,NORMAL,LOW,FALSE,HIGH,ZERO,NORMAL,FALSE,NORMAL
FALSE,FALSE,NORMAL,FALSE,HIGH,FALSE,NORMAL,HIGH,NORMAL,HIGH,NORMAL,LOW,HIGH,HIGH,NORMAL,TRUE,NORMAL,NORMAL,NORMAL,NORMAL,ZERO,FALSE,LOW,ZERO,LOW,HIGH,FALSE,FALSE,HIGH,NORMAL,LOW,FALSE,HIGH,ZERO,NORMAL,FALSE,NORMAL
FALSE,FALSE,NORMAL,FALSE,LOW,FALSE,HIGH,HIGH,NORMAL,LOW,LOW,ZERO,HIGH,HIGH,NORMAL,FALSE,HIGH,LOW,LOW,NORMAL,LOW,FALSE,HIGH,HIGH,LOW,HIGH,FALSE,TRUE,HIGH,HIGH,HIGH,FALSE,HIGH,HIGH,NORMAL,FALSE,NORMAL
FALSE,FALSE,NORMAL,FALSE,HIGH,FALSE,HIGH,HIGH,LOW,HIGH,NORMAL,LOW,HIGH,HIGH,NORMAL,FALSE,NORMAL,NORMAL,NORMAL,NORMAL,ZERO,FALSE,LOW,ZERO,LOW,HIGH,FALSE,FALSE,HIGH,NORMAL,LOW,FALSE,HIGH,ZERO,NORMAL,FALSE,HIGH
FALSE,FALSE,NORMAL,FALSE,LOW,FALSE,HIGH,LOW,NORMAL,HIGH,HIGH,HIGH,HIGH,HIGH,NORMAL,FALSE,NORMAL,HIGH,NORMAL,NORMAL,LOW,FALSE,HIGH,HIGH,LOW,HIGH,FALSE,FALSE,HIGH,NORMAL,HIGH,FALSE,HIGH,HIGH,NORMAL,FALSE,NORMAL
FALSE,TRUE,NORMAL,FALSE,HIGH,FALSE,LOW,LOW,NORMAL,HIGH,NORMAL,LOW,HIGH,NORMAL,NORMAL,FALSE,NORMAL,NORMAL,HIGH,NORMAL,ZERO,FALSE,LOW,ZERO,LOW,LOW,FALSE,FALSE,LOW,NORMAL,LOW,FALSE,NORMAL,ZERO,HIGH,FALSE,NORMAL
FALSE,TRUE,NORMAL,TRUE,HIGH,FALSE,HIGH,HIGH,NORMAL,NORMAL,NORMAL,LOW,HIGH,LOW,NORMAL,FALSE,LOW,NORMAL,HIGH,LOW,ZERO,FALSE,LOW,ZERO,LOW,HIGH,TRUE,TRUE,HIGH,LOW,LOW,FALSE,HIGH,ZERO,LOW,FALSE,NORMAL
FALSE,FALSE,NORMAL,FALSE,HIGH,FALSE,HIGH,NORMAL,NORMAL,HIGH,NORMAL,LOW,HIGH,HIGH,NORMAL,FALSE,NORMAL,NORMAL,NORMAL,NORMAL,ZERO,FALSE,LOW,ZERO,LOW,HIGH,FALSE,FALSE,HIGH,NORMAL,LOW,FALSE,HIGH,ZERO,NORMAL,FALSE,NORMAL
FALSE,FALSE,NORMAL,FALSE,HIGH,FALSE,HIGH,ZERO,NORMAL,LOW,ZERO,ZERO,HIGH,LOW,ESOPHAGEAL,FALSE,HIGH,NORMAL,NORMAL,NORMAL,ZERO,FALSE,LOW,LOW,LOW,HIGH,FALSE,TRUE,HIGH,HIGH,LOW,FALSE,HIGH,LOW,LOW,FALSE,NORMAL
FALSE,FALSE,NORMAL,FALSE,HIGH,FALSE,NORMAL,HIGH,NORMAL,NORMAL,NORMAL,LOW,HIGH,HIGH,NORMAL,TRUE,NORMAL,NORMAL,HIGH,NORMAL,ZERO,FALSE,LOW,ZERO,NORMAL,HIGH,FALSE,FALSE,HIGH,NORMAL,LOW,FALSE,HIGH,ZERO,NORMAL,TRUE,NORMAL
FALSE,FALSE,NORMAL,FALSE,NORMAL,FALSE,HIGH,HIGH,NORMAL,LOW,NORMAL,LOW,HIGH,HIGH,ONESIDED,FALSE,LOW,NORMAL,LOW,NORMAL,ZERO,FALSE,LOW,NORMAL,LOW,HIGH,FALSE,FALSE,HIGH,NORMAL,LOW,FALSE,HIGH,NORMAL,NORMAL,FALSE,HIGH
FALSE,FALSE,NORMAL,FALSE,HIGH,FALSE,HIGH,LOW,NORMAL,LOW,NORMAL,LOW,HIGH,LOW,NORMAL,FALSE,HIGH,NORMAL,LOW,NORMAL,ZERO,FALSE,LOW,ZERO,LOW,HIGH,FALSE,TRUE,HIGH,HIGH,LOW,FALSE,HIGH,ZERO,LOW,FALSE,NORMAL
FALSE,TRUE,NORMAL,FALSE,HIGH,FALSE,HIGH,HIGH,NORMAL,HIGH,NORMAL,LOW,HIGH,HIGH,NORMAL,FALSE,NORMAL,NORMAL,NORMAL,NORMAL,ZERO,FALSE,LOW,ZERO,LOW,HIGH,FALSE,FALSE,HIGH,NORMAL,LOW,FALSE,HIGH,ZERO,NORMAL,TRUE,NORMAL
FALSE,FALSE,NORMAL,FALSE,HIGH,FALSE,HIGH,HIGH,NORMAL,LOW,NORMAL,LOW,HIGH,LOW,NORMAL,FALSE,HIGH,NORMAL,NORMAL,HIGH,ZERO,FALSE,LOW,ZERO,LOW,HIGH,FALSE,TRUE,HIGH,HIGH,LOW,FALSE,HIGH,ZERO,LOW,FALSE,NORMAL
FALSE,FALSE,NORMAL,FALSE,HIGH,FALSE,HIGH,NORMAL,NORMAL,NORMAL,NORMAL,LOW,HIGH,LOW,NORMAL,FALSE,HIGH,NORMAL,HIGH,HIGH,ZERO,FALSE,LOW,ZERO,LOW,HIGH,FALSE,TRUE,HIGH,HIGH,LOW,FALSE,HIGH,ZERO,LOW,FALSE,NORMAL
FALSE,FALSE,NORMAL,FALSE,HIGH,FALSE,HIGH,HIGH,NORMAL,HIGH,NORMAL,LOW,HIGH,HIGH,ESOPHAGEAL,FALSE,NORMAL,NORMAL,NORMAL,NORMAL,ZERO,FALSE,LOW,LOW,LOW,HIGH,FALSE,FALSE,HIGH,NORMAL,LOW,FALSE,HIGH,LOW,HIGH,FALSE,NORMAL
FALSE,FALSE,NORMAL,FALSE,HIGH,FALSE,HIGH,HIGH,NORMAL,HIGH,NORMAL,LOW,HIGH,HIGH,NORMAL,FALSE,NORMAL,NORMAL,NORMAL,NORMAL,ZERO,FALSE,LOW,ZERO,LOW,HIGH,FALSE,FALSE,HIGH,NORMAL,LOW,FALSE,HIGH,ZERO,NORMAL,FALSE,NORMAL
FALSE,TRUE,HIGH,FALSE,HIGH,FALSE,HIGH,ZERO,NORMAL,NORMAL,NORMAL,NORMAL,HIGH,HIGH,NORMAL,FALSE,HIGH,NORMAL,NORMAL,LOW,ZERO,FALSE,LOW,ZERO,LOW,HIGH,FALSE,TRUE,HIGH,HIGH,LOW,FALSE,HIGH,LOW,NORMAL,TRUE,NORMAL
FALSE,FALSE,NORMAL,FALSE,LOW,FALSE,HIGH,HIGH,NORMAL,LOW,NORMAL,ZERO,HIGH,LOW,NORMAL,FALSE,NORMAL,NORMAL,LOW,NORMAL,LOW,FALSE,HIGH,HIGH,LOW,HIGH,FALSE,TRUE,HIGH,NORMAL,NORMAL,FALSE,HIGH,HIGH,LOW,FALSE,NORMAL
FALSE,TRUE,NORMAL,FALSE,HIGH,FALSE,NORMAL,HIGH,NORMAL,HIGH,NORMAL,LOW,HIGH,HIGH,NORMAL,TRUE,HIGH,NORMAL,NORMAL,HIGH,ZERO,FALSE,LOW,ZERO,LOW,HIGH,FALSE,TRUE,HIGH,HIGH,LOW,FALSE,HIGH,ZERO,NORMAL,FALSE,NORMAL
FALSE,FALSE,NORMAL,FALSE,HIGH,FALSE,HIGH,HIGH,NORMAL,NORMAL,NORMAL,LOW,HIGH,HIGH,NORMAL,FALSE,NORMAL,NORMAL,HIGH,NORMAL,ZERO,FALSE,LOW,ZERO,LOW,NORMAL,FALSE,FALSE,HIGH,NORMAL,LOW,FALSE,HIGH,ZERO,NORMAL,FALSE,NORMAL
TRUE,FALSE,NORMAL,FALSE,NORMAL,FALSE,HIGH,HIGH,NORMAL,LOW,NORMAL,ZERO,HIGH,HIGH,NORMAL,FALSE,NORMAL,NORMAL,NORMAL,NORMAL,LOW,FALSE,HIGH,HIGH,NORMAL,HIGH,FALSE,FALSE,HIGH,NORMAL,HIGH,FALSE,HIGH,HIGH,NORMAL,FALSE,NORMAL
FALSE,TRUE,NORMAL,FALSE,NORMAL,FALSE,HIGH,LOW,NORMAL,HIGH,NORMAL,LOW,HIGH,HIGH,NORMAL,FALSE,NORMAL,NORMAL,NORMAL,NORMAL,ZERO,FALSE,NORMAL,ZERO,LOW,HIGH,FALSE,FALSE,HIGH,NORMAL,NORMAL,FALSE,HIGH,NORMAL,NORMAL,FALSE,NORMAL
FALSE,TRUE,NORMAL,FALSE,HIGH,FALSE,HIGH,NORMAL,NORMAL,HIGH,NORMAL,LOW,HIGH,HIGH,NORMAL,FALSE,NORMAL,NORMAL,NORMAL,NORMAL,ZERO,FALSE,LOW,ZERO,LOW,HIGH,FALSE,FALSE,HIGH,NORMAL,LOW,FALSE,HIGH,ZERO,NORMAL,FALSE,NORMAL
FALSE,FALSE,NORMAL,FALSE,HIGH,FALSE,LOW,LOW,NORMAL,HIGH,NORMAL,LOW,HIGH,NORMAL,NORMAL,FALSE,NORMAL,NORMAL,HIGH,NORMAL,HIGH,FALSE,LOW,LOW,HIGH,LOW,FALSE,FALSE,LOW,NORMAL,LOW,FALSE,NORMAL,LOW,NORMAL,FALSE,NORMAL
FALSE,FALSE,NORMAL,FALSE,HIGH,FALSE,HIGH,LOW,NORMAL,HIGH,NORMAL,LOW,HIGH,HIGH,NORMAL,FALSE,NORMAL,NORMAL,NORMAL,NORMAL,ZERO,FALSE,LOW,ZERO,LOW,HIGH,FALSE,FALSE,HIGH,NORMAL,LOW,FALSE,HIGH,ZERO,NORMAL,FALSE,NORMAL
FALSE,FALSE,NORMAL,FALSE,HIGH,TRUE,HIGH,HIGH,NORMAL,HIGH,NORMAL,LOW,HIGH,HIGH,NORMAL,FALSE,NORMAL,NORMAL,NORMAL,NORMAL,ZERO,FALSE,LOW,ZERO,LOW,NORMAL,FALSE,FALSE,NORMAL,NORMAL,LOW,FALSE,HIGH,ZERO,NORMAL,FALSE,NORMAL
TRUE,FALSE,NORMAL,FALSE,HIGH,FALSE,HIGH,HIGH,NORMAL,HIGH,HIGH,NORMAL,HIGH,HIGH,NORMAL,FALSE,NORMAL,HIGH,HIGH,LOW,HIGH,FALSE,LOW,NORMAL,HIGH,HIGH,FALSE,FALSE,HIGH,NORMAL,LOW,FALSE,HIGH,LOW,NORMAL,FALSE,NORMAL
FALSE,FALSE,NORMAL,TRUE,HIGH,FALSE,HIGH,NORMAL,LOW,LOW,NORMAL,LOW,HIGH,LOW,NORMAL,FALSE,LOW,NORMAL,NORMAL,LOW,ZERO,FALSE,LOW,ZERO,LOW,HIGH,TRUE,FALSE,HIGH,LOW,LOW,FALSE,HIGH,ZERO,LOW,FALSE,NORMAL
FALSE,FALSE,NORMAL,FALSE,HIGH,FALSE,HIGH,NORMAL,NORMAL,LOW,NORMAL,LOW,HIGH,LOW,NORMAL,FALSE,NORMAL,NORMAL,HIGH,NORMAL,ZERO,FALSE,LOW,ZERO,LOW,HIGH,FALSE,FALSE,HIGH,NORMAL,LOW,FALSE,HIGH,ZERO,LOW,FALSE,NORMAL
FALSE,FALSE,NORMAL,FALSE,HIGH,FALSE,HIGH,LOW,NORMAL,HIGH,NORMAL,LOW,HIGH,HIGH,NORMAL,FALSE,NORMAL,NORMAL,NORMAL,NORMAL,ZERO,FALSE,LOW,ZERO,LOW,HIGH,FALSE,FALSE,HIGH,NORMAL,LOW,FALSE,HIGH,ZERO,NORMAL,FALSE,NORMAL
FALSE,FALSE,NORMAL,FALSE,HIGH,FALSE,LOW,HIGH,NORMAL,HIGH,NORMAL,LOW,HIGH,NORMAL,ONESIDED,FALSE,NORMAL,NORMAL,HIGH,NORMAL,LOW,FALSE,LOW,ZERO,NORMAL,LOW,FALSE,FALSE,LOW,NORMAL,LOW,FALSE,NORMAL,LOW,NORMAL,FALSE,HIGH
FALSE,TRUE,NORMAL,FALSE,HIGH,TRUE,HIGH,NORMAL,NORMAL,LOW,NORMAL,LOW,HIGH,LOW,NORMAL,FALSE,NORMAL,NORMAL,NORMAL,NORMAL,ZERO,FALSE,LOW,ZERO,LOW,NORMAL,FALSE,FALSE,NORMAL,NORMAL,LOW,FALSE,HIGH,ZERO,LOW,FALSE,NORMAL
FALSE,TRUE,NORMAL,FALSE,NORMAL,FALSE,HIGH,ZERO,NORMAL,HIGH,NORMAL,NORMAL,NORMAL,HIGH,NORMAL,FALSE,NORMAL,NORMAL,HIGH,NORMAL,NORMAL,FALSE,LOW,ZERO,NORMAL,HIGH,FALSE,FALSE,HIGH,NORMAL,LOW,FALSE,HIGH,NORMAL,NORMAL,FALSE,NORMAL
FALSE,FALSE,NORMAL,FALSE,HIGH,FALSE,LOW,HIGH,NORMAL,HIGH,NORMAL,LOW,HIGH,NORMAL,NORMAL,FALSE,NORMAL,NORMAL,NORMAL,NORMAL,ZERO,FALSE,LOW,ZERO,LOW,LOW,FALSE,FALSE,LOW,NORMAL,LOW,FALSE,NORMAL,ZERO,NORMAL,FALSE,NORMAL
FALSE,FALSE,NORMAL,FALSE,HIGH,FALSE,LOW,HIGH,NORMAL,LOW,NORMAL,LOW,NORMAL,LOW,NORMAL,TRUE,HIGH,NORMAL,HIGH,HIGH,ZERO,FALSE,LOW,ZERO,LOW,NORMAL,FALSE,FALSE,NORMAL,HIGH,LOW,FALSE,LOW,ZERO,NORMAL,FALSE,NORMAL
FALSE,FALSE,NORMAL,FALSE,LOW,FALSE,LOW,LOW,NORMAL,NORMAL,NORMAL,LOW,HIGH,NORMAL,NORMAL,FALSE,NORMAL,NORMAL,NORMAL,NORMAL,LOW,FALSE,HIGH,HIGH,LOW,LOW,FALSE,FALSE,LOW,NORMAL,HIGH,FALSE,NORMAL,HIGH,NORMAL,FALSE,NORMAL
FALSE,TRUE,NORMAL,FALSE,HIGH,FALSE,HIGH,NORMAL,NORMAL,HIGH,NORMAL,LOW,HIGH,HIGH,NORMAL,FALSE,LOW,NORMAL,NORMAL,LOW,ZERO,FALSE,LOW,ZERO,LOW,HIGH,FALSE,FALSE,HIGH,LOW,LOW,FALSE,HIGH,ZERO,NORMAL,FALSE,NORMAL
FALSE,TRUE,NORMAL,FALSE,HIGH,FALSE,HIGH,HIGH,NORMAL,LOW,NORMAL,ZERO,HIGH,HIGH,NORMAL,FALSE,NORMAL,NORMAL,LOW,NORMAL,ZERO,FALSE,LOW,ZERO,LOW,HIGH,FALSE,FALSE,HIGH,NORMAL,LOW,FALSE,HIGH,ZERO,NORMAL,FALSE,NORMAL
TRUE,FALSE,NORMAL,FALSE,LOW,FALSE,LOW,HIGH,NORMAL,LOW,NORMAL,ZERO,HIGH,NORMAL,NORMAL,FALSE,HIGH,NORMAL,LOW,HIGH,ZERO,FALSE,HIGH,ZERO,ZERO,LOW,FALSE,TRUE,LOW,HIGH,HIGH,FALSE,NORMAL,HIGH,NORMAL,FALSE,NORMAL
TRUE,FALSE,NORMAL,FALSE,HIGH,FALSE,HIGH,HIGH,NORMAL,HIGH,NORMAL,ZERO,HIGH,HIGH,NORMAL,FALSE,NORMAL,NORMAL,NORMAL,NORMAL,ZERO,FALSE,LOW,ZERO,LOW,HIGH,FALSE,FALSE,HIGH,NORMAL,LOW,FALSE,HIGH,ZERO,NORMAL,FALSE,NORMAL
FALSE,FALSE,NORMAL,FALSE,HIGH,FALSE,HIGH,LOW,NORMAL,HIGH,NORMAL,LOW,HIGH,HIGH,NORMAL,FALSE,NORMAL,NORMAL,NORMAL,NORMAL,ZERO,FALSE,LOW,ZERO,LOW,HIGH,FALSE,FALSE,HIGH,NORMAL,LOW,FALSE,HIGH,LOW,NORMAL,FALSE,NORMAL
FALSE,FALSE,NORMAL,FALSE,NORMAL,FALSE,HIGH,LOW,NORMAL,HIGH,NORMAL,HIGH,HIGH,HIGH,NORMAL,FALSE,LOW,NORMAL,NORMAL,NORMAL,LOW,FALSE,LOW,HIGH,ZERO,HIGH,FALSE,FALSE,HIGH,NORMAL,LOW,FALSE,HIGH,NORMAL,HIGH,FALSE,NORMAL
TRUE,FALSE,NORMAL,FALSE,LOW,FALSE,LOW,HIGH,NORMAL,HIGH,NORMAL,ZERO,NORMAL,NORMAL,NORMAL,FALSE,NORMAL,NORMAL,NORMAL,NORMAL,LOW,FALSE,HIGH,HIGH,LOW,LOW,FALSE,FALSE,LOW,NORMAL,HIGH,FALSE,NORMAL,HIGH,NORMAL,FALSE,NORMAL
FALSE,FALSE,NORMAL,FALSE,HIGH,FALSE,HIGH,HIGH,NORMAL,HIGH,NORMAL,LOW,HIGH,HIGH,NORMAL,FALSE,NORMAL,NORMAL,HIGH,NORMAL,ZERO,FALSE,LOW,ZERO,LOW,HIGH,FALSE,FALSE,HIGH,NORMAL,LOW,FALSE,HIGH,ZERO,NORMAL,FALSE,NORMAL
FALSE,FALSE,NORMAL,FALSE,HIGH,FALSE,LOW,HIGH,NORMAL,LOW,NORMAL,LOW,NORMAL,NORMAL,NORMAL,FALSE,NORMAL,NORMAL,LOW,NORMAL,ZERO,FALSE,LOW,ZERO,LOW,LOW,FALSE,FALSE,LOW,NORMAL,LOW,FALSE,NORMAL,ZERO,NORMAL,FALSE,NORMAL
FALSE,FALSE,NORMAL,FALSE,NORMAL,FALSE,LOW,HIGH,NORMAL,NORMAL,NORMAL,LOW,NORMAL,NORMAL,ONESIDED,FALSE,NORMAL,NORMAL,HIGH,NORMAL,ZERO,FALSE,LOW,NORMAL,LOW,LOW,FALSE,FALSE,LOW,NORMAL,LOW,FALSE,NORMAL,NORMAL,NORMAL,FALSE,HIGH
FALSE,FALSE,NORMAL,FALSE,HIGH,FALSE,HIGH,HIGH,NORMAL,HIGH,NORMAL,LOW,HIGH,HIGH,NORMAL,FALSE,NORMAL,NORMAL,NORMAL,NORMAL,ZERO,FALSE,LOW,ZERO,LOW,HIGH,FALSE,FALSE,HIGH,NORMAL,LOW,FALSE,HIGH,ZERO,NORMAL,FALSE,NORMAL
FALSE,FALSE,NORMAL,FALSE,HIGH,FALSE,HIGH,NORMAL,NORMAL,LOW,NORMAL,LOW,HIGH,HIGH,NORMAL,FALSE,NORMAL,NORMAL,LOW,NORMAL,ZERO,FALSE,LOW,ZERO,LOW,HIGH,FALSE,FALSE,HIGH,NORMAL,LOW,FALSE,HIGH,ZERO,NORMAL,FALSE,NORMAL
FALSE,FALSE,HIGH,FALSE,HIGH,FALSE,LOW,LOW,NORMAL,NORMAL,NORMAL,LOW,HIGH,NORMAL,NORMAL,FALSE,NORMAL,NORMAL,NORMAL,NORMAL,ZERO,FALSE,LOW,ZERO,LOW,LOW,FALSE,FALSE,LOW,NORMAL,LOW,FALSE,NORMAL,ZERO,NORMAL,FALSE,NORMAL
FALSE,TRUE,NORMAL,FALSE,HIGH,FALSE,HIGH,NORMAL,NORMAL,LOW,NORMAL,LOW,HIGH,HIGH,NORMAL,FALSE,HIGH,NORMAL,LOW,HIGH,ZERO,FALSE,LOW,ZERO,LOW,HIGH,FALSE,TRUE,HIGH,HIGH,LOW,FALSE,HIGH,ZERO,NORMAL,FALSE,NORMAL
FALSE,FALSE,NORMAL,FALSE,HIGH,FALSE,HIGH,HIGH,NORMAL,NORMAL,NORMAL,LOW,HIGH,HIGH,ONESIDED,FALSE,NORMAL,NORMAL,NORMAL,NORMAL,LOW,FALSE,LOW,ZERO,NORMAL,HIGH,FALSE,FALSE,HIGH,NORMAL,LOW,FALSE,HIGH,LOW,NORMAL,FALSE,HIGH
FALSE,FALSE,NORMAL,FALSE,HIGH,FALSE,HIGH,LOW,NORMAL,LOW,NORMAL,LOW,HIGH,HIGH,NORMAL,FALSE,NORMAL,NORMAL,LOW,NORMAL,ZERO,FALSE,LOW,ZERO,LOW,HIGH,FALSE,FALSE,HIGH,NORMAL,LOW,FALSE,HIGH,ZERO,NORMAL,FALSE,NORMAL
FALSE,FALSE,NORMAL,FALSE,HIGH,TRUE,HIGH,HIGH,NORMAL,HIGH,NORMAL,LOW,HIGH,HIGH,NORMAL,FALSE,NORMAL,NORMAL,HIGH,NORMAL,ZERO,FALSE,LOW,ZERO,LOW,NORMAL,FALSE,FALSE,NORMAL,NORMAL,LOW,FALSE,HIGH,ZERO,HIGH,FALSE,NORMAL
FALSE,FALSE,NORMAL,FALSE,HIGH,FALSE,HIGH,HIGH,NORMAL,NORMAL,NORMAL,LOW,HIGH,HIGH,NORMAL,FALSE,NORMAL,NORMAL,LOW,NORMAL,ZERO,FALSE,LOW,ZERO,NORMAL,LOW,FALSE,FALSE,HIGH,NORMAL,LOW,FALSE,HIGH,ZERO,NORMAL,FALSE,NORMAL
FALSE,FALSE,NORMAL,FALSE,HIGH,FALSE,LOW,LOW,NORMAL,HIGH,NORMAL,LOW,NORMAL,NORMAL,NORMAL,FALSE,HIGH,NORMAL,HIGH,NORMAL,ZERO,FALSE,LOW,LOW,LOW,LOW,FALSE,TRUE,LOW,HIGH,LOW,FALSE,NORMAL,ZERO,NORMAL,FALSE,NORMAL
FALSE,FALSE,NORMAL,FALSE,HIGH,FALSE,HIGH,LOW,NORMAL,LOW,NORMAL,LOW,HIGH,HIGH,NORMAL,FALSE,NORMAL,NORMAL,LOW,NORMAL,ZERO,FALSE,LOW,ZERO,LOW,HIGH,FALSE,FALSE,NORMAL,NORMAL,LOW,FALSE,HIGH,ZERO,NORMAL,FALSE,NORMAL
FALSE,FALSE,NORMAL,FALSE,LOW,FALSE,LOW,HIGH,NORMAL,HIGH,ZERO,ZERO,NORMAL,NORMAL,NORMAL,FALSE,NORMAL,NORMAL,HIGH,NORMAL,LOW,FALSE,HIGH,HIGH,LOW,LOW,FALSE,FALSE,LOW,NORMAL,HIGH,FALSE,NORMAL,HIGH,NORMAL,FALSE,NORMAL
FALSE,FALSE,NORMAL,FALSE,HIGH,FALSE,HIGH,LOW,NORMAL,HIGH,NORMAL,LOW,HIGH,HIGH,NORMAL,FALSE,HIGH,NORMAL,HIGH,NORMAL,ZERO,FALSE,LOW,ZERO,LOW,HIGH,FALSE,FALSE,HIGH,HIGH,LOW,FALSE,HIGH,ZERO,NORMAL,FALSE,NORMAL
FALSE,FALSE,NORMAL,FALSE,HIGH,FALSE,NORMAL,NORMAL,NORMAL,LOW,NORMAL,LOW,HIGH,NORMAL,NORMAL,TRUE,NORMAL,NORMAL,LOW,LOW,ZERO,FALSE,LOW,ZERO,LOW,LOW,FALSE,FALSE,LOW,NORMAL,LOW,FALSE,NORMAL,ZERO,NORMAL,FALSE,NORMAL
FALSE,FALSE,NORMAL,FALSE,HIGH,TRUE,HIGH,NORMAL,NORMAL,HIGH,NORMAL,LOW,HIGH,HIGH,NORMAL,FALSE,HIGH,NORMAL,NORMAL,NORMAL,ZERO,FALSE,LOW,ZERO,LOW,NORMAL,FALSE,FALSE,NORMAL,HIGH,LOW,FALSE,HIGH,ZERO,NORMAL,FALSE,NORMAL
FALSE,FALSE,NORMAL,FALSE,LOW,FALSE,LOW,LOW,NORMAL,HIGH,NORMAL,HIGH,NORMAL,NORMAL,NORMAL,FALSE,NORMAL,NORMAL,HIGH,NORMAL,LOW,FALSE,HIGH,HIGH,LOW,LOW,FALSE,FALSE,LOW,NORMAL,HIGH,FALSE,NORMAL,HIGH,NORMAL,FALSE,NORMAL
FALSE,FALSE,NORMAL,FALSE,NORMAL,FALSE,HIGH,ZERO,NORMAL,LOW,ZERO,ZERO,HIGH,HIGH,ONESIDED,FALSE,NORMAL,NORMAL,LOW,NORMAL,ZERO,FALSE,NORMAL,NORMAL,LOW,HIGH,FALSE,FALSE,HIGH,NORMAL,NORMAL,FALSE,HIGH,NORMAL,NORMAL,FALSE,NORMAL
FALSE,FALSE,NORMAL,FALSE,LOW,FALSE,LOW,HIGH,NORMAL,HIGH,ZERO,ZERO,NORMAL,NORMAL,NORMAL,FALSE,NORMAL,NORMAL,HIGH,NORMAL,LOW,FALSE,HIGH,HIGH,LOW,LOW,FALSE,FALSE,LOW,NORMAL,HIGH,FALSE,NORMAL,HIGH,NORMAL,FALSE,NORMAL
FALSE,TRUE,NORMAL,FALSE,HIGH,FALSE,LOW,HIGH,NORMAL,NORMAL,LOW,ZERO,NORMAL,LOW,NORMAL,FALSE,NORMAL,LOW,HIGH,NORMAL,ZERO,FALSE,LOW,ZERO,LOW,LOW,FALSE,FALSE,LOW,NORMAL,LOW,FALSE,NORMAL,ZERO,LOW,FALSE,NORMAL
FALSE,FALSE,LOW,FALSE,HIGH,FALSE,HIGH,HIGH,NORMAL,HIGH,NORMAL,LOW,HIGH,HIGH,ONESIDED,FALSE,NORMAL,NORMAL,HIGH,NORMAL,LOW,FALSE,LOW,LOW,NORMAL,HIGH,FALSE,FALSE,HIGH,NORMAL,LOW,FALSE,HIGH,LOW,NORMAL,FALSE,HIGH
FALSE,FALSE,NORMAL,FALSE,HIGH,FALSE,HIGH,HIGH,NORMAL,LOW,NORMAL,LOW,HIGH,HIGH,NORMAL,FALSE,LOW,NORMAL,NORMAL,HIGH,ZERO,FALSE,LOW,ZERO,LOW,HIGH,FALSE,FALSE,HIGH,LOW,LOW,FALSE,HIGH,ZERO,NORMAL,FALSE,NORMAL
FALSE,FALSE,LOW,FALSE,HIGH,FALSE,HIGH,NORMAL,NORMAL,LOW,NORMAL,LOW,HIGH,HIGH,NORMAL,FALSE,NORMAL,NORMAL,LOW,NORMAL,ZERO,TRUE,LOW,ZERO,LOW,HIGH,FALSE,FALSE,HIGH,NORMAL,LOW,FALSE,HIGH,ZERO,NORMAL,FALSE,NORMAL
FALSE,FALSE,NORMAL,FALSE,HIGH,FALSE,NORMAL,HIGH,LOW,NORMAL,NORMAL,LOW,HIGH,HIGH,NORMAL,TRUE,NORMAL,NORMAL,NORMAL,NORMAL,ZERO,FALSE,LOW,ZERO,LOW,HIGH,FALSE,FALSE,HIGH,NORMAL,LOW,FALSE,HIGH,ZERO,NORMAL,FALSE,NORMAL
FALSE,FALSE,HIGH,FALSE,HIGH,FALSE,HIGH,NORMAL,NORMAL,HIGH,NORMAL,LOW,HIGH,HIGH,NORMAL,FALSE,LOW,NORMAL,HIGH,NORMAL,ZERO,FALSE,LOW,ZERO,LOW,HIGH,FALSE,FALSE,HIGH,NORMAL,LOW,FALSE,HIGH,ZERO,NORMAL,FALSE,NORMAL
FALSE,FALSE,NORMAL,FALSE,HIGH,TRUE,HIGH,ZERO,NORMAL,NORMAL,LOW,ZERO,HIGH,HIGH,NORMAL,FALSE,NORMAL,LOW,HIGH,NORMAL,ZERO,FALSE,LOW,ZERO,LOW,NORMAL,FALSE,FALSE,NORMAL,NORMAL,LOW,FALSE,HIGH,ZERO,HIGH,TRUE,NORMAL
TRUE,FALSE,NORMAL,FALSE,HIGH,FALSE,LOW,HIGH,NORMAL,LOW,NORMAL,ZERO,HIGH,NORMAL,NORMAL,FALSE,NORMAL,NORMAL,LOW,NORMAL,ZERO,FALSE,LOW,ZERO,LOW,LOW,FALSE,FALSE,LOW,NORMAL,LOW,FALSE,NORMAL,ZERO,NORMAL,FALSE,NORMAL
FALSE,FALSE,NORMAL,FALSE,HIGH,FALSE,HIGH,NORMAL,NORMAL,HIGH,NORMAL,LOW,HIGH,HIGH,NORMAL,FALSE,NORMAL,NORMAL,NORMAL,NORMAL,ZERO,FALSE,LOW,ZERO,LOW,HIGH,FALSE,FALSE,HIGH,NORMAL,LOW,FALSE,HIGH,ZERO,NORMAL,FALSE,NORMAL
FALSE,FALSE,NORMAL,FALSE,HIGH,FALSE,HIGH,LOW,NORMAL,HIGH,NORMAL,LOW,HIGH,HIGH,NORMAL,FALSE,NORMAL,NORMAL,HIGH,NORMAL,ZERO,FALSE,LOW,ZERO,LOW,HIGH,FALSE,FALSE,HIGH,NORMAL,LOW,FALSE,HIGH,ZERO,NORMAL,FALSE,NORMAL
TRUE,FALSE,NORMAL,FALSE,LOW,FALSE,HIGH,HIGH,NORMAL,LOW,NORMAL,ZERO,HIGH,HIGH,NORMAL,FALSE,NORMAL,NORMAL,LOW,NORMAL,LOW,FALSE,HIGH,HIGH,LOW,HIGH,FALSE,FALSE,HIGH,NORMAL,HIGH,FALSE,HIGH,HIGH,NORMAL,FALSE,NORMAL
FALSE,TRUE,NORMAL,FALSE,HIGH,FALSE,HIGH,HIGH,NORMAL,NORMAL,NORMAL,LOW,HIGH,NORMAL,NORMAL,FALSE,HIGH,NORMAL,NORMAL,HIGH,ZERO,FALSE,LOW,ZERO,LOW,HIGH,FALSE,TRUE,HIGH,HIGH,LOW,FALSE,HIGH,ZERO,NORMAL,FALSE,NORMAL
TRUE,FALSE,NORMAL,FALSE,HIGH,TRUE,HIGH,HIGH,LOW,HIGH,LOW,ZERO,HIGH,LOW,NORMAL,FALSE,HIGH,LOW,LOW,HIGH,ZERO,FALSE,LOW,ZERO,LOW,NORMAL,FALSE,TRUE,NORMAL,HIGH,LOW,FALSE,HIGH,ZERO,LOW,FALSE,NORMAL
FALSE,FALSE,NORMAL,FALSE,HIGH,FALSE,HIGH,HIGH,NORMAL,LOW,NORMAL,LOW,HIGH,LOW,NORMAL,FALSE,NORMAL,NORMAL,HIGH,NORMAL,ZERO,FALSE,LOW,ZERO,LOW,HIGH,FALSE,FALSE,HIGH,NORMAL,LOW,FALSE,HIGH,ZERO,LOW,FALSE,NORMAL
FALSE,FALSE,NORMAL,FALSE,HIGH,FALSE,HIGH,LOW,NORMAL,LOW,NORMAL,LOW,HIGH,HIGH,NORMAL,FALSE,LOW,NORMAL,LOW,NORMAL,ZERO,FALSE,LOW,ZERO,LOW,HIGH,FALSE,FALSE,HIGH,NORMAL,LOW,FALSE,HIGH,ZERO,NORMAL,FALSE,NORMAL
FALSE,FALSE,NORMAL,FALSE,HIGH,FALSE,HIGH,NORMAL,NORMAL,NORMAL,NORMAL,LOW,HIGH,HIGH,NORMAL,FALSE,NORMAL,NORMAL,NORMAL,NORMAL,ZERO,FALSE,LOW,ZERO,LOW,HIGH,FALSE,FALSE,HIGH,NORMAL,LOW,FALSE,HIGH,ZERO,NORMAL,FALSE,NORMAL
FALSE,FALSE,NORMAL,FALSE,HIGH,FALSE,HIGH,LOW,NORMAL,HIGH,NORMAL,LOW,HIGH,HIGH,NORMAL,FALSE,NORMAL,NORMAL,NORMAL,NORMAL,ZERO,FALSE,LOW,ZERO,LOW,HIGH,FALSE,FALSE,HIGH,NORMAL,LOW,FALSE,HIGH,ZERO,NORMAL,FALSE,NORMAL
FALSE,TRUE,NORMAL,FALSE,HIGH,FALSE,HIGH,LOW,NORMAL,HIGH,NORMAL,LOW,HIGH,HIGH,NORMAL,FALSE,NORMAL,NORMAL,HIGH,NORMAL,ZERO,FALSE,LOW,ZERO,LOW,HIGH,FALSE,FALSE,HIGH,NORMAL,LOW,FALSE,HIGH,ZERO,NORMAL,FALSE,NORMAL
FALSE,FALSE,NORMAL,FALSE,HIGH,FALSE,HIGH,LOW,NORMAL,HIGH,NORMAL,LOW,HIGH,HIGH,NORMAL,FALSE,NORMAL,NORMAL,NORMAL,NORMAL,ZERO,FALSE,LOW,ZERO,LOW,HIGH,FALSE,FALSE,HIGH,NORMAL,LOW,FALSE,HIGH,ZERO,NORMAL,FALSE,NORMAL
FALSE,FALSE,NORMAL,FALSE,HIGH,TRUE,HIGH,HIGH,NORMAL,HIGH,NORMAL,LOW,HIGH,HIGH,NORMAL,FALSE,NORMAL,NORMAL,HIGH,NORMAL,ZERO,FALSE,LOW,ZERO,LOW,NORMAL,FALSE,FALSE,NORMAL,NORMAL,LOW,FALSE,HIGH,ZERO,NORMAL,FALSE,NORMAL
FALSE,FALSE,NORMAL,FALSE,LOW,FALSE,LOW,HIGH,NORMAL,LOW,NORMAL,LOW,NORMAL,NORMAL,NORMAL,FALSE,NORMAL,NORMAL,LOW,NORMAL,LOW,FALSE,HIGH,HIGH,LOW,LOW,FALSE,FALSE,LOW,NORMAL,HIGH,FALSE,NORMAL,HIGH,NORMAL,FALSE,NORMAL
TRUE,FALSE,HIGH,FALSE,LOW,FALSE,HIGH,HIGH,NORMAL,LOW,LOW,ZERO,HIGH,HIGH,NORMAL,FALSE,NORMAL,LOW,LOW,NORMAL,LOW,FALSE,HIGH,HIGH,LOW,HIGH,FALSE,FALSE,HIGH,NORMAL,LOW,FALSE,HIGH,HIGH,NORMAL,FALSE,HIGH
FALSE,FALSE,NORMAL,FALSE,HIGH,FALSE,HIGH,NORMAL,NORMAL,NORMAL,NORMAL,LOW,HIGH,HIGH,NORMAL,FALSE,HIGH,NORMAL,NORMAL,NORMAL,ZERO,FALSE,LOW,ZERO,LOW,HIGH,FALSE,FALSE,HIGH,HIGH,LOW,FALSE,HIGH,ZERO,NORMAL,FALSE,NORMAL
FALSE,FALSE,NORMAL,FALSE,HIGH,FALSE,LOW,HIGH,NORMAL,LOW,NORMAL,LOW,HIGH,NORMAL,NORMAL,FALSE,NORMAL,NORMAL,LOW,NORMAL,ZERO,FALSE,LOW,ZERO,LOW,LOW,FALSE,FALSE,LOW,NORMAL,LOW,FALSE,NORMAL,ZERO,NORMAL,TRUE,NORMAL
FALSE,FALSE,NORMAL,FALSE,LOW,FALSE,HIGH,HIGH,NORMAL,LOW,LOW,ZERO,HIGH,LOW,NORMAL,FALSE,NORMAL,LOW,NORMAL,NORMAL,LOW,FALSE,HIGH,HIGH,LOW,HIGH,FALSE,FALSE,HIGH,NORMAL,HIGH,FALSE,HIGH,HIGH,NORMAL,FALSE,NORMAL
FALSE,FALSE,NORMAL,FALSE,HIGH,FALSE,HIGH,HIGH,NORMAL,LOW,NORMAL,LOW,HIGH,HIGH,NORMAL,FALSE,NORMAL,NORMAL,LOW,LOW,ZERO,FALSE,LOW,ZERO,LOW,HIGH,FALSE,FALSE,HIGH,NORMAL,LOW,FALSE,HIGH,ZERO,NORMAL,FALSE,NORMAL
FALSE,FALSE,NORMAL,FALSE,HIGH,FALSE,HIGH,HIGH,NORMAL,LOW,NORMAL,LOW,HIGH,HIGH,NORMAL,FALSE,HIGH,NORMAL,LOW,HIGH,ZERO,FALSE,NORMAL,ZERO,LOW,HIGH,FALSE,TRUE,HIGH,HIGH,NORMAL,FALSE,HIGH,ZERO,NORMAL,FALSE,NORMAL
FALSE,FALSE,NORMAL,FALSE,HIGH,FALSE,HIGH,HIGH,NORMAL,HIGH,NORMAL,LOW,HIGH,HIGH,NORMAL,FALSE,NORMAL,NORMAL,HIGH,NORMAL,ZERO,FALSE,LOW,ZERO,LOW,HIGH,FALSE,FALSE,HIGH,NORMAL,LOW,FALSE,HIGH,ZERO,NORMAL,FALSE,NORMAL
FALSE,FALSE,NORMAL,FALSE,HIGH,FALSE,HIGH,HIGH,NORMAL,NORMAL,LOW,ZERO,HIGH,HIGH,NORMAL,FALSE,HIGH,LOW,LOW,HIGH,ZERO,FALSE,LOW,ZERO,LOW,HIGH,FALSE,FALSE,HIGH,HIGH,LOW,FALSE,HIGH,ZERO,NORMAL,FALSE,NORMAL
FALSE,FALSE,NORMAL,FALSE,HIGH,FALSE,HIGH,NORMAL,NORMAL,LOW,NORMAL,LOW,HIGH,NORMAL,NORMAL,FALSE,NORMAL,NORMAL,LOW,NORMAL,ZERO,TRUE,LOW,ZERO,LOW,HIGH,FALSE,FALSE,HIGH,NORMAL,LOW,FALSE,HIGH,ZERO,NORMAL,FALSE,NORMAL
FALSE,FALSE,NORMAL,FALSE,HIGH,TRUE,HIGH,HIGH,NORMAL,LOW,NORMAL,LOW,HIGH,LOW,ONESIDED,FALSE,HIGH,NORMAL,NORMAL,HIGH,LOW,FALSE,LOW,ZERO,NORMAL,NORMAL,FALSE,TRUE,NORMAL,HIGH,LOW,FALSE,HIGH,LOW,LOW,FALSE,HIGH
TRUE,FALSE,NORMAL,FALSE,NORMAL,FALSE,LOW,HIGH,NORMAL,NORMAL,NORMAL,ZERO,NORMAL,NORMAL,NORMAL,FALSE,NORMAL,NORMAL,HIGH,NORMAL,LOW,FALSE,HIGH,ZERO,ZERO,LOW,FALSE,FALSE,LOW,NORMAL,HIGH,FALSE,NORMAL,HIGH,NORMAL,FALSE,NORMAL
FALSE,FALSE,NORMAL,FALSE,HIGH,FALSE,HIGH,LOW,NORMAL,HIGH,HIGH,LOW,HIGH,HIGH,NORMAL,FALSE,HIGH,HIGH,NORMAL,HIGH,ZERO,FALSE,LOW,ZERO,HIGH,HIGH,FALSE,FALSE,HIGH,HIGH,LOW,FALSE,HIGH,ZERO,NORMAL,FALSE,NORMAL
FALSE,FALSE,NORMAL,FALSE,LOW,FALSE,NORMAL,HIGH,NORMAL,LOW,NORMAL,LOW,NORMAL,LOW,NORMAL,FALSE,NORMAL,NORMAL,HIGH,NORMAL,ZERO,FALSE,HIGH,ZERO,ZERO,LOW,FALSE,FALSE,NORMAL,NORMAL,HIGH,FALSE,LOW,HIGH,LOW,TRUE,NORMAL
FALSE,FALSE,NORMAL,FALSE,HIGH,FALSE,NORMAL,LOW,NORMAL,HIGH,NORMAL,LOW,HIGH,HIGH,NORMAL,TRUE,HIGH,NORMAL,HIGH,HIGH,ZERO,FALSE,LOW,ZERO,LOW,HIGH,FALSE,FALSE,HIGH,HIGH,LOW,FALSE,HIGH,ZERO,NORMAL,FALSE,NORMAL
TRUE,TRUE,NORMAL,FALSE,LOW,FALSE,LOW,HIGH,NORMAL,NORMAL,NORMAL,ZERO,HIGH,NORMAL,NORMAL,FALSE,NORMAL,NORMAL,NORMAL,NORMAL,LOW,FALSE,HIGH,HIGH,LOW,LOW,FALSE,FALSE,LOW,NORMAL,HIGH,FALSE,NORMAL,HIGH,NORMAL,FALSE,NORMAL
FALSE,FALSE,HIGH,FALSE,HIGH,FALSE,HIGH,NORMAL,NORMAL,HIGH,NORMAL,LOW,HIGH,HIGH,NORMAL,FALSE,NORMAL,NORMAL,HIGH,NORMAL,ZERO,FALSE,LOW,ZERO,LOW,HIGH,FALSE,FALSE,HIGH,NORMAL,LOW,FALSE,HIGH,ZERO,NORMAL,FALSE,NORMAL
FALSE,FALSE,LOW,TRUE,HIGH,TRUE,HIGH,HIGH,NORMAL,LOW,NORMAL,LOW,HIGH,LOW,NORMAL,FALSE,LOW,NORMAL,NORMAL,LOW,ZERO,FALSE,LOW,ZERO,LOW,NORMAL,TRUE,FALSE,NORMAL,LOW,LOW,FALSE,HIGH,ZERO,LOW,FALSE,HIGH
FALSE,FALSE,NORMAL,FALSE,HIGH,FALSE,HIGH,HIGH,NORMAL,NORMAL,NORMAL,LOW,HIGH,HIGH,NORMAL,FALSE,HIGH,NORMAL,HIGH,NORMAL,ZERO,FALSE,LOW,ZERO,LOW,HIGH,FALSE,TRUE,HIGH,HIGH,LOW,FALSE,HIGH,ZERO,NORMAL,FALSE,NORMAL
TRUE,FALSE,NORMAL,FALSE,HIGH,FALSE,LOW,HIGH,NORMAL,LOW,NORMAL,ZERO,HIGH,NORMAL,NORMAL,FALSE,NORMAL,NORMAL,LOW,NORMAL,ZERO,FALSE,LOW,ZERO,LOW,LOW,FALSE,FALSE,LOW,NORMAL,LOW,FALSE,NORMAL,ZERO,NORMAL,FALSE,NORMAL
FALSE,FALSE,NORMAL,FALSE,HIGH,FALSE,HIGH,LOW,NORMAL,HIGH,NORMAL,LOW,HIGH,HIGH,NORMAL,FALSE,NORMAL,NORMAL,HIGH,NORMAL,ZERO,FALSE,LOW,ZERO,LOW,HIGH,FALSE,FALSE,HIGH,NORMAL,LOW,FALSE,HIGH,ZERO,NORMAL,FALSE,NORMAL
FALSE,FALSE,NORMAL,FALSE,HIGH,TRUE,HIGH,LOW,NORMAL,LOW,NORMAL,LOW,HIGH,LOW,NORMAL,FALSE,NORMAL,NORMAL,LOW,NORMAL,ZERO,FALSE,LOW,ZERO,LOW,NORMAL,FALSE,FALSE,NORMAL,NORMAL,LOW,FALSE,HIGH,ZERO,LOW,FALSE,NORMAL
FALSE,FALSE,NORMAL,FALSE,HIGH,FALSE,HIGH,NORMAL,NORMAL,LOW,NORMAL,LOW,HIGH,LOW,NORMAL,FALSE,NORMAL,NORMAL,NORMAL,NORMAL,ZERO,FALSE,LOW,ZERO,LOW,HIGH,FALSE,FALSE,HIGH,NORMAL,LOW,FALSE,HIGH,ZERO,LOW,FALSE,NORMAL
FALSE,FALSE,NORMAL,FALSE,HIGH,FALSE,HIGH,NORMAL,NORMAL,HIGH,NORMAL,LOW,HIGH,HIGH,NORMAL,FALSE,NORMAL,NORMAL,HIGH,NORMAL,ZERO,FALSE,LOW,ZERO,LOW,HIGH,FALSE,FALSE,HIGH,NORMAL,LOW,FALSE,HIGH,ZERO,NORMAL,FALSE,NORMAL
FALSE,FALSE,LOW,FALSE,HIGH,FALSE,HIGH,LOW,NORMAL,HIGH,NORMAL,LOW,HIGH,HIGH,NORMAL,FALSE,NORMAL,HIGH,NORMAL,NORMAL,ZERO,FALSE,LOW,ZERO,LOW,HIGH,FALSE,FALSE,HIGH,NORMAL,LOW,FALSE,HIGH,ZERO,NORMAL,FALSE,NORMAL
FALSE,FALSE,NORMAL,FALSE,LOW,FALSE,HIGH,HIGH,NORMAL,LOW,ZERO,ZERO,HIGH,HIGH,NORMAL,FALSE,NORMAL,NORMAL,LOW,NORMAL,LOW,FALSE,HIGH,HIGH,LOW,HIGH,FALSE,FALSE,HIGH,NORMAL,HIGH,FALSE,HIGH,HIGH,NORMAL,FALSE,NORMAL
FALSE,FALSE,NORMAL,FALSE,LOW,FALSE,HIGH,HIGH,NORMAL,HIGH,LOW,ZERO,HIGH,HIGH,NORMAL,FALSE,NORMAL,LOW,NORMAL,NORMAL,LOW,FALSE,HIGH,HIGH,LOW,HIGH,FALSE,FALSE,HIGH,NORMAL,HIGH,FALSE,HIGH,HIGH,NORMAL,FALSE,NORMAL
FALSE,TRUE,NORMAL,FALSE,HIGH,FALSE,HIGH,HIGH,NORMAL,NORMAL,NORMAL,LOW,HIGH,NORMAL,NORMAL,FALSE,HIGH,NORMAL,NORMAL,HIGH,ZERO,FALSE,LOW,ZERO,LOW,HIGH,FALSE,FALSE,HIGH,HIGH,LOW,FALSE,HIGH,ZERO,NORMAL,FALSE,NORMAL
TRUE,FALSE,NORMAL,FALSE,HIGH,FALSE,LOW,ZERO,NORMAL,NORMAL,NORMAL,ZERO,HIGH,NORMAL,NORMAL,FALSE,NORMAL,NORMAL,NORMAL,NORMAL,ZERO,FALSE,LOW,ZERO,LOW,LOW,FALSE,FALSE,LOW,NORMAL,LOW,FALSE,NORMAL,ZERO,NORMAL,TRUE,NORMAL
FALSE,FALSE,NORMAL,FALSE,HIGH,FALSE,HIGH,HIGH,NORMAL,HIGH,NORMAL,LOW,HIGH,HIGH,NORMAL,FALSE,LOW,NORMAL,HIGH,LOW,ZERO,FALSE,LOW,ZERO,LOW,HIGH,FALSE,FALSE,HIGH,LOW,LOW,FALSE,HIGH,ZERO,NORMAL,FALSE,NORMAL
TRUE,TRUE,NORMAL,FALSE,LOW,FALSE,HIGH,HIGH,NORMAL,LOW,NORMAL,ZERO,HIGH,HIGH,NORMAL,FALSE,NORMAL,NORMAL,LOW,NORMAL,LOW,FALSE,HIGH,HIGH,LOW,HIGH,FALSE,FALSE,HIGH,NORMAL,HIGH,FALSE,HIGH,HIGH,NORMAL,FALSE,NORMAL
FALSE,FALSE,NORMAL,FALSE,HIGH,FALSE,HIGH,HIGH,NORMAL,NORMAL,NORMAL,LOW,HIGH,HIGH,NORMAL,FALSE,NORMAL,NORMAL,LOW,NORMAL,ZERO,FALSE,LOW,ZERO,LOW,HIGH,FALSE,FALSE,HIGH,NORMAL,LOW,FALSE,HIGH,ZERO,NORMAL,FALSE,NORMAL
FALSE,FALSE,NORMAL,FALSE,HIGH,FALSE,HIGH,LOW,LOW,LOW,NORMAL,LOW,HIGH,HIGH,NORMAL,FALSE,NORMAL,NORMAL,LOW,LOW,ZERO,FALSE,LOW,ZERO,LOW,HIGH,FALSE,FALSE,HIGH,NORMAL,LOW,FALSE,HIGH,ZERO,NORMAL,FALSE,NORMAL
TRUE,FALSE,NORMAL,FALSE,LOW,FALSE,HIGH,HIGH,NORMAL,HIGH,NORMAL,ZERO,HIGH,HIGH,NORMAL,FALSE,HIGH,NORMAL,NORMAL,HIGH,LOW,FALSE,HIGH,HIGH,LOW,HIGH,FALSE,TRUE,HIGH,HIGH,HIGH,FALSE,HIGH,HIGH,NORMAL,FALSE,NORMAL
FALSE,FALSE,NORMAL,FALSE,LOW,FALSE,LOW,HIGH,NORMAL,HIGH,LOW,ZERO,NORMAL,NORMAL,NORMAL,FALSE,NORMAL,LOW,HIGH,NORMAL,LOW,FALSE,HIGH,HIGH,LOW,LOW,FALSE,FALSE,LOW,NORMAL,HIGH,FALSE,NORMAL,HIGH,NORMAL,FALSE,NORMAL
FALSE,FALSE,NORMAL,FALSE,HIGH,FALSE,HIGH,HIGH,NORMAL,LOW,NORMAL,LOW,HIGH,LOW,NORMAL,FALSE,LOW,NORMAL,LOW,LOW,ZERO,FALSE,LOW,ZERO,LOW,HIGH,TRUE,FALSE,HIGH,LOW,LOW,FALSE,HIGH,ZERO,LOW,FALSE,NORMAL
FALSE,FALSE,NORMAL,FALSE,LOW,FALSE,LOW,HIGH,LOW,HIGH,NORMAL,LOW,HIGH,HIGH,NORMAL,FALSE,NORMAL,NORMAL,NORMAL,NORMAL,LOW,FALSE,NORMAL,ZERO,LOW,LOW,FALSE,FALSE,LOW,NORMAL,NORMAL,FALSE,NORMAL,HIGH,HIGH,FALSE,NORMAL
FALSE,TRUE,NORMAL,FALSE,HIGH,FALSE,LOW,HIGH,NORMAL,NORMAL,NORMAL,LOW,HIGH,NORMAL,NORMAL,FALSE,NORMAL,NORMAL,NORMAL,NORMAL,ZERO,FALSE,LOW,ZERO,LOW,LOW,FALSE,FALSE,LOW,NORMAL,LOW,FALSE,NORMAL,ZERO,NORMAL,FALSE,HIGH
FALSE,FALSE,LOW,FALSE,HIGH,FALSE,HIGH,ZERO,NORMAL,HIGH,NORMAL,ZERO,HIGH,HIGH,ESOPHAGEAL,FALSE,HIGH,NORMAL,NORMAL,HIGH,ZERO,FALSE,LOW,LOW,LOW,HIGH,FALSE,TRUE,HIGH,HIGH,LOW,FALSE,HIGH,LOW,NORMAL,FALSE,NORMAL
FALSE,FALSE,NORMAL,FALSE,HIGH,FALSE,LOW,HIGH,NORMAL,NORMAL,NORMAL,NORMAL,HIGH,NORMAL,NORMAL,FALSE,HIGH,NORMAL,NORMAL,HIGH,HIGH,FALSE,LOW,LOW,HIGH,LOW,FALSE,FALSE,LOW,HIGH,LOW,FALSE,NORMAL,LOW,NORMAL,FALSE,NORMAL
FALSE,FALSE,NORMAL,FALSE,HIGH,FALSE,HIGH,HIGH,NORMAL,HIGH,LOW,ZERO,HIGH,HIGH,NORMAL,FALSE,NORMAL,LOW,HIGH,NORMAL,ZERO,FALSE,LOW,ZERO,LOW,HIGH,FALSE,FALSE,HIGH,NORMAL,LOW,FALSE,HIGH,ZERO,NORMAL,FALSE,NORMAL
FALSE,FALSE,NORMAL,FALSE,HIGH,FALSE,NORMAL,HIGH,NORMAL,HIGH,NORMAL,LOW,HIGH,HIGH,NORMAL,TRUE,NORMAL,NORMAL,NORMAL,NORMAL,ZERO,FALSE,LOW,ZERO,LOW,HIGH,FALSE,FALSE,HIGH,NORMAL,LOW,FALSE,HIGH,ZERO,NORMAL,FALSE,NORMAL
FALSE,FALSE,LOW,FALSE,HIGH,FALSE,LOW,NORMAL,NORMAL,LOW,NORMAL,LOW,HIGH,NORMAL,NORMAL,FALSE,NORMAL,NORMAL,LOW,NORMAL,ZERO,FALSE,LOW,ZERO,LOW,LOW,FALSE,FALSE,HIGH,NORMAL,LOW,FALSE,NORMAL,ZERO,NORMAL,FALSE,NORMAL
FALSE,FALSE,NORMAL,TRUE,HIGH,FALSE,LOW,HIGH,NORMAL,NORMAL,NORMAL,LOW,NORMAL,LOW,ONESIDED,FALSE,LOW,NORMAL,HIGH,LOW,LOW,FALSE,LOW,LOW,NORMAL,LOW,TRUE,FALSE,LOW,LOW,LOW,FALSE,NORMAL,LOW,LOW,FALSE,HIGH
TRUE,FALSE,NORMAL,FALSE,HIGH,FALSE,HIGH,HIGH,NORMAL,HIGH,NORMAL,ZERO,HIGH,HIGH,NORMAL,FALSE,NORMAL,NORMAL,NORMAL,NORMAL,ZERO,FALSE,LOW,ZERO,LOW,HIGH,FALSE,FALSE,HIGH,NORMAL,LOW,FALSE,HIGH,ZERO,NORMAL,FALSE,NORMAL
FALSE,FALSE,NORMAL,FALSE,HIGH,FALSE,HIGH,NORMAL,NORMAL,NORMAL,NORMAL,LOW,HIGH,HIGH,NORMAL,FALSE,NORMAL,NORMAL,LOW,NORMAL,ZERO,FALSE,LOW,ZERO,LOW,HIGH,FALSE,FALSE,HIGH,NORMAL,LOW,FALSE,HIGH,ZERO,NORMAL,FALSE,NORMAL
FALSE,FALSE,NORMAL,FALSE,HIGH,FALSE,HIGH,HIGH,NORMAL,NORMAL,NORMAL,LOW,HIGH,NORMAL,NORMAL,FALSE,NORMAL,NORMAL,NORMAL,NORMAL,ZERO,FALSE,LOW,ZERO,LOW,HIGH,FALSE,FALSE,HIGH,NORMAL,LOW,FALSE,HIGH,ZERO,NORMAL,FALSE,NORMAL
FALSE,FALSE,LOW,TRUE,HIGH,FALSE,HIGH,NORMAL,NORMAL,HIGH,NORMAL,LOW,HIGH,LOW,NORMAL,FALSE,NORMAL,NORMAL,HIGH,NORMAL,ZERO,FALSE,LOW,ZERO,LOW,HIGH,FALSE,FALSE,HIGH,NORMAL,LOW,FALSE,HIGH,ZERO,LOW,FALSE,NORMAL
FALSE,FALSE,LOW,FALSE,HIGH,FALSE,HIGH,HIGH,NORMAL,HIGH,NORMAL,NORMAL,HIGH,HIGH,NORMAL,FALSE,NORMAL,NORMAL,HIGH,NORMAL,HIGH,FALSE,LOW,LOW,HIGH,HIGH,FALSE,FALSE,HIGH,NORMAL,LOW,FALSE,HIGH,LOW,NORMAL,FALSE,NORMAL
FALSE,TRUE,NORMAL,FALSE,HIGH,FALSE,HIGH,NORMAL,NORMAL,HIGH,NORMAL,LOW,HIGH,HIGH,NORMAL,FALSE,HIGH,NORMAL,NORMAL,NORMAL,ZERO,FALSE,LOW,ZERO,LOW,HIGH,FALSE,TRUE,HIGH,HIGH,LOW,FALSE,HIGH,ZERO,NORMAL,FALSE,NORMAL
FALSE,FALSE,NORMAL,FALSE,HIGH,FALSE,HIGH,HIGH,NORMAL,LOW,NORMAL,LOW,HIGH,HIGH,NORMAL,FALSE,NORMAL,NORMAL,LOW,NORMAL,ZERO,FALSE,LOW,ZERO,LOW,HIGH,FALSE,FALSE,HIGH,NORMAL,LOW,FALSE,HIGH,ZERO,NORMAL,FALSE,NORMAL
FALSE,FALSE,NORMAL,FALSE,LOW,FALSE,HIGH,HIGH,NORMAL,LOW,LOW,ZERO,HIGH,HIGH,NORMAL,FALSE,HIGH,LOW,LOW,HIGH,LOW,FALSE,HIGH,HIGH,LOW,HIGH,FALSE,FALSE,HIGH,HIGH,HIGH,FALSE,HIGH,HIGH,HIGH,FALSE,NORMAL
FALSE,FALSE,NORMAL,FALSE,LOW,FALSE,HIGH,HIGH,NORMAL,HIGH,NORMAL,LOW,HIGH,HIGH,ONESIDED,FALSE,HIGH,NORMAL,NORMAL,HIGH,LOW,FALSE,LOW,ZERO,LOW,HIGH,FALSE,TRUE,HIGH,HIGH,LOW,FALSE,HIGH,LOW,NORMAL,FALSE,HIGH
TRUE,FALSE,NORMAL,FALSE,HIGH,TRUE,NORMAL,HIGH,NORMAL,HIGH,LOW,ZERO,HIGH,HIGH,NORMAL,TRUE,NORMAL,LOW,NORMAL,LOW,ZERO,FALSE,LOW,ZERO,LOW,NORMAL,FALSE,FALSE,NORMAL,NORMAL,LOW,FALSE,HIGH,ZERO,NORMAL,FALSE,NORMAL
FALSE,FALSE,NORMAL,FALSE,LOW,FALSE,HIGH,NORMAL,NORMAL,LOW,HIGH,HIGH,HIGH,HIGH,NORMAL,FALSE,NORMAL,HIGH,LOW,NORMAL,LOW,FALSE,HIGH,HIGH,LOW,LOW,FALSE,FALSE,HIGH,NORMAL,HIGH,FALSE,HIGH,HIGH,NORMAL,FALSE,NORMAL
FALSE,FALSE,NORMAL,FALSE,HIGH,FALSE,HIGH,HIGH,NORMAL,LOW,NORMAL,LOW,HIGH,LOW,NORMAL,FALSE,HIGH,NORMAL,NORMAL,HIGH,ZERO,FALSE,LOW,ZERO,LOW,HIGH,FALSE,TRUE,HIGH,HIGH,LOW,FALSE,HIGH,ZERO,LOW,FALSE,NORMAL
FALSE,FALSE,NORMAL,FALSE,LOW,FALSE,HIGH,HIGH,NORMAL,LOW,ZERO,ZERO,HIGH,HIGH,NORMAL,FALSE,HIGH,NORMAL,LOW,HIGH,LOW,FALSE,HIGH,HIGH,LOW,HIGH,FALSE,FALSE,HIGH,HIGH,HIGH,FALSE,HIGH,HIGH,HIGH,FALSE,NORMAL
TRUE,TRUE,NORMAL,FALSE,HIGH,FALSE,NORMAL,HIGH,LOW,LOW,HIGH,NORMAL,HIGH,HIGH,NORMAL,TRUE,LOW,HIGH,NORMAL,LOW,HIGH,FALSE,LOW,LOW,HIGH,HIGH,FALSE,FALSE,HIGH,LOW,LOW,FALSE,HIGH,LOW,HIGH,FALSE,NORMAL
FALSE,TRUE,NORMAL,FALSE,LOW,FALSE,HIGH,HIGH,NORMAL,LOW,ZERO,ZERO,HIGH,HIGH,NORMAL,FALSE,NORMAL,NORMAL,LOW,NORMAL,LOW,FALSE,HIGH,HIGH,LOW,LOW,FALSE,FALSE,HIGH,NORMAL,HIGH,FALSE,HIGH,HIGH,NORMAL,FALSE,NORMAL
FALSE,FALSE,NORMAL,FALSE,HIGH,FALSE,HIGH,HIGH,NORMAL,NORMAL,NORMAL,LOW,HIGH,LOW,ONESIDED,FALSE,HIGH,NORMAL,HIGH,LOW,LOW,FALSE,LOW,ZERO,NORMAL,HIGH,FALSE,TRUE,HIGH,HIGH,LOW,FALSE,HIGH,LOW,LOW,FALSE,HIGH
FALSE,FALSE,LOW,FALSE,HIGH,FALSE,HIGH,NORMAL,NORMAL,LOW,NORMAL,LOW,HIGH,LOW,NORMAL,FALSE,NORMAL,NORMAL,LOW,NORMAL,ZERO,FALSE,LOW,ZERO,LOW,HIGH,FALSE,FALSE,HIGH,NORMAL,LOW,FALSE,HIGH,ZERO,LOW,FALSE,HIGH
TRUE,FALSE,HIGH,FALSE,NORMAL,FALSE,HIGH,HIGH,NORMAL,NORMAL,NORMAL,ZERO,HIGH,HIGH,NORMAL,FALSE,NORMAL,NORMAL,NORMAL,NORMAL,LOW,FALSE,HIGH,HIGH,ZERO,HIGH,FALSE,FALSE,HIGH,NORMAL,HIGH,FALSE,HIGH,HIGH,NORMAL,FALSE,NORMAL
FALSE,FALSE,NORMAL,FALSE,HIGH,FALSE,HIGH,LOW,NORMAL,NORMAL,NORMAL,LOW,HIGH,HIGH,NORMAL,FALSE,NORMAL,NORMAL,NORMAL,NORMAL,ZERO,FALSE,LOW,ZERO,LOW,HIGH,FALSE,FALSE,HIGH,NORMAL,LOW,FALSE,HIGH,ZERO,NORMAL,FALSE,NORMAL
FALSE,TRUE,LOW,FALSE,HIGH,FALSE,LOW,HIGH,NORMAL,LOW,NORMAL,LOW,HIGH,LOW,ONESIDED,FALSE,NORMAL,NORMAL,NORMAL,NORMAL,LOW,FALSE,LOW,LOW,NORMAL,LOW,FALSE,TRUE,LOW,NORMAL,LOW,FALSE,NORMAL,LOW,LOW,FALSE,HIGH
FALSE,FALSE,LOW,FALSE,HIGH,FALSE,HIGH,LOW,NORMAL,LOW,NORMAL,LOW,HIGH,HIGH,NORMAL,FALSE,NORMAL,NORMAL,LOW,NORMAL,ZERO,FALSE,LOW,ZERO,LOW,HIGH,FALSE,FALSE,HIGH,NORMAL,LOW,FALSE,HIGH,ZERO,NORMAL,FALSE,NORMAL
FALSE,FALSE,NORMAL,TRUE,HIGH,FALSE,HIGH,LOW,NORMAL,LOW,NORMAL,LOW,HIGH,HIGH,NORMAL,FALSE,NORMAL,NORMAL,LOW,NORMAL,ZERO,FALSE,LOW,ZERO,LOW,HIGH,FALSE,FALSE,HIGH,NORMAL,LOW,FALSE,HIGH,ZERO,NORMAL,FALSE,NORMAL
FALSE,FALSE,LOW,FALSE,HIGH,FALSE,LOW,LOW,NORMAL,LOW,NORMAL,LOW,HIGH,NORMAL,NORMAL,FALSE,NORMAL,NORMAL,LOW,NORMAL,ZERO,FALSE,LOW,ZERO,LOW,LOW,FALSE,FALSE,LOW,NORMAL,LOW,FALSE,NORMAL,ZERO,NORMAL,FALSE,NORMAL
FALSE,FALSE,HIGH,FALSE,HIGH,FALSE,HIGH,NORMAL,NORMAL,LOW,NORMAL,LOW,HIGH,HIGH,NORMAL,FALSE,NORMAL,NORMAL,LOW,NORMAL,ZERO,FALSE,LOW,ZERO,LOW,HIGH,FALSE,FALSE,HIGH,NORMAL,LOW,FALSE,HIGH,ZERO,NORMAL,FALSE,NORMAL
FALSE,TRUE,NORMAL,FALSE,LOW,TRUE,HIGH,HIGH,NORMAL,LOW,LOW,ZERO,HIGH,HIGH,NORMAL,FALSE,NORMAL,LOW,LOW,NORMAL,LOW,FALSE,HIGH,HIGH,LOW,NORMAL,FALSE,FALSE,NORMAL,NORMAL,HIGH,FALSE,HIGH,HIGH,NORMAL,FALSE,NORMAL
FALSE,FALSE,NORMAL,FALSE,HIGH,FALSE,HIGH,LOW,NORMAL,NORMAL,NORMAL,LOW,HIGH,HIGH,NORMAL,FALSE,HIGH,NORMAL,NORMAL,NORMAL,ZERO,FALSE,LOW,ZERO,LOW,HIGH,FALSE,TRUE,HIGH,HIGH,LOW,FALSE,HIGH,ZERO,NORMAL,FALSE,NORMAL
FALSE,FALSE,NORMAL,FALSE,HIGH,FALSE,HIGH,ZERO,NORMAL,NORMAL,LOW,NORMAL,HIGH,HIGH,ESOPHAGEAL,FALSE,NORMAL,LOW,NORMAL,NORMAL,ZERO,FALSE,LOW,LOW,LOW,HIGH,FALSE,FALSE,HIGH,NORMAL,LOW,FALSE,HIGH,LOW,NORMAL,FALSE,NORMAL
TRUE,FALSE,NORMAL,FALSE,HIGH,FALSE,LOW,HIGH,NORMAL,NORMAL,HIGH,NORMAL,HIGH,NORMAL,NORMAL,FALSE,NORMAL,HIGH,NORMAL,NORMAL,HIGH,FALSE,LOW,LOW,HIGH,LOW,FALSE,FALSE,LOW,NORMAL,LOW,FALSE,NORMAL,LOW,NORMAL,FALSE,NORMAL
FALSE,FALSE,NORMAL,FALSE,HIGH,FALSE,LOW,NORMAL,NORMAL,NORMAL,NORMAL,LOW,HIGH,NORMAL,NORMAL,FALSE,NORMAL,NORMAL,NORMAL,NORMAL,ZERO,FALSE,LOW,ZERO,LOW,LOW,FALSE,FALSE,LOW,NORMAL,LOW,FALSE,NORMAL,ZERO,NORMAL,FALSE,NORMAL
TRUE,FALSE,NORMAL,FALSE,LOW,FALSE,LOW,HIGH,NORMAL,LOW,NORMAL,ZERO,NORMAL,LOW,NORMAL,FALSE,NORMAL,NORMAL,HIGH,NORMAL,LOW,FALSE,HIGH,HIGH,ZERO,LOW,FALSE,FALSE,LOW,NORMAL,HIGH,FALSE,NORMAL,HIGH,LOW,FALSE,NORMAL
FALSE,TRUE,NORMAL,FALSE,HIGH,FALSE,HIGH,NORMAL,NORMAL,HIGH,NORMAL,LOW,HIGH,HIGH,NORMAL,FALSE,NORMAL,NORMAL,NORMAL,HIGH,ZERO,FALSE,LOW,ZERO,LOW,HIGH,FALSE,FALSE,HIGH,NORMAL,LOW,FALSE,HIGH,ZERO,NORMAL,FALSE,NORMAL
FALSE,FALSE,NORMAL,FALSE,HIGH,FALSE,HIGH,NORMAL,NORMAL,HIGH,NORMAL,LOW,HIGH,HIGH,NORMAL,FALSE,NORMAL,NORMAL,NORMAL,LOW,ZERO,FALSE,LOW,ZERO,LOW,HIGH,FALSE,FALSE,HIGH,NORMAL,LOW,FALSE,HIGH,ZERO,HIGH,FALSE,NORMAL
FALSE,FALSE,NORMAL,FALSE,HIGH,TRUE,HIGH,LOW,NORMAL,LOW,NORMAL,LOW,HIGH,LOW,NORMAL,FALSE,HIGH,NORMAL,LOW,HIGH,ZERO,FALSE,LOW,ZERO,LOW,NORMAL,FALSE,TRUE,NORMAL,HIGH,LOW,FALSE,HIGH,ZERO,LOW,FALSE,NORMAL
FALSE,FALSE,NORMAL,FALSE,LOW,FALSE,HIGH,NORMAL,NORMAL,HIGH,NORMAL,LOW,HIGH,HIGH,NORMAL,FALSE,NORMAL,NORMAL,NORMAL,NORMAL,ZERO,FALSE,LOW,ZERO,ZERO,HIGH,FALSE,FALSE,HIGH,NORMAL,LOW,FALSE,HIGH,ZERO,HIGH,TRUE,NORMAL
TRUE,FALSE,NORMAL,FALSE,HIGH,FALSE,HIGH,HIGH,NORMAL,LOW,HIGH,NORMAL,HIGH,NORMAL,NORMAL,FALSE,LOW,HIGH,LOW,LOW,HIGH,FALSE,LOW,LOW,HIGH,HIGH,FALSE,TRUE,HIGH,LOW,LOW,FALSE,HIGH,LOW,LOW,FALSE,NORMAL
FALSE,TRUE,NORMAL,FALSE,HIGH,FALSE,HIGH,LOW,NORMAL,HIGH,NORMAL,LOW,HIGH,HIGH,NORMAL,FALSE,NORMAL,NORMAL,HIGH,NORMAL,ZERO,FALSE,LOW,ZERO,LOW,HIGH,FALSE,FALSE,HIGH,NORMAL,LOW,FALSE,HIGH,ZERO,NORMAL,FALSE,NORMAL
TRUE,FALSE,NORMAL,FALSE,LOW,FALSE,LOW,HIGH,NORMAL,NORMAL,NORMAL,ZERO,NORMAL,NORMAL,NORMAL,FALSE,NORMAL,NORMAL,NORMAL,NORMAL,LOW,FALSE,HIGH,HIGH,LOW,LOW,FALSE,FALSE,LOW,NORMAL,HIGH,FALSE,NORMAL,HIGH,NORMAL,FALSE,NORMAL
FALSE,FALSE,NORMAL,FALSE,HIGH,FALSE,HIGH,LOW,NORMAL,LOW,NORMAL,LOW,HIGH,LOW,NORMAL,FALSE,LOW,NORMAL,LOW,NORMAL,ZERO,FALSE,LOW,ZERO,LOW,HIGH,FALSE,TRUE,HIGH,NORMAL,LOW,FALSE,HIGH,ZERO,LOW,FALSE,NORMAL
FALSE,FALSE,NORMAL,FALSE,HIGH,FALSE,LOW,HIGH,NORMAL,HIGH,NORMAL,LOW,NORMAL,NORMAL,ONESIDED,FALSE,HIGH,NORMAL,HIGH,NORMAL,LOW,FALSE,LOW,ZERO,LOW,LOW,FALSE,FALSE,LOW,NORMAL,LOW,FALSE,NORMAL,LOW,NORMAL,FALSE,HIGH
FALSE,FALSE,NORMAL,FALSE,HIGH,TRUE,HIGH,NORMAL,NORMAL,LOW,NORMAL,LOW,HIGH,HIGH,NORMAL,FALSE,NORMAL,NORMAL,NORMAL,NORMAL,ZERO,FALSE,LOW,ZERO,LOW,NORMAL,FALSE,FALSE,NORMAL,NORMAL,LOW,FALSE,HIGH,ZERO,NORMAL,FALSE,NORMAL
TRUE,FALSE,NORMAL,FALSE,NORMAL,FALSE,NORMAL,HIGH,NORMAL,HIGH,NORMAL,ZERO,HIGH,HIGH,NORMAL,TRUE,NORMAL,NORMAL,NORMAL,NORMAL,LOW,FALSE,HIGH,NORMAL,ZERO,HIGH,FALSE,FALSE,HIGH,NORMAL,HIGH,FALSE,HIGH,HIGH,NORMAL,FALSE,NORMAL
FALSE,FALSE,NORMAL,FALSE,HIGH,FALSE,LOW,LOW,NORMAL,LOW,NORMAL,LOW,HIGH,HIGH,NORMAL,FALSE,NORMAL,NORMAL,LOW,NORMAL,ZERO,FALSE,LOW,ZERO,LOW,HIGH,FALSE,FALSE,HIGH,NORMAL,LOW,FALSE,HIGH,ZERO,NORMAL,FALSE,NORMAL
FALSE,FALSE,NORMAL,FALSE,HIGH,FALSE,HIGH,NORMAL,NORMAL,LOW,NORMAL,LOW,HIGH,HIGH,NORMAL,FALSE,NORMAL,NORMAL,LOW,NORMAL,ZERO,FALSE,LOW,ZERO,LOW,HIGH,FALSE,FALSE,HIGH,NORMAL,LOW,FALSE,HIGH,ZERO,NORMAL,FALSE,NORMAL
FALSE,FALSE,NORMAL,FALSE,HIGH,FALSE,HIGH,HIGH,NORMAL,LOW,NORMAL,LOW,HIGH,HIGH,NORMAL,FALSE,HIGH,NORMAL,LOW,HIGH,ZERO,FALSE,LOW,ZERO,LOW,HIGH,FALSE,TRUE,HIGH,HIGH,LOW,FALSE,HIGH,ZERO,NORMAL,FALSE,NORMAL
FALSE,FALSE,NORMAL,FALSE,HIGH,FALSE,HIGH,NORMAL,NORMAL,HIGH,NORMAL,LOW,HIGH,HIGH,NORMAL,FALSE,NORMAL,NORMAL,HIGH,NORMAL,ZERO,FALSE,LOW,ZERO,LOW,HIGH,FALSE,FALSE,HIGH,NORMAL,LOW,FALSE,HIGH,ZERO,NORMAL,FALSE,NORMAL
FALSE,FALSE,NORMAL,FALSE,HIGH,FALSE,HIGH,LOW,NORMAL,HIGH,NORMAL,LOW,HIGH,HIGH,NORMAL,FALSE,NORMAL,NORMAL,HIGH,NORMAL,HIGH,FALSE,LOW,LOW,HIGH,HIGH,FALSE,FALSE,HIGH,NORMAL,LOW,FALSE,HIGH,LOW,HIGH,FALSE,NORMAL
FALSE,FALSE,NORMAL,FALSE,NORMAL,FALSE,HIGH,HIGH,NORMAL,HIGH,NORMAL,LOW,HIGH,HIGH,NORMAL,FALSE,NORMAL,NORMAL,NORMAL,NORMAL,ZERO,FALSE,LOW,ZERO,LOW,HIGH,FALSE,FALSE,HIGH,NORMAL,LOW,FALSE,HIGH,ZERO,NORMAL,FALSE,NORMAL
FALSE,FALSE,NORMAL,FALSE,HIGH,FALSE,HIGH,LOW,NORMAL,LOW,NORMAL,LOW,HIGH,HIGH,NORMAL,FALSE,NORMAL,NORMAL,NORMAL,NORMAL,ZERO,FALSE,LOW,ZERO,LOW,HIGH,FALSE,FALSE,HIGH,NORMAL,LOW,FALSE,HIGH,ZERO,NORMAL,FALSE,NORMAL
FALSE,FALSE,NORMAL,FALSE,HIGH,FALSE,HIGH,HIGH,NORMAL,NORMAL,NORMAL,LOW,HIGH,HIGH,NORMAL,FALSE,NORMAL,NORMAL,HIGH,NORMAL,ZERO,FALSE,LOW,ZERO,LOW,HIGH,FALSE,FALSE,HIGH,NORMAL,LOW,FALSE,HIGH,ZERO,NORMAL,FALSE,NORMAL
TRUE,FALSE,NORMAL,FALSE,LOW,FALSE,HIGH,HIGH,NORMAL,LOW,NORMAL,ZERO,HIGH,HIGH,NORMAL,FALSE,NORMAL,NORMAL,LOW,NORMAL,LOW,FALSE,HIGH,HIGH,LOW,HIGH,FALSE,FALSE,HIGH,NORMAL,HIGH,FALSE,HIGH,HIGH,NORMAL,FALSE,NORMAL
FALSE,FALSE,NORMAL,FALSE,HIGH,FALSE,HIGH,HIGH,NORMAL,LOW,NORMAL,LOW,HIGH,HIGH,NORMAL,FALSE,NORMAL,NORMAL,LOW,NORMAL,ZERO,FALSE,LOW,ZERO,LOW,HIGH,FALSE,FALSE,HIGH,NORMAL,LOW,FALSE,HIGH,ZERO,NORMAL,FALSE,NORMAL
FALSE,FALSE,HIGH,FALSE,HIGH,FALSE,HIGH,HIGH,NORMAL,HIGH,NORMAL,LOW,HIGH,HIGH,ESOPHAGEAL,FALSE,HIGH,NORMAL,NORMAL,HIGH,LOW,FALSE,LOW,ZERO,NORMAL,HIGH,FALSE,TRUE,HIGH,HIGH,LOW,FALSE,HIGH,ZERO,NORMAL,FALSE,NORMAL
FALSE,FALSE,NORMAL,FALSE,NORMAL,FALSE,HIGH,NORMAL,NORMAL,LOW,HIGH,HIGH,HIGH,HIGH,ESOPHAGEAL,FALSE,NORMAL,HIGH,LOW,NORMAL,NORMAL,FALSE,HIGH,LOW,NORMAL,HIGH,FALSE,FALSE,HIGH,NORMAL,HIGH,FALSE,HIGH,HIGH,NORMAL,FALSE,NORMAL
FALSE,FALSE,NORMAL,FALSE,HIGH,FALSE,HIGH,HIGH,NORMAL,LOW,NORMAL,LOW,HIGH,HIGH,NORMAL,FALSE,NORMAL,NORMAL,LOW,NORMAL,ZERO,TRUE,LOW,ZERO,LOW,HIGH,FALSE,FALSE,HIGH,NORMAL,LOW,FALSE,HIGH,ZERO,NORMAL,FALSE,NORMAL
FALSE,FALSE,NORMAL,FALSE,HIGH,FALSE,HIGH,NORMAL,NORMAL,HIGH,NORMAL,LOW,HIGH,HIGH,NORMAL,FALSE,NORMAL,NORMAL,HIGH,NORMAL,ZERO,FALSE,LOW,ZERO,LOW,HIGH,FALSE,FALSE,HIGH,NORMAL,LOW,FALSE,HIGH,ZERO,NORMAL,FALSE,NORMAL
FALSE,FALSE,NORMAL,FALSE,HIGH,FALSE,HIGH,HIGH,LOW,HIGH,NORMAL,LOW,HIGH,HIGH,NORMAL,FALSE,NORMAL,NORMAL,NORMAL,NORMAL,ZERO,FALSE,LOW,ZERO,LOW,HIGH,FALSE,FALSE,HIGH,NORMAL,LOW,FALSE,HIGH,ZERO,NORMAL,TRUE,NORMAL
TRUE,FALSE,NORMAL,FALSE,LOW,FALSE,HIGH,LOW,NORMAL,HIGH,NORMAL,HIGH,NORMAL,NORMAL,NORMAL,FALSE,NORMAL,NORMAL,HIGH,NORMAL,LOW,FALSE,HIGH,HIGH,LOW,LOW,FALSE,FALSE,LOW,NORMAL,HIGH,FALSE,NORMAL,HIGH,NORMAL,FALSE,NORMAL
FALSE,TRUE,NORMAL,FALSE,HIGH,FALSE,HIGH,HIGH,NORMAL,LOW,NORMAL,LOW,HIGH,LOW,NORMAL,FALSE,HIGH,NORMAL,LOW,HIGH,ZERO,FALSE,LOW,ZERO,LOW,HIGH,FALSE,TRUE,HIGH,HIGH,LOW,FALSE,HIGH,ZERO,LOW,FALSE,NORMAL
FALSE,FALSE,NORMAL,FALSE,NORMAL,FALSE,HIGH,LOW,NORMAL,LOW,HIGH,HIGH,HIGH,LOW,NORMAL,FALSE,NORMAL,HIGH,LOW,LOW,NORMAL,FALSE,LOW,LOW,NORMAL,HIGH,FALSE,TRUE,HIGH,NORMAL,LOW,FALSE,HIGH,NORMAL,LOW,FALSE,NORMAL
TRUE,FALSE,NORMAL,FALSE,HIGH,TRUE,LOW,HIGH,NORMAL,NORMAL,NORMAL,ZERO,NORMAL,NORMAL,NORMAL,FALSE,NORMAL,NORMAL,HIGH,NORMAL,LOW,FALSE,LOW,HIGH,NORMAL,NORMAL,FALSE,TRUE,NORMAL,NORMAL,LOW,FALSE,NORMAL,LOW,NORMAL,FALSE,NORMAL
FALSE,FALSE,NORMAL,FALSE,HIGH,FALSE,HIGH,LOW,NORMAL,HIGH,NORMAL,LOW,HIGH,HIGH,NORMAL,FALSE,NORMAL,NORMAL,HIGH,LOW,ZERO,FALSE,LOW,ZERO,LOW,HIGH,FALSE,FALSE,HIGH,NORMAL,LOW,FALSE,HIGH,ZERO,NORMAL,FALSE,NORMAL
FALSE,FALSE,NORMAL,FALSE,HIGH,FALSE,HIGH,NORMAL,NORMAL,LOW,NORMAL,LOW,HIGH,HIGH,NORMAL,FALSE,NORMAL,NORMAL,LOW,NORMAL,ZERO,FALSE,LOW,ZERO,LOW,HIGH,FALSE,FALSE,HIGH,NORMAL,LOW,FALSE,HIGH,ZERO,NORMAL,TRUE,NORMAL
TRUE,FALSE,NORMAL,FALSE,LOW,FALSE,HIGH,HIGH,NORMAL,HIGH,NORMAL,ZERO,HIGH,HIGH,NORMAL,FALSE,NORMAL,NORMAL,NORMAL,NORMAL,LOW,FALSE,HIGH,HIGH,LOW,HIGH,FALSE,FALSE,HIGH,NORMAL,HIGH,FALSE,HIGH,HIGH,NORMAL,FALSE,NORMAL
FALSE,FALSE,NORMAL,FALSE,HIGH,FALSE,HIGH,LOW,NORMAL,HIGH,NORMAL,LOW,HIGH,HIGH,NORMAL,FALSE,NORMAL,NORMAL,NORMAL,LOW,ZERO,FALSE,LOW,ZERO,LOW,HIGH,FALSE,FALSE,HIGH,NORMAL,LOW,FALSE,HIGH,ZERO,NORMAL,FALSE,NORMAL
FALSE,FALSE,NORMAL,FALSE,HIGH,FALSE,HIGH,HIGH,NORMAL,HIGH,NORMAL,LOW,HIGH,HIGH,ONESIDED,FALSE,NORMAL,NORMAL,NORMAL,NORMAL,LOW,FALSE,LOW,ZERO,NORMAL,HIGH,FALSE,FALSE,LOW,NORMAL,LOW,FALSE,HIGH,LOW,NORMAL,FALSE,HIGH
FALSE,FALSE,NORMAL,FALSE,HIGH,FALSE,NORMAL,NORMAL,NORMAL,HIGH,NORMAL,LOW,HIGH,HIGH,NORMAL,TRUE,NORMAL,NORMAL,NORMAL,NORMAL,ZERO,FALSE,LOW,ZERO,LOW,HIGH,FALSE,FALSE,HIGH,NORMAL,LOW,FALSE,HIGH,ZERO,NORMAL,FALSE,NORMAL
FALSE,FALSE,NORMAL,FALSE,HIGH,FALSE,LOW,HIGH,NORMAL,NORMAL,NORMAL,LOW,HIGH,NORMAL,NORMAL,FALSE,NORMAL,NORMAL,NORMAL,NORMAL,ZERO,FALSE,LOW,ZERO,LOW,LOW,FALSE,FALSE,LOW,NORMAL,LOW,FALSE,NORMAL,ZERO,NORMAL,FALSE,NORMAL
FALSE,TRUE,NORMAL,FALSE,LOW,TRUE,HIGH,HIGH,NORMAL,HIGH,NORMAL,LOW,HIGH,HIGH,NORMAL,FALSE,NORMAL,NORMAL,NORMAL,NORMAL,LOW,FALSE,HIGH,HIGH,LOW,NORMAL,FALSE,FALSE,NORMAL,NORMAL,HIGH,FALSE,HIGH,HIGH,NORMAL,FALSE,NORMAL
FALSE,FALSE,NORMAL,FALSE,HIGH,FALSE,HIGH,HIGH,NORMAL,HIGH,LOW,ZERO,HIGH,NORMAL,NORMAL,FALSE,NORMAL,LOW,HIGH,NORMAL,ZERO,FALSE,LOW,ZERO,LOW,HIGH,FALSE,FALSE,HIGH,NORMAL,LOW,FALSE,HIGH,ZERO,NORMAL,FALSE,NORMAL
FALSE,FALSE,NORMAL,FALSE,HIGH,FALSE,HIGH,HIGH,NORMAL,LOW,NORMAL,LOW,HIGH,HIGH,NORMAL,FALSE,HIGH,NORMAL,LOW,NORMAL,ZERO,FALSE,LOW,ZERO,LOW,NORMAL,FALSE,FALSE,HIGH,HIGH,LOW,FALSE,HIGH,ZERO,NORMAL,FALSE,NORMAL
TRUE,FALSE,NORMAL,FALSE,HIGH,FALSE,HIGH,HIGH,NORMAL,LOW,NORMAL,ZERO,HIGH,HIGH,NORMAL,FALSE,HIGH,NORMAL,LOW,HIGH,ZERO,FALSE,LOW,ZERO,LOW,HIGH,FALSE,FALSE,HIGH,HIGH,LOW,FALSE,HIGH,ZERO,NORMAL,FALSE,NORMAL
FALSE,FALSE,NORMAL,FALSE,HIGH,FALSE,HIGH,NORMAL,LOW,LOW,NORMAL,LOW,HIGH,NORMAL,NORMAL,FALSE,NORMAL,NORMAL,LOW,NORMAL,ZERO,FALSE,LOW,ZERO,LOW,HIGH,FALSE,TRUE,HIGH,NORMAL,LOW,TRUE,HIGH,ZERO,LOW,FALSE,NORMAL
FALSE,FALSE,NORMAL,FALSE,HIGH,FALSE,HIGH,NORMAL,NORMAL,HIGH,NORMAL,LOW,HIGH,HIGH,NORMAL,FALSE,NORMAL,NORMAL,HIGH,NORMAL,ZERO,FALSE,LOW,ZERO,LOW,HIGH,FALSE,FALSE,HIGH,NORMAL,LOW,FALSE,HIGH,ZERO,NORMAL,FALSE,NORMAL
FALSE,FALSE,NORMAL,TRUE,NORMAL,FALSE,HIGH,HIGH,NORMAL,LOW,ZERO,ZERO,HIGH,HIGH,NORMAL,FALSE,NORMAL,NORMAL,LOW,NORMAL,LOW,FALSE,HIGH,HIGH,ZERO,HIGH,FALSE,FALSE,HIGH,NORMAL,HIGH,FALSE,HIGH,HIGH,NORMAL,FALSE,NORMAL
TRUE,FALSE,NORMAL,FALSE,NORMAL,FALSE,HIGH,HIGH,NORMAL,HIGH,NORMAL,ZERO,HIGH,HIGH,NORMAL,FALSE,NORMAL,NORMAL,NORMAL,NORMAL,NORMAL,FALSE,NORMAL,ZERO,NORMAL,HIGH,FALSE,FALSE,HIGH,NORMAL,NORMAL,FALSE,HIGH,NORMAL,NORMAL,FALSE,NORMAL
FALSE,FALSE,NORMAL,FALSE,HIGH,FALSE,HIGH,HIGH,NORMAL,HIGH,NORMAL,LOW,HIGH,HIGH,NORMAL,FALSE,NORMAL,NORMAL,NORMAL,NORMAL,ZERO,FALSE,LOW,ZERO,LOW,HIGH,FALSE,FALSE,HIGH,NORMAL,LOW,FALSE,HIGH,ZERO,NORMAL,FALSE,NORMAL
FALSE,FALSE,NORMAL,FALSE,HIGH,FALSE,HIGH,NORMAL,NORMAL,HIGH,NORMAL,LOW,HIGH,HIGH,NORMAL,FALSE,LOW,NORMAL,NORMAL,LOW,ZERO,FALSE,LOW,ZERO,LOW,HIGH,FALSE,FALSE,HIGH,LOW,LOW,FALSE,HIGH,ZERO,NORMAL,FALSE,NORMAL
FALSE,FALSE,NORMAL,FALSE,HIGH,FALSE,HIGH,HIGH,NORMAL,NORMAL,NORMAL,LOW,HIGH,HIGH,ONESIDED,FALSE,HIGH,NORMAL,NORMAL,HIGH,LOW,FALSE,LOW,ZERO,LOW,HIGH,FALSE,TRUE,HIGH,HIGH,LOW,FALSE,HIGH,LOW,NORMAL,FALSE,HIGH
FALSE,FALSE,NORMAL,FALSE,LOW,FALSE,LOW,LOW,NORMAL,HIGH,HIGH,HIGH,NORMAL,NORMAL,NORMAL,FALSE,NORMAL,HIGH,HIGH,LOW,LOW,FALSE,HIGH,HIGH,LOW,LOW,FALSE,FALSE,LOW,NORMAL,HIGH,FALSE,NORMAL,HIGH,NORMAL,FALSE,NORMAL
FALSE,FALSE,NORMAL,FALSE,HIGH,FALSE,HIGH,NORMAL,NORMAL,HIGH,NORMAL,LOW,HIGH,HIGH,NORMAL,FALSE,NORMAL,NORMAL,NORMAL,NORMAL,ZERO,FALSE,LOW,ZERO,LOW,HIGH,FALSE,FALSE,HIGH,NORMAL,LOW,FALSE,HIGH,ZERO,NORMAL,FALSE,NORMAL
FALSE,FALSE,NORMAL,FALSE,HIGH,FALSE,HIGH,NORMAL,NORMAL,HIGH,NORMAL,LOW,HIGH,HIGH,NORMAL,FALSE,NORMAL,NORMAL,NORMAL,NORMAL,ZERO,FALSE,LOW,ZERO,LOW,HIGH,FALSE,FALSE,HIGH,NORMAL,LOW,FALSE,HIGH,ZERO,NORMAL,FALSE,HIGH
FALSE,FALSE,NORMAL,FALSE,HIGH,FALSE,HIGH,HIGH,NORMAL,LOW,NORMAL,LOW,HIGH,HIGH,NORMAL,FALSE,NORMAL,NORMAL,LOW,NORMAL,ZERO,FALSE,LOW,ZERO,LOW,HIGH,FALSE,FALSE,HIGH,NORMAL,LOW,FALSE,HIGH,LOW,NORMAL,FALSE,NORMAL
FALSE,FALSE,NORMAL,FALSE,LOW,FALSE,HIGH,HIGH,NORMAL,LOW,LOW,ZERO,HIGH,HIGH,NORMAL,FALSE,NORMAL,LOW,LOW,NORMAL,LOW,FALSE,HIGH,HIGH,LOW,HIGH,FALSE,FALSE,HIGH,NORMAL,HIGH,FALSE,HIGH,HIGH,NORMAL,FALSE,NORMAL
FALSE,FALSE,NORMAL,FALSE,HIGH,FALSE,HIGH,NORMAL,NORMAL,LOW,NORMAL,LOW,HIGH,NORMAL,NORMAL,FALSE,HIGH,NORMAL,LOW,HIGH,ZERO,FALSE,LOW,ZERO,LOW,HIGH,FALSE,TRUE,HIGH,HIGH,LOW,FALSE,HIGH,ZERO,LOW,FALSE,NORMAL
FALSE,FALSE,NORMAL,FALSE,HIGH,FALSE,HIGH,LOW,NORMAL,HIGH,NORMAL,LOW,HIGH,HIGH,NORMAL,FALSE,NORMAL,NORMAL,NORMAL,NORMAL,ZERO,FALSE,LOW,ZERO,LOW,HIGH,FALSE,FALSE,HIGH,NORMAL,LOW,FALSE,HIGH,ZERO,NORMAL,FALSE,NORMAL
FALSE,TRUE,NORMAL,FALSE,NORMAL,TRUE,LOW,LOW,NORMAL,NORMAL,NORMAL,LOW,NORMAL,NORMAL,NORMAL,FALSE,NORMAL,NORMAL,NORMAL,NORMAL,NORMAL,FALSE,LOW,LOW,NORMAL,HIGH,FALSE,FALSE,NORMAL,NORMAL,LOW,FALSE,NORMAL,NORMAL,NORMAL,FALSE,NORMAL
FALSE,FALSE,NORMAL,FALSE,HIGH,FALSE,HIGH,LOW,NORMAL,NORMAL,NORMAL,LOW,HIGH,NORMAL,NORMAL,FALSE,HIGH,NORMAL,NORMAL,HIGH,ZERO,FALSE,LOW,ZERO,ZERO,HIGH,FALSE,TRUE,HIGH,HIGH,LOW,FALSE,HIGH,ZERO,LOW,FALSE,HIGH
TRUE,FALSE,NORMAL,FALSE,HIGH,FALSE,HIGH,ZERO,LOW,NORMAL,NORMAL,ZERO,HIGH,HIGH,ESOPHAGEAL,FALSE,NORMAL,NORMAL,NORMAL,NORMAL,ZERO,FALSE,LOW,LOW,HIGH,HIGH,FALSE,FALSE,HIGH,NORMAL,LOW,FALSE,HIGH,LOW,NORMAL,FALSE,NORMAL
FALSE,FALSE,NORMAL,FALSE,NORMAL,FALSE,HIGH,LOW,NORMAL,LOW,NORMAL,ZERO,HIGH,HIGH,ONESIDED,FALSE,NORMAL,NORMAL,LOW,NORMAL,ZERO,FALSE,LOW,NORMAL,LOW,HIGH,FALSE,FALSE,LOW,NORMAL,LOW,FALSE,HIGH,NORMAL,NORMAL,FALSE,HIGH
FALSE,FALSE,NORMAL,FALSE,HIGH,FALSE,LOW,LOW,LOW,HIGH,NORMAL,LOW,HIGH,NORMAL,NORMAL,FALSE,NORMAL,NORMAL,NORMAL,NORMAL,ZERO,FALSE,LOW,ZERO,LOW,LOW,FALSE,FALSE,LOW,NORMAL,LOW,FALSE,NORMAL,ZERO,NORMAL,FALSE,NORMAL
FALSE,FALSE,NORMAL,FALSE,HIGH,FALSE,HIGH,HIGH,NORMAL,HIGH,NORMAL,LOW,HIGH,HIGH,ESOPHAGEAL,FALSE,NORMAL,NORMAL,HIGH,NORMAL,ZERO,FALSE,LOW,LOW,LOW,HIGH,FALSE,FALSE,HIGH,NORMAL,LOW,FALSE,HIGH,LOW,NORMAL,FALSE,NORMAL
FALSE,FALSE,NORMAL,FALSE,LOW,FALSE,LOW,HIGH,NORMAL,HIGH,LOW,ZERO,NORMAL,NORMAL,NORMAL,FALSE,NORMAL,LOW,HIGH,NORMAL,LOW,FALSE,HIGH,HIGH,LOW,LOW,FALSE,FALSE,LOW,NORMAL,LOW,FALSE,NORMAL,HIGH,NORMAL,FALSE,NORMAL
FALSE,FALSE,NORMAL,FALSE,NORMAL,FALSE,LOW,LOW,NORMAL,HIGH,NORMAL,LOW,NORMAL,LOW,NORMAL,FALSE,HIGH,NORMAL,HIGH,HIGH,NORMAL,FALSE,LOW,ZERO,NORMAL,LOW,FALSE,TRUE,LOW,HIGH,LOW,FALSE,NORMAL,NORMAL,LOW,FALSE,NORMAL
TRUE,FALSE,NORMAL,FALSE,HIGH,FALSE,NORMAL,HIGH,NORMAL,NORMAL,NORMAL,ZERO,HIGH,HIGH,NORMAL,TRUE,NORMAL,NORMAL,NORMAL,NORMAL,ZERO,FALSE,LOW,ZERO,LOW,HIGH,FALSE,FALSE,HIGH,NORMAL,LOW,FALSE,HIGH,ZERO,NORMAL,FALSE,NORMAL
FALSE,FALSE,NORMAL,FALSE,HIGH,FALSE,HIGH,ZERO,NORMAL,HIGH,ZERO,ZERO,HIGH,HIGH,ESOPHAGEAL,FALSE,NORMAL,NORMAL,HIGH,NORMAL,ZERO,FALSE,LOW,LOW,LOW,HIGH,FALSE,FALSE,LOW,NORMAL,LOW,FALSE,HIGH,LOW,NORMAL,FALSE,NORMAL
FALSE,FALSE,NORMAL,FALSE,HIGH,FALSE,HIGH,LOW,NORMAL,LOW,NORMAL,LOW,HIGH,HIGH,NORMAL,FALSE,NORMAL,NORMAL,LOW,NORMAL,ZERO,FALSE,LOW,ZERO,LOW,HIGH,FALSE,FALSE,HIGH,NORMAL,LOW,FALSE,HIGH,ZERO,NORMAL,FALSE,NORMAL
FALSE,FALSE,NORMAL,TRUE,HIGH,FALSE,HIGH,LOW,NORMAL,HIGH,NORMAL,LOW,HIGH,NORMAL,NORMAL,FALSE,NORMAL,NORMAL,HIGH,LOW,ZERO,FALSE,LOW,ZERO,LOW,HIGH,TRUE,TRUE,HIGH,LOW,LOW,FALSE,HIGH,ZERO,LOW,FALSE,NORMAL
FALSE,FALSE,NORMAL,TRUE,HIGH,FALSE,HIGH,ZERO,NORMAL,HIGH,ZERO,ZERO,HIGH,HIGH,NORMAL,FALSE,LOW,HIGH,NORMAL,LOW,ZERO,FALSE,LOW,ZERO,LOW,HIGH,TRUE,FALSE,HIGH,LOW,LOW,FALSE,HIGH,ZERO,LOW,TRUE,NORMAL
TRUE,TRUE,NORMAL,FALSE,LOW,TRUE,LOW,HIGH,NORMAL,LOW,NORMAL,ZERO,NORMAL,NORMAL,NORMAL,FALSE,NORMAL,NORMAL,HIGH,NORMAL,LOW,FALSE,HIGH,HIGH,LOW,HIGH,FALSE,FALSE,HIGH,NORMAL,HIGH,FALSE,NORMAL,HIGH,NORMAL,FALSE,NORMAL
FALSE,TRUE,NORMAL,FALSE,NORMAL,FALSE,LOW,HIGH,NORMAL,LOW,NORMAL,LOW,HIGH,NORMAL,ONESIDED,FALSE,NORMAL,NORMAL,LOW,NORMAL,ZERO,FALSE,LOW,NORMAL,LOW,LOW,FALSE,FALSE,LOW,NORMAL,LOW,FALSE,NORMAL,NORMAL,NORMAL,FALSE,HIGH
FALSE,FALSE,NORMAL,FALSE,HIGH,FALSE,HIGH,HIGH,LOW,HIGH,NORMAL,LOW,HIGH,HIGH,ESOPHAGEAL,FALSE,HIGH,NORMAL,NORMAL,HIGH,LOW,FALSE,LOW,ZERO,NORMAL,HIGH,FALSE,TRUE,HIGH,HIGH,LOW,FALSE,HIGH,ZERO,NORMAL,FALSE,NORMAL
FALSE,FALSE,HIGH,FALSE,LOW,FALSE,LOW,NORMAL,NORMAL,HIGH,NORMAL,LOW,NORMAL,NORMAL,NORMAL,FALSE,NORMAL,NORMAL,HIGH,NORMAL,ZERO,FALSE,HIGH,ZERO,HIGH,LOW,FALSE,FALSE,LOW,NORMAL,HIGH,FALSE,NORMAL,HIGH,NORMAL,FALSE,NORMAL
FALSE,FALSE,NORMAL,TRUE,LOW,FALSE,HIGH,LOW,NORMAL,LOW,NORMAL,HIGH,HIGH,LOW,NORMAL,FALSE,HIGH,NORMAL,LOW,LOW,LOW,FALSE,HIGH,HIGH,LOW,HIGH,TRUE,FALSE,HIGH,LOW,HIGH,FALSE,HIGH,HIGH,LOW,FALSE,NORMAL
FALSE,FALSE,NORMAL,FALSE,HIGH,FALSE,HIGH,LOW,NORMAL,HIGH,NORMAL,LOW,HIGH,HIGH,NORMAL,FALSE,NORMAL,NORMAL,HIGH,NORMAL,ZERO,FALSE,LOW,ZERO,LOW,HIGH,FALSE,FALSE,HIGH,NORMAL,LOW,FALSE,HIGH,ZERO,NORMAL,FALSE,NORMAL
FALSE,FALSE,NORMAL,FALSE,LOW,FALSE,HIGH,LOW,NORMAL,LOW,HIGH,HIGH,HIGH,HIGH,NORMAL,FALSE,NORMAL,NORMAL,LOW,NORMAL,LOW,FALSE,HIGH,HIGH,LOW,HIGH,FALSE,FALSE,HIGH,NORMAL,HIGH,FALSE,HIGH,HIGH,NORMAL,FALSE,NORMAL
FALSE,FALSE,HIGH,FALSE,LOW,FALSE,LOW,HIGH,NORMAL,HIGH,LOW,ZERO,NORMAL,HIGH,NORMAL,FALSE,NORMAL,LOW,HIGH,HIGH,LOW,FALSE,HIGH,HIGH,LOW,LOW,FALSE,FALSE,LOW,NORMAL,HIGH,FALSE,NORMAL,HIGH,HIGH,FALSE,NORMAL
FALSE,FALSE,HIGH,FALSE,HIGH,FALSE,HIGH,HIGH,NORMAL,HIGH,NORMAL,LOW,HIGH,HIGH,NORMAL,FALSE,NORMAL,NORMAL,NORMAL,NORMAL,ZERO,FALSE,LOW,ZERO,LOW,HIGH,FALSE,FALSE,HIGH,NORMAL,LOW,FALSE,HIGH,ZERO,NORMAL,FALSE,NORMAL
FALSE,FALSE,NORMAL,FALSE,LOW,FALSE,HIGH,LOW,NORMAL,LOW,NORMAL,LOW,HIGH,LOW,ONESIDED,FALSE,LOW,NORMAL,LOW,LOW,ZERO,FALSE,LOW,NORMAL,ZERO,HIGH,TRUE,TRUE,HIGH,LOW,LOW,FALSE,HIGH,NORMAL,LOW,FALSE,HIGH
FALSE,FALSE,NORMAL,FALSE,HIGH,FALSE,HIGH,NORMAL,NORMAL,HIGH,NORMAL,LOW,HIGH,HIGH,NORMAL,FALSE,HIGH,NORMAL,NORMAL,LOW,ZERO,FALSE,LOW,ZERO,LOW,HIGH,FALSE,FALSE,HIGH,HIGH,LOW,FALSE,HIGH,ZERO,NORMAL,FALSE,NORMAL
TRUE,FALSE,NORMAL,FALSE,LOW,FALSE,NORMAL,HIGH,NORMAL,NORMAL,NORMAL,ZERO,NORMAL,LOW,NORMAL,FALSE,NORMAL,NORMAL,HIGH,NORMAL,LOW,FALSE,HIGH,HIGH,LOW,NORMAL,FALSE,FALSE,LOW,NORMAL,HIGH,FALSE,LOW,HIGH,NORMAL,FALSE,NORMAL
FALSE,FALSE,NORMAL,FALSE,HIGH,FALSE,NORMAL,HIGH,LOW,LOW,NORMAL,LOW,HIGH,HIGH,NORMAL,TRUE,NORMAL,NORMAL,LOW,NORMAL,ZERO,FALSE,LOW,ZERO,LOW,HIGH,FALSE,FALSE,HIGH,NORMAL,LOW,FALSE,HIGH,ZERO,HIGH,FALSE,NORMAL
FALSE,FALSE,NORMAL,FALSE,NORMAL,FALSE,HIGH,LOW,NORMAL,HIGH,NORMAL,LOW,HIGH,HIGH,NORMAL,FALSE,NORMAL,NORMAL,NORMAL,NORMAL,ZERO,FALSE,LOW,ZERO,LOW,HIGH,FALSE,FALSE,HIGH,NORMAL,LOW,FALSE,HIGH,NORMAL,NORMAL,FALSE,NORMAL
FALSE,FALSE,NORMAL,FALSE,HIGH,FALSE,HIGH,LOW,NORMAL,LOW,NORMAL,LOW,HIGH,LOW,NORMAL,FALSE,HIGH,NORMAL,NORMAL,HIGH,ZERO,FALSE,LOW,ZERO,ZERO,HIGH,FALSE,TRUE,HIGH,HIGH,LOW,FALSE,HIGH,ZERO,LOW,FALSE,NORMAL
FALSE,FALSE,NORMAL,FALSE,HIGH,TRUE,HIGH,HIGH,NORMAL,LOW,NORMAL,LOW,HIGH,HIGH,NORMAL,FALSE,NORMAL,NORMAL,LOW,NORMAL,ZERO,FALSE,LOW,ZERO,LOW,NORMAL,FALSE,FALSE,NORMAL,NORMAL,LOW,FALSE,HIGH,ZERO,NORMAL,FALSE,NORMAL
FALSE,FALSE,NORMAL,FALSE,HIGH,FALSE,HIGH,LOW,NORMAL,HIGH,NORMAL,LOW,HIGH,HIGH,NORMAL,FALSE,NORMAL,NORMAL,HIGH,NORMAL,ZERO,FALSE,LOW,ZERO,LOW,HIGH,FALSE,FALSE,HIGH,NORMAL,LOW,FALSE,HIGH,ZERO,NORMAL,FALSE,NORMAL
FALSE,FALSE,NORMAL,FALSE,HIGH,TRUE,HIGH,NORMAL,NORMAL,LOW,NORMAL,LOW,HIGH,HIGH,NORMAL,FALSE,NORMAL,NORMAL,LOW,NORMAL,ZERO,FALSE,LOW,ZERO,LOW,NORMAL,FALSE,FALSE,NORMAL,NORMAL,LOW,FALSE,HIGH,ZERO,NORMAL,FALSE,NORMAL
FALSE,FALSE,HIGH,FALSE,HIGH,FALSE,LOW,HIGH,NORMAL,NORMAL,NORMAL,LOW,HIGH,NORMAL,ONESIDED,FALSE,LOW,NORMAL,NORMAL,LOW,LOW,FALSE,LOW,ZERO,NORMAL,LOW,FALSE,FALSE,LOW,LOW,LOW,FALSE,NORMAL,LOW,NORMAL,FALSE,HIGH
FALSE,FALSE,NORMAL,FALSE,HIGH,FALSE,NORMAL,HIGH,LOW,HIGH,LOW,ZERO,HIGH,HIGH,NORMAL,TRUE,NORMAL,LOW,NORMAL,NORMAL,HIGH,FALSE,LOW,LOW,HIGH,HIGH,FALSE,FALSE,HIGH,NORMAL,LOW,FALSE,HIGH,LOW,NORMAL,FALSE,HIGH
TRUE,FALSE,NORMAL,FALSE,HIGH,FALSE,HIGH,HIGH,NORMAL,NORMAL,NORMAL,ZERO,HIGH,HIGH,NORMAL,FALSE,NORMAL,NORMAL,NORMAL,NORMAL,ZERO,FALSE,LOW,ZERO,LOW,HIGH,FALSE,FALSE,HIGH,NORMAL,LOW,FALSE,HIGH,ZERO,NORMAL,FALSE,NORMAL
FALSE,FALSE,NORMAL,FALSE,HIGH,FALSE,HIGH,NORMAL,NORMAL,HIGH,NORMAL,LOW,HIGH,HIGH,NORMAL,FALSE,HIGH,NORMAL,LOW,HIGH,ZERO,FALSE,LOW,ZERO,LOW,HIGH,FALSE,FALSE,HIGH,HIGH,NORMAL,FALSE,HIGH,LOW,NORMAL,FALSE,NORMAL
FALSE,TRUE,NORMAL,FALSE,HIGH,FALSE,HIGH,NORMAL,NORMAL,HIGH,NORMAL,LOW,HIGH,HIGH,NORMAL,FALSE,NORMAL,NORMAL,NORMAL,NORMAL,ZERO,FALSE,LOW,ZERO,LOW,HIGH,FALSE,FALSE,HIGH,NORMAL,LOW,FALSE,HIGH,ZERO,NORMAL,FALSE,NORMAL
FALSE,FALSE,NORMAL,FALSE,HIGH,FALSE,HIGH,HIGH,NORMAL,NORMAL,NORMAL,LOW,HIGH,HIGH,NORMAL,FALSE,NORMAL,NORMAL,NORMAL,NORMAL,ZERO,FALSE,LOW,ZERO,LOW,HIGH,FALSE,FALSE,HIGH,NORMAL,LOW,FALSE,HIGH,ZERO,NORMAL,FALSE,NORMAL
FALSE,FALSE,NORMAL,FALSE,HIGH,FALSE,HIGH,LOW,NORMAL,LOW,NORMAL,LOW,HIGH,HIGH,NORMAL,FALSE,NORMAL,NORMAL,NORMAL,NORMAL,ZERO,FALSE,LOW,LOW,LOW,HIGH,FALSE,FALSE,HIGH,NORMAL,LOW,FALSE,HIGH,ZERO,NORMAL,FALSE,NORMAL
FALSE,FALSE,NORMAL,FALSE,HIGH,FALSE,HIGH,NORMAL,NORMAL,HIGH,NORMAL,LOW,HIGH,HIGH,NORMAL,FALSE,NORMAL,NORMAL,NORMAL,NORMAL,ZERO,FALSE,LOW,ZERO,LOW,HIGH,FALSE,FALSE,HIGH,NORMAL,LOW,FALSE,HIGH,ZERO,NORMAL,FALSE,NORMAL
FALSE,FALSE,NORMAL,FALSE,HIGH,FALSE,HIGH,NORMAL,NORMAL,HIGH,NORMAL,LOW,HIGH,HIGH,NORMAL,FALSE,NORMAL,NORMAL,HIGH,NORMAL,ZERO,FALSE,LOW,ZERO,LOW,HIGH,FALSE,FALSE,HIGH,NORMAL,NORMAL,FALSE,HIGH,ZERO,NORMAL,FALSE,NORMAL
FALSE,FALSE,NORMAL,FALSE,HIGH,FALSE,LOW,LOW,NORMAL,NORMAL,NORMAL,LOW,HIGH,NORMAL,NORMAL,FALSE,HIGH,NORMAL,NORMAL,NORMAL,ZERO,FALSE,LOW,ZERO,LOW,LOW,FALSE,FALSE,LOW,HIGH,LOW,FALSE,NORMAL,ZERO,NORMAL,FALSE,NORMAL
TRUE,FALSE,NORMAL,FALSE,LOW,FALSE,HIGH,HIGH,NORMAL,LOW,NORMAL,ZERO,HIGH,HIGH,NORMAL,FALSE,NORMAL,NORMAL,LOW,NORMAL,LOW,FALSE,HIGH,HIGH,LOW,HIGH,FALSE,FALSE,HIGH,NORMAL,HIGH,FALSE,HIGH,HIGH,NORMAL,FALSE,NORMAL
FALSE,FALSE,NORMAL,FALSE,HIGH,FALSE,HIGH,NORMAL,NORMAL,LOW,NORMAL,LOW,HIGH,HIGH,NORMAL,FALSE,NORMAL,NORMAL,LOW,NORMAL,ZERO,FALSE,LOW,ZERO,LOW,HIGH,FALSE,FALSE,HIGH,NORMAL,LOW,FALSE,HIGH,ZERO,NORMAL,FALSE,NORMAL
FALSE,FALSE,NORMAL,FALSE,HIGH,FALSE,HIGH,HIGH,NORMAL,HIGH,NORMAL,NORMAL,HIGH,HIGH,NORMAL,FALSE,NORMAL,NORMAL,NORMAL,NORMAL,HIGH,FALSE,LOW,LOW,HIGH,HIGH,FALSE,FALSE,HIGH,NORMAL,LOW,FALSE,HIGH,LOW,HIGH,FALSE,NORMAL
FALSE,FALSE,NORMAL,FALSE,HIGH,FALSE,HIGH,LOW,NORMAL,HIGH,NORMAL,LOW,HIGH,HIGH,NORMAL,FALSE,NORMAL,NORMAL,NORMAL,NORMAL,ZERO,FALSE,LOW,ZERO,LOW,HIGH,FALSE,FALSE,HIGH,NORMAL,LOW,FALSE,HIGH,ZERO,NORMAL,FALSE,NORMAL
FALSE,FALSE,NORMAL,FALSE,HIGH,FALSE,HIGH,HIGH,NORMAL,NORMAL,NORMAL,LOW,HIGH,NORMAL,NORMAL,FALSE,NORMAL,NORMAL,NORMAL,NORMAL,ZERO,FALSE,LOW,ZERO,LOW,HIGH,FALSE,TRUE,HIGH,NORMAL,LOW,FALSE,HIGH,ZERO,LOW,FALSE,NORMAL
FALSE,FALSE,NORMAL,FALSE,HIGH,FALSE,HIGH,HIGH,NORMAL,HIGH,NORMAL,LOW,HIGH,LOW,NORMAL,FALSE,HIGH,NORMAL,HIGH,HIGH,ZERO,FALSE,LOW,ZERO,LOW,HIGH,FALSE,TRUE,HIGH,HIGH,LOW,FALSE,HIGH,ZERO,LOW,FALSE,NORMAL
FALSE,TRUE,NORMAL,FALSE,HIGH,FALSE,HIGH,LOW,NORMAL,NORMAL,NORMAL,LOW,HIGH,HIGH,NORMAL,FALSE,NORMAL,NORMAL,NORMAL,NORMAL,ZERO,FALSE,LOW,ZERO,LOW,HIGH,FALSE,FALSE,HIGH,NORMAL,LOW,FALSE,HIGH,ZERO,NORMAL,FALSE,NORMAL
FALSE,FALSE,HIGH,FALSE,HIGH,FALSE,NORMAL,HIGH,NORMAL,NORMAL,NORMAL,LOW,NORMAL,LOW,NORMAL,FALSE,NORMAL,NORMAL,HIGH,NORMAL,ZERO,FALSE,LOW,ZERO,LOW,LOW,FALSE,FALSE,NORMAL,NORMAL,LOW,TRUE,LOW,ZERO,NORMAL,FALSE,HIGH
FALSE,FALSE,LOW,FALSE,HIGH,FALSE,HIGH,HIGH,LOW,LOW,NORMAL,LOW,HIGH,HIGH,NORMAL,FALSE,NORMAL,NORMAL,LOW,NORMAL,ZERO,FALSE,LOW,ZERO,LOW,HIGH,FALSE,FALSE,HIGH,NORMAL,LOW,FALSE,HIGH,ZERO,NORMAL,FALSE,HIGH
TRUE,FALSE,NORMAL,FALSE,LOW,FALSE,HIGH,HIGH,NORMAL,NORMAL,NORMAL,ZERO,HIGH,NORMAL,NORMAL,FALSE,LOW,NORMAL,LOW,LOW,LOW,FALSE,HIGH,HIGH,LOW,HIGH,TRUE,FALSE,HIGH,LOW,HIGH,FALSE,HIGH,HIGH,LOW,FALSE,NORMAL
FALSE,TRUE,NORMAL,FALSE,LOW,FALSE,HIGH,LOW,NORMAL,HIGH,LOW,ZERO,HIGH,HIGH,NORMAL,FALSE,NORMAL,LOW,NORMAL,HIGH,LOW,FALSE,HIGH,HIGH,LOW,HIGH,FALSE,TRUE,HIGH,HIGH,HIGH,FALSE,HIGH,HIGH,NORMAL,FALSE,NORMAL
FALSE,FALSE,NORMAL,FALSE,HIGH,FALSE,HIGH,HIGH,NORMAL,NORMAL,NORMAL,LOW,HIGH,HIGH,NORMAL,FALSE,NORMAL,NORMAL,LOW,NORMAL,ZERO,FALSE,LOW,ZERO,LOW,HIGH,FALSE,TRUE,HIGH,NORMAL,HIGH,FALSE,HIGH,ZERO,NORMAL,FALSE,NORMAL
FALSE,FALSE,NORMAL,FALSE,NORMAL,FALSE,LOW,NORMAL,NORMAL,LOW,HIGH,HIGH,NORMAL,NORMAL,NORMAL,FALSE,NORMAL,HIGH,NORMAL,NORMAL,LOW,FALSE,HIGH,HIGH,ZERO,LOW,FALSE,FALSE,LOW,NORMAL,HIGH,FALSE,NORMAL,HIGH,NORMAL,FALSE,NORMAL
FALSE,FALSE,NORMAL,FALSE,NORMAL,FALSE,HIGH,HIGH,NORMAL,HIGH,LOW,ZERO,HIGH,HIGH,NORMAL,FALSE,NORMAL,LOW,NORMAL,NORMAL,LOW,FALSE,HIGH,HIGH,ZERO,HIGH,FALSE,FALSE,HIGH,NORMAL,HIGH,FALSE,HIGH,HIGH,NORMAL,FALSE,NORMAL
FALSE,FALSE,NORMAL,FALSE,NORMAL,FALSE,HIGH,LOW,NORMAL,HIGH,HIGH,HIGH,HIGH,HIGH,NORMAL,FALSE,NORMAL,HIGH,NORMAL,NORMAL,NORMAL,FALSE,LOW,ZERO,NORMAL,HIGH,FALSE,FALSE,HIGH,NORMAL,LOW,FALSE,HIGH,NORMAL,NORMAL,FALSE,NORMAL
FALSE,FALSE,NORMAL,TRUE,HIGH,FALSE,HIGH,NORMAL,NORMAL,LOW,NORMAL,LOW,HIGH,LOW,NORMAL,FALSE,LOW,NORMAL,LOW,LOW,ZERO,FALSE,LOW,ZERO,LOW,HIGH,TRUE,FALSE,HIGH,LOW,LOW,FALSE,HIGH,ZERO,LOW,FALSE,NORMAL
FALSE,FALSE,NORMAL,FALSE,HIGH,FALSE,HIGH,NORMAL,NORMAL,HIGH,NORMAL,LOW,HIGH,HIGH,NORMAL,FALSE,NORMAL,NORMAL,NORMAL,NORMAL,ZERO,FALSE,LOW,ZERO,LOW,HIGH,FALSE,FALSE,HIGH,NORMAL,LOW,FALSE,HIGH,ZERO,NORMAL,FALSE,NORMAL
FALSE,FALSE,HIGH,FALSE,HIGH,FALSE,HIGH,LOW,NORMAL,NORMAL,NORMAL,LOW,HIGH,HIGH,NORMAL,FALSE,NORMAL,NORMAL,NORMAL,NORMAL,ZERO,FALSE,LOW,ZERO,LOW,HIGH,FALSE,FALSE,HIGH,NORMAL,LOW,FALSE,HIGH,ZERO,NORMAL,FALSE,NORMAL
FALSE,FALSE,NORMAL,FALSE,HIGH,FALSE,HIGH,HIGH,NORMAL,NORMAL,NORMAL,LOW,HIGH,HIGH,NORMAL,FALSE,LOW,NORMAL,NORMAL,NORMAL,ZERO,FALSE,LOW,ZERO,LOW,HIGH,FALSE,FALSE,HIGH,NORMAL,LOW,FALSE,HIGH,ZERO,NORMAL,FALSE,NORMAL
TRUE,FALSE,NORMAL,FALSE,LOW,FALSE,HIGH,HIGH,NORMAL,HIGH,NORMAL,ZERO,HIGH,HIGH,NORMAL,FALSE,NORMAL,NORMAL,NORMAL,NORMAL,LOW,FALSE,HIGH,HIGH,LOW,HIGH,FALSE,FALSE,HIGH,NORMAL,HIGH,FALSE,HIGH,HIGH,NORMAL,FALSE,NORMAL
FALSE,FALSE,NORMAL,FALSE,LOW,TRUE,HIGH,HIGH,NORMAL,HIGH,ZERO,ZERO,HIGH,HIGH,NORMAL,FALSE,NORMAL,NORMAL,HIGH,LOW,LOW,FALSE,HIGH,HIGH,LOW,NORMAL,FALSE,FALSE,NORMAL,NORMAL,HIGH,FALSE,HIGH,HIGH,NORMAL,FALSE,NORMAL
FALSE,FALSE,NORMAL,FALSE,HIGH,FALSE,HIGH,HIGH,NORMAL,HIGH,NORMAL,LOW,HIGH,HIGH,NORMAL,FALSE,NORMAL,NORMAL,HIGH,NORMAL,ZERO,FALSE,LOW,ZERO,LOW,HIGH,FALSE,FALSE,HIGH,NORMAL,LOW,FALSE,HIGH,ZERO,NORMAL,FALSE,NORMAL
FALSE,FALSE,NORMAL,FALSE,HIGH,FALSE,HIGH,HIGH,NORMAL,HIGH,NORMAL,LOW,HIGH,HIGH,NORMAL,FALSE,NORMAL,NORMAL,NORMAL,NORMAL,ZERO,FALSE,LOW,ZERO,LOW,HIGH,FALSE,FALSE,HIGH,NORMAL,LOW,FALSE,HIGH,ZERO,NORMAL,FALSE,NORMAL
FALSE,FALSE,NORMAL,FALSE,HIGH,FALSE,HIGH,NORMAL,NORMAL,HIGH,NORMAL,LOW,HIGH,HIGH,NORMAL,FALSE,NORMAL,NORMAL,HIGH,LOW,ZERO,FALSE,LOW,ZERO,LOW,HIGH,FALSE,FALSE,HIGH,NORMAL,LOW,FALSE,HIGH,ZERO,NORMAL,FALSE,NORMAL
FALSE,FALSE,NORMAL,FALSE,HIGH,TRUE,HIGH,HIGH,NORMAL,NORMAL,NORMAL,LOW,HIGH,HIGH,NORMAL,FALSE,HIGH,NORMAL,NORMAL,NORMAL,ZERO,FALSE,LOW,ZERO,LOW,NORMAL,FALSE,FALSE,NORMAL,NORMAL,LOW,FALSE,HIGH,ZERO,NORMAL,FALSE,NORMAL
FALSE,FALSE,NORMAL,FALSE,HIGH,FALSE,HIGH,NORMAL,NORMAL,LOW,NORMAL,LOW,HIGH,LOW,NORMAL,FALSE,HIGH,NORMAL,NORMAL,HIGH,ZERO,FALSE,LOW,ZERO,LOW,HIGH,FALSE,TRUE,HIGH,HIGH,LOW,FALSE,HIGH,ZERO,LOW,FALSE,NORMAL
TRUE,FALSE,NORMAL,FALSE,HIGH,FALSE,HIGH,HIGH,NORMAL,HIGH,NORMAL,ZERO,HIGH,HIGH,NORMAL,FALSE,NORMAL,NORMAL,HIGH,LOW,ZERO,FALSE,LOW,NORMAL,LOW,HIGH,FALSE,FALSE,HIGH,NORMAL,LOW,FALSE,HIGH,ZERO,NORMAL,FALSE,NORMAL
FALSE,FALSE,NORMAL,FALSE,LOW,FALSE,HIGH,LOW,LOW,LOW,NORMAL,LOW,HIGH,HIGH,NORMAL,FALSE,NORMAL,NORMAL,LOW,NORMAL,LOW,FALSE,NORMAL,HIGH,LOW,HIGH,FALSE,FALSE,HIGH,NORMAL,NORMAL,FALSE,HIGH,HIGH,NORMAL,FALSE,NORMAL
FALSE,FALSE,NORMAL,FALSE,HIGH,FALSE,HIGH,HIGH,LOW,LOW,NORMAL,LOW,HIGH,LOW,NORMAL,FALSE,HIGH,NORMAL,NORMAL,NORMAL,ZERO,FALSE,LOW,ZERO,LOW,HIGH,FALSE,TRUE,HIGH,HIGH,LOW,FALSE,HIGH,ZERO,LOW,FALSE,NORMAL
FALSE,FALSE,NORMAL,FALSE,LOW,FALSE,HIGH,HIGH,NORMAL,HIGH,NORMAL,LOW,HIGH,HIGH,NORMAL,FALSE,HIGH,NORMAL,NORMAL,NORMAL,LOW,FALSE,HIGH,HIGH,LOW,HIGH,FALSE,TRUE,HIGH,HIGH,HIGH,FALSE,HIGH,HIGH,NORMAL,FALSE,NORMAL
FALSE,FALSE,NORMAL,FALSE,HIGH,FALSE,HIGH,HIGH,NORMAL,HIGH,NORMAL,LOW,HIGH,HIGH,NORMAL,FALSE,LOW,NORMAL,HIGH,NORMAL,ZERO,FALSE,LOW,ZERO,LOW,HIGH,FALSE,FALSE,HIGH,NORMAL,LOW,FALSE,HIGH,ZERO,HIGH,FALSE,NORMAL
FALSE,FALSE,NORMAL,FALSE,HIGH,FALSE,LOW,HIGH,NORMAL,NORMAL,NORMAL,LOW,NORMAL,NORMAL,NORMAL,FALSE,NORMAL,NORMAL,HIGH,NORMAL,ZERO,FALSE,LOW,ZERO,LOW,LOW,FALSE,FALSE,LOW,NORMAL,LOW,FALSE,NORMAL,ZERO,NORMAL,FALSE,NORMAL
FALSE,FALSE,NORMAL,FALSE,HIGH,FALSE,HIGH,HIGH,NORMAL,HIGH,NORMAL,LOW,HIGH,HIGH,NORMAL,FALSE,NORMAL,NORMAL,HIGH,NORMAL,ZERO,FALSE,LOW,ZERO,LOW,HIGH,FALSE,FALSE,HIGH,NORMAL,LOW,FALSE,HIGH,ZERO,NORMAL,FALSE,NORMAL
FALSE,FALSE,NORMAL,FALSE,HIGH,FALSE,LOW,HIGH,NORMAL,NORMAL,NORMAL,NORMAL,HIGH,NORMAL,NORMAL,FALSE,LOW,NORMAL,NORMAL,LOW,HIGH,FALSE,LOW,LOW,HIGH,LOW,FALSE,FALSE,LOW,LOW,LOW,FALSE,NORMAL,LOW,NORMAL,FALSE,NORMAL
TRUE,TRUE,NORMAL,FALSE,HIGH,FALSE,LOW,HIGH,NORMAL,LOW,NORMAL,ZERO,HIGH,LOW,NORMAL,FALSE,HIGH,NORMAL,LOW,HIGH,ZERO,FALSE,LOW,ZERO,LOW,LOW,FALSE,TRUE,LOW,HIGH,NORMAL,FALSE,NORMAL,ZERO,LOW,FALSE,NORMAL
FALSE,FALSE,NORMAL,TRUE,HIGH,FALSE,HIGH,ZERO,NORMAL,LOW,ZERO,ZERO,HIGH,LOW,ESOPHAGEAL,FALSE,LOW,NORMAL,NORMAL,LOW,ZERO,FALSE,LOW,LOW,LOW,HIGH,TRUE,FALSE,HIGH,LOW,LOW,FALSE,HIGH,LOW,LOW,FALSE,NORMAL
FALSE,FALSE,NORMAL,FALSE,HIGH,FALSE,NORMAL,LOW,NORMAL,HIGH,NORMAL,LOW,HIGH,HIGH,NORMAL,TRUE,NORMAL,NORMAL,HIGH,NORMAL,ZERO,FALSE,LOW,ZERO,LOW,NORMAL,FALSE,FALSE,HIGH,NORMAL,LOW,FALSE,HIGH,ZERO,NORMAL,FALSE,NORMAL
FALSE,FALSE,NORMAL,FALSE,HIGH,FALSE,HIGH,NORMAL,NORMAL,HIGH,NORMAL,LOW,HIGH,HIGH,NORMAL,FALSE,NORMAL,NORMAL,NORMAL,NORMAL,ZERO,FALSE,LOW,HIGH,LOW,HIGH,FALSE,FALSE,HIGH,NORMAL,LOW,FALSE,HIGH,ZERO,NORMAL,FALSE,NORMAL
FALSE,FALSE,NORMAL,FALSE,HIGH,FALSE,HIGH,LOW,NORMAL,LOW,NORMAL,LOW,HIGH,HIGH,NORMAL,FALSE,HIGH,NORMAL,LOW,NORMAL,ZERO,FALSE,LOW,ZERO,LOW,HIGH,FALSE,TRUE,HIGH,HIGH,LOW,FALSE,HIGH,ZERO,NORMAL,FALSE,NORMAL
FALSE,FALSE,NORMAL,FALSE,HIGH,FALSE,HIGH,NORMAL,NORMAL,HIGH,NORMAL,LOW,HIGH,HIGH,NORMAL,FALSE,NORMAL,NORMAL,HIGH,NORMAL,ZERO,FALSE,LOW,ZERO,LOW,HIGH,FALSE,FALSE,HIGH,NORMAL,LOW,FALSE,HIGH,ZERO,NORMAL,FALSE,NORMAL
FALSE,FALSE,NORMAL,FALSE,HIGH,FALSE,HIGH,LOW,NORMAL,LOW,NORMAL,LOW,HIGH,LOW,NORMAL,FALSE,NORMAL,NORMAL,NORMAL,NORMAL,ZERO,FALSE,LOW,ZERO,LOW,HIGH,FALSE,FALSE,HIGH,NORMAL,LOW,FALSE,HIGH,ZERO,LOW,FALSE,NORMAL
FALSE,FALSE,NORMAL,FALSE,HIGH,FALSE,HIGH,LOW,NORMAL,LOW,NORMAL,LOW,HIGH,HIGH,NORMAL,FALSE,HIGH,NORMAL,LOW,HIGH,ZERO,FALSE,LOW,ZERO,LOW,HIGH,FALSE,TRUE,HIGH,HIGH,LOW,FALSE,HIGH,ZERO,HIGH,FALSE,NORMAL
FALSE,FALSE,NORMAL,FALSE,LOW,FALSE,HIGH,HIGH,NORMAL,LOW,LOW,ZERO,HIGH,LOW,NORMAL,FALSE,HIGH,LOW,LOW,HIGH,LOW,FALSE,HIGH,HIGH,LOW,HIGH,FALSE,TRUE,HIGH,HIGH,HIGH,FALSE,HIGH,HIGH,LOW,FALSE,NORMAL
FALSE,FALSE,NORMAL,FALSE,HIGH,FALSE,HIGH,HIGH,NORMAL,LOW,NORMAL,LOW,HIGH,LOW,ONESIDED,FALSE,NORMAL,NORMAL,NORMAL,NORMAL,LOW,FALSE,LOW,LOW,NORMAL,HIGH,FALSE,FALSE,HIGH,NORMAL,LOW,FALSE,HIGH,LOW,LOW,FALSE,HIGH
FALSE,FALSE,NORMAL,FALSE,HIGH,FALSE,HIGH,HIGH,NORMAL,HIGH,NORMAL,LOW,HIGH,HIGH,NORMAL,FALSE,HIGH,NORMAL,NORMAL,NORMAL,ZERO,FALSE,LOW,ZERO,LOW,HIGH,FALSE,FALSE,HIGH,NORMAL,LOW,FALSE,HIGH,ZERO,NORMAL,FALSE,NORMAL
FALSE,FALSE,NORMAL,FALSE,HIGH,FALSE,HIGH,HIGH,NORMAL,LOW,NORMAL,LOW,HIGH,HIGH,NORMAL,FALSE,NORMAL,NORMAL,LOW,NORMAL,ZERO,FALSE,LOW,ZERO,LOW,HIGH,FALSE,FALSE,HIGH,NORMAL,LOW,FALSE,HIGH,ZERO,NORMAL,FALSE,NORMAL
FALSE,FALSE,NORMAL,FALSE,HIGH,FALSE,HIGH,LOW,NORMAL,LOW,NORMAL,LOW,HIGH,HIGH,NORMAL,FALSE,HIGH,NORMAL,LOW,NORMAL,ZERO,FALSE,LOW,ZERO,NORMAL,HIGH,FALSE,FALSE,HIGH,HIGH,LOW,FALSE,HIGH,ZERO,NORMAL,FALSE,NORMAL
FALSE,TRUE,NORMAL,FALSE,HIGH,FALSE,HIGH,HIGH,NORMAL,NORMAL,NORMAL,LOW,HIGH,HIGH,ESOPHAGEAL,FALSE,NORMAL,NORMAL,NORMAL,NORMAL,ZERO,FALSE,LOW,LOW,LOW,HIGH,FALSE,FALSE,HIGH,NORMAL,LOW,FALSE,HIGH,LOW,NORMAL,FALSE,NORMAL
FALSE,FALSE,NORMAL,FALSE,LOW,FALSE,HIGH,HIGH,NORMAL,NORMAL,LOW,ZERO,HIGH,LOW,NORMAL,FALSE,HIGH,NORMAL,HIGH,HIGH,LOW,FALSE,HIGH,HIGH,LOW,HIGH,FALSE,TRUE,HIGH,HIGH,HIGH,FALSE,HIGH,HIGH,LOW,FALSE,NORMAL
FALSE,FALSE,NORMAL,FALSE,HIGH,FALSE,HIGH,NORMAL,NORMAL,HIGH,NORMAL,LOW,HIGH,HIGH,NORMAL,FALSE,NORMAL,NORMAL,NORMAL,NORMAL,ZERO,FALSE,LOW,ZERO,LOW,HIGH,FALSE,FALSE,HIGH,NORMAL,LOW,FALSE,HIGH,ZERO,NORMAL,FALSE,NORMAL
FALSE,FALSE,NORMAL,FALSE,HIGH,FALSE,HIGH,HIGH,NORMAL,NORMAL,NORMAL,LOW,HIGH,HIGH,NORMAL,FALSE,NORMAL,NORMAL,LOW,NORMAL,ZERO,FALSE,LOW,ZERO,LOW,HIGH,FALSE,FALSE,HIGH,NORMAL,LOW,FALSE,HIGH,ZERO,NORMAL,FALSE,NORMAL
FALSE,FALSE,HIGH,FALSE,HIGH,FALSE,HIGH,HIGH,NORMAL,HIGH,NORMAL,LOW,HIGH,HIGH,ESOPHAGEAL,FALSE,LOW,NORMAL,HIGH,LOW,LOW,FALSE,LOW,ZERO,NORMAL,HIGH,FALSE,FALSE,HIGH,LOW,LOW,FALSE,HIGH,ZERO,NORMAL,FALSE,NORMAL
FALSE,TRUE,LOW,FALSE,HIGH,FALSE,HIGH,HIGH,NORMAL,NORMAL,NORMAL,LOW,HIGH,HIGH,NORMAL,FALSE,NORMAL,NORMAL,LOW,NORMAL,ZERO,FALSE,LOW,ZERO,LOW,HIGH,FALSE,FALSE,HIGH,NORMAL,LOW,FALSE,HIGH,ZERO,NORMAL,FALSE,NORMAL
FALSE,TRUE,NORMAL,FALSE,HIGH,FALSE,HIGH,HIGH,NORMAL,LOW,ZERO,ZERO,HIGH,HIGH,NORMAL,FALSE,NORMAL,NORMAL,LOW,NORMAL,ZERO,FALSE,LOW,ZERO,LOW,HIGH,FALSE,FALSE,HIGH,NORMAL,LOW,FALSE,HIGH,ZERO,NORMAL,FALSE,NORMAL
FALSE,FALSE,NORMAL,TRUE,HIGH,FALSE,HIGH,HIGH,LOW,LOW,NORMAL,LOW,HIGH,HIGH,NORMAL,FALSE,HIGH,NORMAL,LOW,HIGH,ZERO,FALSE,LOW,LOW,LOW,HIGH,FALSE,TRUE,HIGH,HIGH,LOW,FALSE,HIGH,ZERO,NORMAL,FALSE,NORMAL
FALSE,FALSE,NORMAL,FALSE,HIGH,FALSE,HIGH,LOW,NORMAL,HIGH,NORMAL,LOW,HIGH,HIGH,NORMAL,FALSE,NORMAL,NORMAL,HIGH,NORMAL,ZERO,FALSE,LOW,LOW,LOW,HIGH,FALSE,FALSE,HIGH,NORMAL,LOW,FALSE,HIGH,ZERO,NORMAL,FALSE,NORMAL
FALSE,FALSE,NORMAL,FALSE,NORMAL,FALSE,LOW,HIGH,NORMAL,LOW,NORMAL,LOW,HIGH,NORMAL,NORMAL,FALSE,HIGH,NORMAL,LOW,HIGH,ZERO,FALSE,LOW,ZERO,LOW,LOW,FALSE,TRUE,LOW,HIGH,LOW,FALSE,NORMAL,NORMAL,NORMAL,FALSE,NORMAL
FALSE,FALSE,NORMAL,TRUE,LOW,TRUE,HIGH,HIGH,NORMAL,HIGH,NORMAL,ZERO,HIGH,LOW,NORMAL,FALSE,NORMAL,NORMAL,NORMAL,LOW,LOW,FALSE,HIGH,HIGH,LOW,NORMAL,TRUE,FALSE,NORMAL,LOW,HIGH,FALSE,HIGH,HIGH,LOW,FALSE,NORMAL
FALSE,FALSE,NORMAL,FALSE,HIGH,FALSE,HIGH,HIGH,NORMAL,NORMAL,ZERO,ZERO,HIGH,HIGH,NORMAL,FALSE,NORMAL,NORMAL,NORMAL,LOW,ZERO,FALSE,LOW,ZERO,LOW,HIGH,FALSE,FALSE,HIGH,NORMAL,LOW,FALSE,HIGH,ZERO,NORMAL,FALSE,NORMAL
FALSE,FALSE,NORMAL,FALSE,HIGH,FALSE,HIGH,HIGH,NORMAL,NORMAL,NORMAL,LOW,HIGH,HIGH,NORMAL,FALSE,NORMAL,NORMAL,LOW,NORMAL,ZERO,FALSE,LOW,ZERO,LOW,HIGH,FALSE,FALSE,HIGH,NORMAL,LOW,FALSE,HIGH,ZERO,HIGH,FALSE,NORMAL
FALSE,FALSE,NORMAL,FALSE,HIGH,FALSE,LOW,LOW,LOW,NORMAL,NORMAL,LOW,HIGH,NORMAL,NORMAL,FALSE,HIGH,NORMAL,NORMAL,NORMAL,ZERO,FALSE,LOW,ZERO,LOW,LOW,FALSE,FALSE,LOW,HIGH,LOW,FALSE,NORMAL,ZERO,NORMAL,FALSE,HIGH
FALSE,FALSE,NORMAL,FALSE,LOW,FALSE,HIGH,HIGH,NORMAL,NORMAL,ZERO,ZERO,HIGH,HIGH,NORMAL,FALSE,NORMAL,NORMAL,LOW,NORMAL,LOW,FALSE,HIGH,HIGH,LOW,HIGH,FALSE,FALSE,HIGH,NORMAL,HIGH,FALSE,HIGH,HIGH,NORMAL,FALSE,NORMAL
FALSE,TRUE,NORMAL,FALSE,HIGH,FALSE,HIGH,HIGH,NORMAL,NORMAL,NORMAL,LOW,HIGH,HIGH,NORMAL,FALSE,NORMAL,NORMAL,NORMAL,NORMAL,ZERO,FALSE,LOW,ZERO,LOW,HIGH,FALSE,FALSE,HIGH,NORMAL,LOW,FALSE,HIGH,ZERO,NORMAL,FALSE,NORMAL
FALSE,FALSE,HIGH,FALSE,HIGH,FALSE,HIGH,NORMAL,NORMAL,LOW,NORMAL,LOW,HIGH,HIGH,NORMAL,FALSE,NORMAL,NORMAL,LOW,NORMAL,ZERO,FALSE,LOW,ZERO,LOW,HIGH,FALSE,FALSE,HIGH,NORMAL,LOW,FALSE,HIGH,ZERO,NORMAL,FALSE,NORMAL
FALSE,FALSE,NORMAL,FALSE,HIGH,FALSE,HIGH,HIGH,NORMAL,NORMAL,NORMAL,LOW,HIGH,HIGH,ONESIDED,FALSE,HIGH,NORMAL,NORMAL,HIGH,LOW,FALSE,LOW,LOW,NORMAL,HIGH,FALSE,TRUE,HIGH,HIGH,LOW,FALSE,HIGH,LOW,LOW,FALSE,HIGH
FALSE,FALSE,NORMAL,FALSE,HIGH,FALSE,HIGH,HIGH,NORMAL,LOW,NORMAL,LOW,HIGH,HIGH,ONESIDED,FALSE,HIGH,NORMAL,LOW,NORMAL,LOW,FALSE,LOW,LOW,NORMAL,HIGH,FALSE,FALSE,HIGH,HIGH,LOW,FALSE,HIGH,LOW,NORMAL,FALSE,HIGH
FALSE,FALSE,HIGH,FALSE,HIGH,FALSE,HIGH,LOW,NORMAL,NORMAL,NORMAL,LOW,HIGH,LOW,NORMAL,FALSE,HIGH,NORMAL,HIGH,HIGH,ZERO,FALSE,LOW,ZERO,LOW,HIGH,FALSE,TRUE,HIGH,HIGH,LOW,FALSE,HIGH,ZERO,LOW,FALSE,NORMAL
FALSE,FALSE,NORMAL,FALSE,HIGH,FALSE,HIGH,HIGH,NORMAL,LOW,NORMAL,LOW,HIGH,HIGH,NORMAL,FALSE,HIGH,NORMAL,NORMAL,HIGH,ZERO,FALSE,LOW,ZERO,LOW,HIGH,FALSE,TRUE,HIGH,HIGH,LOW,FALSE,HIGH,ZERO,NORMAL,FALSE,NORMAL
FALSE,FALSE,NORMAL,FALSE,HIGH,TRUE,LOW,HIGH,NORMAL,NORMAL,NORMAL,LOW,NORMAL,NORMAL,NORMAL,FALSE,NORMAL,NORMAL,HIGH,NORMAL,ZERO,FALSE,LOW,ZERO,LOW,NORMAL,FALSE,FALSE,HIGH,NORMAL,LOW,FALSE,NORMAL,ZERO,NORMAL,FALSE,NORMAL
FALSE,FALSE,NORMAL,FALSE,HIGH,FALSE,HIGH,HIGH,LOW,NORMAL,NORMAL,LOW,HIGH,HIGH,NORMAL,FALSE,NORMAL,NORMAL,LOW,NORMAL,ZERO,FALSE,LOW,ZERO,LOW,HIGH,FALSE,FALSE,HIGH,NORMAL,LOW,FALSE,HIGH,ZERO,NORMAL,FALSE,NORMAL
FALSE,FALSE,NORMAL,FALSE,HIGH,FALSE,HIGH,HIGH,NORMAL,NORMAL,NORMAL,LOW,HIGH,NORMAL,NORMAL,FALSE,NORMAL,NORMAL,HIGH,NORMAL,ZERO,FALSE,LOW,ZERO,LOW,HIGH,FALSE,FALSE,HIGH,NORMAL,LOW,FALSE,HIGH,ZERO,NORMAL,FALSE,NORMAL
TRUE,FALSE,NORMAL,FALSE,HIGH,TRUE,HIGH,HIGH,NORMAL,HIGH,ZERO,ZERO,HIGH,HIGH,NORMAL,FALSE,HIGH,NORMAL,NORMAL,HIGH,ZERO,FALSE,LOW,ZERO,LOW,NORMAL,FALSE,TRUE,NORMAL,HIGH,LOW,FALSE,HIGH,ZERO,NORMAL,FALSE,NORMAL
FALSE,FALSE,NORMAL,FALSE,HIGH,FALSE,HIGH,HIGH,NORMAL,HIGH,NORMAL,LOW,HIGH,HIGH,NORMAL,FALSE,NORMAL,NORMAL,HIGH,NORMAL,ZERO,FALSE,LOW,ZERO,LOW,HIGH,FALSE,FALSE,HIGH,NORMAL,LOW,FALSE,HIGH,ZERO,NORMAL,FALSE,NORMAL
FALSE,FALSE,NORMAL,FALSE,HIGH,FALSE,HIGH,HIGH,NORMAL,HIGH,NORMAL,LOW,HIGH,HIGH,NORMAL,FALSE,NORMAL,NORMAL,HIGH,NORMAL,ZERO,FALSE,LOW,ZERO,LOW,HIGH,FALSE,FALSE,HIGH,NORMAL,LOW,FALSE,HIGH,ZERO,NORMAL,FALSE,NORMAL
FALSE,FALSE,NORMAL,FALSE,HIGH,FALSE,HIGH,HIGH,NORMAL,HIGH,NORMAL,LOW,HIGH,HIGH,NORMAL,FALSE,NORMAL,NORMAL,HIGH,NORMAL,ZERO,FALSE,LOW,ZERO,LOW,HIGH,FALSE,FALSE,HIGH,NORMAL,LOW,FALSE,HIGH,ZERO,NORMAL,FALSE,HIGH
FALSE,FALSE,NORMAL,FALSE,HIGH,FALSE,HIGH,HIGH,NORMAL,HIGH,NORMAL,LOW,HIGH,HIGH,ONESIDED,FALSE,NORMAL,NORMAL,NORMAL,NORMAL,LOW,FALSE,LOW,ZERO,NORMAL,HIGH,FALSE,FALSE,HIGH,NORMAL,LOW,FALSE,HIGH,LOW,NORMAL,FALSE,HIGH
FALSE,FALSE,NORMAL,FALSE,HIGH,FALSE,HIGH,LOW,NORMAL,LOW,NORMAL,LOW,HIGH,LOW,NORMAL,FALSE,LOW,NORMAL,NORMAL,LOW,ZERO,FALSE,LOW,ZERO,NORMAL,HIGH,TRUE,FALSE,HIGH,LOW,LOW,FALSE,HIGH,ZERO,LOW,FALSE,HIGH
FALSE,FALSE,NORMAL,FALSE,HIGH,FALSE,HIGH,HIGH,NORMAL,LOW,LOW,ZERO,HIGH,HIGH,NORMAL,FALSE,NORMAL,LOW,LOW,NORMAL,ZERO,FALSE,LOW,ZERO,LOW,HIGH,FALSE,FALSE,HIGH,NORMAL,LOW,FALSE,HIGH,ZERO,NORMAL,FALSE,NORMAL
FALSE,FALSE,NORMAL,FALSE,HIGH,FALSE,HIGH,ZERO,NORMAL,HIGH,ZERO,ZERO,HIGH,HIGH,NORMAL,FALSE,NORMAL,NORMAL,HIGH,NORMAL,ZERO,FALSE,LOW,ZERO,LOW,HIGH,FALSE,FALSE,HIGH,NORMAL,LOW,FALSE,HIGH,ZERO,NORMAL,TRUE,NORMAL
TRUE,FALSE,NORMAL,FALSE,HIGH,FALSE,HIGH,HIGH,NORMAL,HIGH,NORMAL,ZERO,HIGH,HIGH,NORMAL,FALSE,NORMAL,NORMAL,HIGH,NORMAL,ZERO,FALSE,LOW,ZERO,LOW,HIGH,FALSE,FALSE,HIGH,NORMAL,LOW,FALSE,HIGH,ZERO,NORMAL,FALSE,NORMAL
FALSE,FALSE,NORMAL,FALSE,NORMAL,FALSE,HIGH,HIGH,NORMAL,LOW,NORMAL,LOW,HIGH,HIGH,ONESIDED,FALSE,HIGH,NORMAL,LOW,HIGH,ZERO,FALSE,LOW,NORMAL,LOW,HIGH,FALSE,TRUE,HIGH,HIGH,LOW,FALSE,HIGH,NORMAL,NORMAL,FALSE,HIGH
FALSE,FALSE,NORMAL,FALSE,HIGH,FALSE,HIGH,NORMAL,NORMAL,HIGH,NORMAL,LOW,HIGH,HIGH,NORMAL,FALSE,NORMAL,NORMAL,NORMAL,NORMAL,ZERO,FALSE,LOW,ZERO,LOW,HIGH,FALSE,FALSE,HIGH,NORMAL,LOW,FALSE,HIGH,ZERO,NORMAL,FALSE,NORMAL
TRUE,FALSE,HIGH,FALSE,LOW,FALSE,LOW,HIGH,NORMAL,NORMAL,NORMAL,ZERO,NORMAL,NORMAL,NORMAL,FALSE,NORMAL,NORMAL,HIGH,NORMAL,LOW,FALSE,HIGH,HIGH,LOW,LOW,FALSE,FALSE,LOW,NORMAL,HIGH,FALSE,NORMAL,HIGH,NORMAL,FALSE,NORMAL
FALSE,TRUE,NORMAL,FALSE,HIGH,FALSE,HIGH,NORMAL,NORMAL,LOW,NORMAL,LOW,HIGH,HIGH,NORMAL,FALSE,NORMAL,NORMAL,LOW,NORMAL,ZERO,FALSE,LOW,ZERO,LOW,HIGH,FALSE,FALSE,HIGH,NORMAL,LOW,FALSE,HIGH,ZERO,NORMAL,FALSE,NORMAL
FALSE,FALSE,NORMAL,TRUE,HIGH,FALSE,HIGH,HIGH,NORMAL,LOW,NORMAL,LOW,HIGH,LOW,ESOPHAGEAL,FALSE,LOW,NORMAL,NORMAL,LOW,LOW,FALSE,LOW,ZERO,NORMAL,HIGH,TRUE,TRUE,HIGH,LOW,LOW,FALSE,HIGH,ZERO,LOW,FALSE,NORMAL
FALSE,FALSE,NORMAL,FALSE,HIGH,FALSE,HIGH,NORMAL,NORMAL,LOW,NORMAL,LOW,HIGH,LOW,NORMAL,FALSE,HIGH,NORMAL,NORMAL,HIGH,ZERO,FALSE,LOW,ZERO,LOW,HIGH,FALSE,TRUE,HIGH,HIGH,LOW,FALSE,HIGH,ZERO,LOW,FALSE,NORMAL
FALSE,FALSE,NORMAL,FALSE,HIGH,FALSE,HIGH,NORMAL,NORMAL,LOW,NORMAL,LOW,HIGH,LOW,NORMAL,FALSE,HIGH,NORMAL,NORMAL,NORMAL,ZERO,FALSE,LOW,ZERO,LOW,HIGH,FALSE,TRUE,HIGH,HIGH,LOW,FALSE,HIGH,ZERO,LOW,FALSE,NORMAL
FALSE,FALSE,HIGH,FALSE,HIGH,FALSE,HIGH,NORMAL,NORMAL,LOW,NORMAL,LOW,HIGH,HIGH,NORMAL,FALSE,HIGH,NORMAL,LOW,HIGH,ZERO,FALSE,LOW,ZERO,LOW,HIGH,FALSE,TRUE,HIGH,HIGH,LOW,FALSE,HIGH,ZERO,NORMAL,FALSE,NORMAL
FALSE,FALSE,NORMAL,TRUE,HIGH,FALSE,HIGH,HIGH,NORMAL,LOW,NORMAL,LOW,HIGH,LOW,NORMAL,FALSE,LOW,NORMAL,LOW,LOW,ZERO,FALSE,LOW,ZERO,LOW,HIGH,TRUE,TRUE,HIGH,LOW,LOW,FALSE,HIGH,ZERO,LOW,FALSE,NORMAL
FALSE,FALSE,LOW,FALSE,HIGH,FALSE,HIGH,LOW,NORMAL,NORMAL,NORMAL,LOW,HIGH,HIGH,NORMAL,FALSE,NORMAL,NORMAL,LOW,NORMAL,ZERO,FALSE,LOW,ZERO,LOW,HIGH,FALSE,FALSE,HIGH,NORMAL,LOW,FALSE,HIGH,ZERO,NORMAL,FALSE,NORMAL
FALSE,FALSE,NORMAL,FALSE,HIGH,FALSE,HIGH,LOW,NORMAL,NORMAL,NORMAL,LOW,HIGH,NORMAL,NORMAL,FALSE,HIGH,NORMAL,NORMAL,HIGH,ZERO,FALSE,LOW,ZERO,LOW,HIGH,FALSE,TRUE,HIGH,HIGH,LOW,FALSE,HIGH,ZERO,LOW,FALSE,HIGH
FALSE,FALSE,NORMAL,FALSE,HIGH,FALSE,HIGH,HIGH,NORMAL,NORMAL,LOW,ZERO,HIGH,HIGH,NORMAL,FALSE,NORMAL,LOW,NORMAL,NORMAL,ZERO,FALSE,LOW,ZERO,LOW,HIGH,FALSE,FALSE,HIGH,NORMAL,LOW,FALSE,HIGH,ZERO,NORMAL,FALSE,NORMAL
TRUE,FALSE,NORMAL,FALSE,LOW,FALSE,LOW,HIGH,NORMAL,NORMAL,LOW,ZERO,NORMAL,LOW,NORMAL,FALSE,HIGH,LOW,HIGH,HIGH,LOW,FALSE,HIGH,HIGH,LOW,LOW,FALSE,TRUE,LOW,HIGH,HIGH,FALSE,NORMAL,HIGH,LOW,FALSE,NORMAL
FALSE,FALSE,NORMAL,FALSE,HIGH,FALSE,HIGH,LOW,NORMAL,HIGH,NORMAL,LOW,HIGH,HIGH,NORMAL,FALSE,NORMAL,NORMAL,NORMAL,NORMAL,ZERO,FALSE,LOW,ZERO,LOW,HIGH,FALSE,FALSE,HIGH,NORMAL,LOW,FALSE,HIGH,ZERO,NORMAL,FALSE,NORMAL
FALSE,TRUE,LOW,FALSE,HIGH,FALSE,HIGH,LOW,NORMAL,HIGH,NORMAL,LOW,HIGH,NORMAL,NORMAL,FALSE,HIGH,NORMAL,HIGH,HIGH,ZERO,FALSE,LOW,ZERO,LOW,HIGH,FALSE,TRUE,HIGH,HIGH,LOW,FALSE,HIGH,ZERO,LOW,FALSE,NORMAL
TRUE,FALSE,NORMAL,FALSE,LOW,FALSE,HIGH,HIGH,NORMAL,HIGH,NORMAL,ZERO,HIGH,HIGH,NORMAL,FALSE,HIGH,NORMAL,NORMAL,HIGH,LOW,FALSE,HIGH,HIGH,LOW,HIGH,FALSE,TRUE,HIGH,HIGH,HIGH,FALSE,HIGH,HIGH,NORMAL,FALSE,NORMAL
FALSE,FALSE,NORMAL,FALSE,HIGH,FALSE,HIGH,LOW,NORMAL,HIGH,NORMAL,LOW,HIGH,HIGH,NORMAL,FALSE,NORMAL,NORMAL,NORMAL,NORMAL,ZERO,FALSE,LOW,ZERO,LOW,HIGH,FALSE,FALSE,HIGH,NORMAL,LOW,FALSE,HIGH,ZERO,NORMAL,FALSE,NORMAL
TRUE,FALSE,NORMAL,FALSE,LOW,TRUE,LOW,HIGH,NORMAL,LOW,NORMAL,ZERO,HIGH,LOW,NORMAL,FALSE,NORMAL,NORMAL,LOW,NORMAL,LOW,FALSE,HIGH,HIGH,LOW,LOW,FALSE,FALSE,LOW,NORMAL,LOW,FALSE,LOW,HIGH,NORMAL,FALSE,HIGH
FALSE,FALSE,NORMAL,FALSE,HIGH,FALSE,HIGH,LOW,NORMAL,LOW,NORMAL,LOW,HIGH,HIGH,NORMAL,FALSE,NORMAL,NORMAL,LOW,NORMAL,ZERO,FALSE,LOW,ZERO,LOW,HIGH,FALSE,FALSE,HIGH,NORMAL,LOW,FALSE,HIGH,ZERO,NORMAL,FALSE,NORMAL
FALSE,FALSE,NORMAL,FALSE,HIGH,FALSE,HIGH,HIGH,NORMAL,LOW,NORMAL,LOW,HIGH,HIGH,NORMAL,FALSE,NORMAL,NORMAL,LOW,NORMAL,ZERO,FALSE,LOW,ZERO,LOW,HIGH,FALSE,FALSE,HIGH,NORMAL,LOW,FALSE,HIGH,ZERO,NORMAL,FALSE,NORMAL
TRUE,FALSE,NORMAL,FALSE,HIGH,FALSE,HIGH,HIGH,NORMAL,HIGH,NORMAL,ZERO,HIGH,HIGH,NORMAL,FALSE,NORMAL,NORMAL,NORMAL,NORMAL,LOW,FALSE,HIGH,HIGH,NORMAL,HIGH,FALSE,FALSE,HIGH,NORMAL,HIGH,FALSE,HIGH,HIGH,NORMAL,FALSE,NORMAL
FALSE,FALSE,NORMAL,FALSE,NORMAL,FALSE,HIGH,HIGH,NORMAL,NORMAL,NORMAL,LOW,HIGH,HIGH,NORMAL,FALSE,HIGH,NORMAL,LOW,NORMAL,ZERO,FALSE,LOW,ZERO,LOW,HIGH,FALSE,TRUE,HIGH,HIGH,LOW,FALSE,HIGH,ZERO,NORMAL,FALSE,NORMAL
FALSE,FALSE,NORMAL,FALSE,HIGH,FALSE,HIGH,LOW,NORMAL,HIGH,NORMAL,LOW,HIGH,HIGH,NORMAL,FALSE,NORMAL,NORMAL,HIGH,NORMAL,ZERO,FALSE,LOW,ZERO,LOW,HIGH,FALSE,FALSE,HIGH,NORMAL,LOW,FALSE,HIGH,ZERO,NORMAL,FALSE,NORMAL
TRUE,FALSE,NORMAL,FALSE,NORMAL,TRUE,LOW,HIGH,NORMAL,HIGH,NORMAL,ZERO,NORMAL,NORMAL,NORMAL,FALSE,NORMAL,NORMAL,HIGH,NORMAL,LOW,FALSE,HIGH,HIGH,ZERO,LOW,FALSE,FALSE,LOW,NORMAL,HIGH,FALSE,NORMAL,HIGH,NORMAL,FALSE,NORMAL
FALSE,FALSE,NORMAL,FALSE,HIGH,FALSE,HIGH,NORMAL,NORMAL,LOW,NORMAL,LOW,HIGH,HIGH,NORMAL,FALSE,NORMAL,NORMAL,NORMAL,NORMAL,ZERO,FALSE,LOW,ZERO,LOW,HIGH,FALSE,FALSE,HIGH,NORMAL,LOW,FALSE,HIGH,ZERO,NORMAL,FALSE,NORMAL
FALSE,TRUE,NORMAL,FALSE,LOW,FALSE,HIGH,HIGH,NORMAL,NORMAL,LOW,ZERO,HIGH,NORMAL,NORMAL,FALSE,NORMAL,LOW,NORMAL,NORMAL,LOW,FALSE,HIGH,HIGH,LOW,HIGH,FALSE,FALSE,HIGH,NORMAL,HIGH,FALSE,HIGH,HIGH,NORMAL,FALSE,NORMAL
FALSE,TRUE,NORMAL,FALSE,LOW,FALSE,LOW,HIGH,NORMAL,HIGH,ZERO,ZERO,NORMAL,NORMAL,NORMAL,FALSE,HIGH,NORMAL,HIGH,HIGH,LOW,FALSE,HIGH,HIGH,LOW,LOW,FALSE,TRUE,LOW,HIGH,HIGH,FALSE,NORMAL,HIGH,NORMAL,FALSE,NORMAL
FALSE,FALSE,NORMAL,FALSE,HIGH,FALSE,HIGH,NORMAL,LOW,HIGH,NORMAL,LOW,HIGH,HIGH,NORMAL,FALSE,NORMAL,NORMAL,NORMAL,LOW,ZERO,FALSE,LOW,ZERO,LOW,HIGH,FALSE,FALSE,HIGH,NORMAL,LOW,FALSE,HIGH,ZERO,NORMAL,FALSE,NORMAL
FALSE,FALSE,NORMAL,TRUE,HIGH,FALSE,HIGH,HIGH,NORMAL,LOW,NORMAL,LOW,HIGH,LOW,NORMAL,FALSE,LOW,NORMAL,NORMAL,LOW,ZERO,FALSE,LOW,ZERO,LOW,HIGH,TRUE,FALSE,HIGH,LOW,LOW,FALSE,HIGH,ZERO,LOW,TRUE,NORMAL
FALSE,FALSE,NORMAL,FALSE,HIGH,FALSE,HIGH,LOW,NORMAL,HIGH,NORMAL,LOW,HIGH,HIGH,NORMAL,FALSE,NORMAL,NORMAL,NORMAL,NORMAL,ZERO,FALSE,LOW,ZERO,LOW,HIGH,FALSE,FALSE,HIGH,NORMAL,LOW,FALSE,HIGH,ZERO,NORMAL,FALSE,NORMAL
FALSE,FALSE,NORMAL,FALSE,HIGH,FALSE,HIGH,NORMAL,NORMAL,LOW,NORMAL,LOW,HIGH,HIGH,NORMAL,FALSE,LOW,NORMAL,LOW,NORMAL,ZERO,FALSE,LOW,ZERO,LOW,HIGH,FALSE,FALSE,HIGH,NORMAL,LOW,FALSE,HIGH,ZERO,NORMAL,FALSE,NORMAL
FALSE,FALSE,NORMAL,FALSE,HIGH,FALSE,NORMAL,NORMAL,NORMAL,NORMAL,NORMAL,LOW,HIGH,NORMAL,NORMAL,TRUE,NORMAL,NORMAL,HIGH,NORMAL,ZERO,FALSE,LOW,ZERO,LOW,HIGH,FALSE,FALSE,HIGH,NORMAL,LOW,FALSE,HIGH,ZERO,NORMAL,FALSE,NORMAL
FALSE,FALSE,NORMAL,FALSE,HIGH,FALSE,LOW,LOW,NORMAL,NORMAL,NORMAL,LOW,HIGH,NORMAL,NORMAL,FALSE,NORMAL,NORMAL,NORMAL,NORMAL,ZERO,FALSE,NORMAL,ZERO,LOW,LOW,FALSE,FALSE,LOW,NORMAL,NORMAL,FALSE,NORMAL,ZERO,NORMAL,FALSE,NORMAL
FALSE,FALSE,NORMAL,FALSE,NORMAL,FALSE,HIGH,NORMAL,NORMAL,HIGH,NORMAL,LOW,HIGH,HIGH,NORMAL,FALSE,LOW,NORMAL,NORMAL,NORMAL,LOW,FALSE,LOW,HIGH,ZERO,HIGH,FALSE,FALSE,HIGH,NORMAL,LOW,FALSE,HIGH,NORMAL,NORMAL,FALSE,NORMAL
FALSE,FALSE,NORMAL,FALSE,HIGH,FALSE,HIGH,HIGH,NORMAL,HIGH,NORMAL,LOW,HIGH,HIGH,NORMAL,FALSE,HIGH,NORMAL,HIGH,HIGH,ZERO,FALSE,LOW,ZERO,LOW,LOW,FALSE,TRUE,HIGH,HIGH,LOW,FALSE,HIGH,ZERO,NORMAL,FALSE,NORMAL
FALSE,FALSE,NORMAL,FALSE,HIGH,FALSE,HIGH,NORMAL,NORMAL,HIGH,NORMAL,LOW,HIGH,HIGH,NORMAL,FALSE,NORMAL,NORMAL,NORMAL,NORMAL,ZERO,FALSE,LOW,ZERO,LOW,HIGH,FALSE,FALSE,HIGH,NORMAL,LOW,FALSE,HIGH,ZERO,NORMAL,FALSE,NORMAL
FALSE,FALSE,NORMAL,FALSE,LOW,FALSE,HIGH,NORMAL,NORMAL,LOW,LOW,ZERO,HIGH,HIGH,NORMAL,FALSE,NORMAL,LOW,LOW,NORMAL,LOW,FALSE,HIGH,HIGH,LOW,HIGH,FALSE,FALSE,HIGH,NORMAL,LOW,FALSE,HIGH,HIGH,NORMAL,FALSE,NORMAL
FALSE,FALSE,NORMAL,FALSE,HIGH,FALSE,HIGH,LOW,NORMAL,LOW,NORMAL,LOW,HIGH,HIGH,NORMAL,FALSE,LOW,NORMAL,LOW,NORMAL,ZERO,FALSE,LOW,ZERO,LOW,LOW,FALSE,FALSE,HIGH,NORMAL,LOW,FALSE,HIGH,ZERO,NORMAL,FALSE,HIGH
FALSE,FALSE,NORMAL,FALSE,HIGH,FALSE,HIGH,HIGH,NORMAL,HIGH,NORMAL,LOW,HIGH,HIGH,ESOPHAGEAL,FALSE,NORMAL,NORMAL,NORMAL,NORMAL,LOW,FALSE,LOW,ZERO,NORMAL,HIGH,FALSE,FALSE,HIGH,NORMAL,LOW,FALSE,HIGH,ZERO,NORMAL,FALSE,NORMAL
FALSE,FALSE,NORMAL,FALSE,HIGH,TRUE,HIGH,NORMAL,NORMAL,LOW,NORMAL,LOW,HIGH,LOW,NORMAL,FALSE,NORMAL,NORMAL,NORMAL,NORMAL,ZERO,FALSE,LOW,ZERO,LOW,NORMAL,FALSE,TRUE,NORMAL,NORMAL,LOW,FALSE,HIGH,ZERO,LOW,FALSE,NORMAL
TRUE,FALSE,NORMAL,FALSE,NORMAL,TRUE,HIGH,HIGH,NORMAL,LOW,HIGH,NORMAL,HIGH,HIGH,NORMAL,FALSE,NORMAL,HIGH,LOW,NORMAL,HIGH,FALSE,LOW,LOW,HIGH,NORMAL,FALSE,FALSE,NORMAL,NORMAL,LOW,FALSE,HIGH,NORMAL,NORMAL,FALSE,NORMAL
TRUE,FALSE,NORMAL,TRUE,HIGH,FALSE,HIGH,HIGH,NORMAL,LOW,NORMAL,ZERO,HIGH,LOW,NORMAL,FALSE,LOW,NORMAL,NORMAL,LOW,ZERO,FALSE,LOW,ZERO,LOW,HIGH,TRUE,FALSE,HIGH,LOW,LOW,FALSE,HIGH,ZERO,LOW,FALSE,NORMAL
TRUE,TRUE,NORMAL,FALSE,HIGH,FALSE,HIGH,HIGH,NORMAL,LOW,NORMAL,ZERO,HIGH,LOW,NORMAL,FALSE,NORMAL,NORMAL,LOW,NORMAL,ZERO,FALSE,LOW,ZERO,LOW,HIGH,FALSE,FALSE,HIGH,NORMAL,LOW,FALSE,HIGH,ZERO,LOW,FALSE,NORMAL
FALSE,FALSE,NORMAL,FALSE,LOW,FALSE,LOW,NORMAL,NORMAL,LOW,HIGH,HIGH,HIGH,LOW,NORMAL,FALSE,HIGH,HIGH,NORMAL,HIGH,LOW,FALSE,HIGH,HIGH,LOW,LOW,FALSE,TRUE,LOW,HIGH,HIGH,FALSE,NORMAL,HIGH,LOW,FALSE,NORMAL
FALSE,FALSE,NORMAL,FALSE,HIGH,FALSE,HIGH,ZERO,NORMAL,HIGH,ZERO,ZERO,HIGH,HIGH,NORMAL,FALSE,NORMAL,NORMAL,HIGH,NORMAL,ZERO,FALSE,LOW,ZERO,LOW,HIGH,FALSE,FALSE,HIGH,NORMAL,LOW,FALSE,HIGH,ZERO,NORMAL,TRUE,NORMAL
FALSE,FALSE,HIGH,FALSE,HIGH,FALSE,LOW,NORMAL,NORMAL,NORMAL,NORMAL,LOW,NORMAL,NORMAL,NORMAL,FALSE,NORMAL,NORMAL,NORMAL,NORMAL,ZERO,FALSE,LOW,ZERO,LOW,LOW,FALSE,FALSE,LOW,NORMAL,LOW,FALSE,NORMAL,ZERO,NORMAL,FALSE,NORMAL
FALSE,FALSE,NORMAL,FALSE,HIGH,FALSE,HIGH,LOW,NORMAL,HIGH,NORMAL,LOW,HIGH,HIGH,NORMAL,FALSE,HIGH,NORMAL,HIGH,HIGH,ZERO,FALSE,LOW,ZERO,NORMAL,HIGH,FALSE,TRUE,HIGH,HIGH,LOW,FALSE,HIGH,ZERO,NORMAL,FALSE,NORMAL
FALSE,FALSE,NORMAL,FALSE,HIGH,FALSE,HIGH,HIGH,NORMAL,LOW,ZERO,ZERO,HIGH,HIGH,NORMAL,FALSE,NORMAL,NORMAL,LOW,NORMAL,ZERO,FALSE,LOW,ZERO,LOW,HIGH,FALSE,TRUE,HIGH,NORMAL,LOW,FALSE,HIGH,ZERO,NORMAL,FALSE,NORMAL
FALSE,FALSE,NORMAL,FALSE,HIGH,FALSE,HIGH,LOW,NORMAL,LOW,NORMAL,LOW,HIGH,LOW,NORMAL,FALSE,HIGH,NORMAL,NORMAL,HIGH,ZERO,FALSE,LOW,ZERO,LOW,NORMAL,FALSE,TRUE,HIGH,HIGH,LOW,FALSE,HIGH,ZERO,LOW,FALSE,NORMAL
FALSE,FALSE,NORMAL,TRUE,HIGH,FALSE,HIGH,LOW,LOW,HIGH,NORMAL,LOW,HIGH,LOW,NORMAL,FALSE,LOW,NORMAL,HIGH,LOW,ZERO,FALSE,LOW,ZERO,LOW,HIGH,TRUE,FALSE,HIGH,LOW,LOW,FALSE,HIGH,ZERO,LOW,FALSE,NORMAL
FALSE,FALSE,NORMAL,FALSE,HIGH,FALSE,HIGH,HIGH,NORMAL,LOW,NORMAL,LOW,HIGH,HIGH,NORMAL,FALSE,LOW,NORMAL,LOW,LOW,ZERO,FALSE,LOW,ZERO,LOW,HIGH,FALSE,FALSE,HIGH,LOW,LOW,FALSE,HIGH,ZERO,NORMAL,FALSE,HIGH
FALSE,FALSE,LOW,FALSE,LOW,FALSE,HIGH,LOW,LOW,HIGH,HIGH,HIGH,HIGH,HIGH,NORMAL,FALSE,LOW,HIGH,NORMAL,LOW,LOW,FALSE,NORMAL,HIGH,LOW,LOW,FALSE,FALSE,HIGH,LOW,LOW,FALSE,HIGH,HIGH,NORMAL,FALSE,NORMAL
FALSE,FALSE,NORMAL,FALSE,NORMAL,FALSE,HIGH,HIGH,NORMAL,LOW,NORMAL,LOW,HIGH,LOW,NORMAL,FALSE,LOW,NORMAL,NORMAL,LOW,ZERO,FALSE,LOW,ZERO,LOW,HIGH,TRUE,FALSE,HIGH,LOW,LOW,FALSE,HIGH,NORMAL,LOW,FALSE,NORMAL
FALSE,FALSE,NORMAL,FALSE,LOW,TRUE,LOW,HIGH,NORMAL,LOW,LOW,ZERO,NORMAL,LOW,NORMAL,FALSE,HIGH,LOW,HIGH,HIGH,LOW,FALSE,HIGH,HIGH,LOW,LOW,FALSE,TRUE,NORMAL,HIGH,HIGH,FALSE,NORMAL,HIGH,LOW,FALSE,NORMAL
FALSE,FALSE,NORMAL,FALSE,HIGH,FALSE,HIGH,NORMAL,NORMAL,LOW,NORMAL,LOW,HIGH,HIGH,NORMAL,FALSE,LOW,NORMAL,LOW,NORMAL,ZERO,FALSE,LOW,ZERO,LOW,HIGH,FALSE,FALSE,HIGH,NORMAL,LOW,FALSE,HIGH,ZERO,NORMAL,FALSE,NORMAL
FALSE,FALSE,NORMAL,FALSE,HIGH,FALSE,HIGH,LOW,NORMAL,LOW,NORMAL,LOW,HIGH,HIGH,NORMAL,FALSE,NORMAL,NORMAL,LOW,NORMAL,ZERO,FALSE,LOW,ZERO,LOW,HIGH,FALSE,FALSE,HIGH,NORMAL,LOW,FALSE,HIGH,ZERO,NORMAL,FALSE,NORMAL
FALSE,FALSE,NORMAL,FALSE,HIGH,FALSE,HIGH,NORMAL,NORMAL,HIGH,NORMAL,LOW,HIGH,HIGH,NORMAL,FALSE,NORMAL,NORMAL,NORMAL,NORMAL,ZERO,FALSE,LOW,ZERO,LOW,HIGH,FALSE,TRUE,HIGH,NORMAL,LOW,FALSE,HIGH,ZERO,NORMAL,FALSE,NORMAL
FALSE,FALSE,NORMAL,FALSE,HIGH,FALSE,HIGH,HIGH,NORMAL,HIGH,NORMAL,LOW,HIGH,HIGH,NORMAL,FALSE,HIGH,NORMAL,NORMAL,NORMAL,ZERO,FALSE,LOW,ZERO,LOW,HIGH,FALSE,TRUE,HIGH,HIGH,LOW,FALSE,HIGH,ZERO,NORMAL,FALSE,NORMAL
FALSE,FALSE,NORMAL,FALSE,HIGH,FALSE,LOW,LOW,NORMAL,LOW,NORMAL,LOW,HIGH,NORMAL,NORMAL,FALSE,HIGH,NORMAL,LOW,NORMAL,ZERO,FALSE,LOW,ZERO,LOW,LOW,FALSE,TRUE,LOW,HIGH,LOW,FALSE,NORMAL,ZERO,NORMAL,FALSE,NORMAL
FALSE,FALSE,NORMAL,FALSE,HIGH,FALSE,HIGH,HIGH,NORMAL,NORMAL,NORMAL,LOW,HIGH,NORMAL,ESOPHAGEAL,FALSE,NORMAL,NORMAL,NORMAL,NORMAL,ZERO,FALSE,LOW,LOW,LOW,HIGH,FALSE,FALSE,HIGH,NORMAL,LOW,FALSE,HIGH,LOW,NORMAL,FALSE,NORMAL
FALSE,FALSE,NORMAL,FALSE,LOW,FALSE,HIGH,HIGH,NORMAL,HIGH,ZERO,ZERO,HIGH,HIGH,NORMAL,FALSE,NORMAL,NORMAL,NORMAL,NORMAL,LOW,FALSE,HIGH,HIGH,LOW,HIGH,FALSE,FALSE,HIGH,NORMAL,HIGH,FALSE,HIGH,HIGH,NORMAL,FALSE,NORMAL
FALSE,FALSE,NORMAL,FALSE,LOW,TRUE,HIGH,HIGH,NORMAL,NORMAL,ZERO,ZERO,HIGH,HIGH,NORMAL,FALSE,NORMAL,NORMAL,NORMAL,NORMAL,LOW,FALSE,HIGH,HIGH,LOW,NORMAL,FALSE,FALSE,NORMAL,NORMAL,HIGH,FALSE,HIGH,HIGH,NORMAL,FALSE,NORMAL
FALSE,FALSE,NORMAL,FALSE,HIGH,FALSE,HIGH,LOW,NORMAL,HIGH,NORMAL,LOW,HIGH,HIGH,NORMAL,FALSE,NORMAL,NORMAL,HIGH,LOW,ZERO,FALSE,LOW,ZERO,LOW,HIGH,FALSE,FALSE,HIGH,NORMAL,LOW,FALSE,HIGH,ZERO,NORMAL,FALSE,NORMAL
FALSE,FALSE,NORMAL,FALSE,LOW,FALSE,HIGH,HIGH,NORMAL,HIGH,LOW,ZERO,HIGH,HIGH,NORMAL,FALSE,NORMAL,LOW,NORMAL,NORMAL,LOW,FALSE,HIGH,HIGH,LOW,HIGH,FALSE,FALSE,HIGH,NORMAL,HIGH,FALSE,HIGH,HIGH,NORMAL,FALSE,NORMAL
FALSE,FALSE,NORMAL,FALSE,HIGH,FALSE,HIGH,LOW,NORMAL,HIGH,NORMAL,LOW,HIGH,HIGH,NORMAL,FALSE,NORMAL,NORMAL,NORMAL,NORMAL,ZERO,FALSE,LOW,ZERO,LOW,HIGH,FALSE,FALSE,HIGH,NORMAL,LOW,FALSE,HIGH,ZERO,NORMAL,FALSE,NORMAL
FALSE,FALSE,NORMAL,FALSE,LOW,FALSE,LOW,LOW,NORMAL,HIGH,HIGH,HIGH,NORMAL,NORMAL,NORMAL,FALSE,HIGH,HIGH,HIGH,HIGH,LOW,FALSE,HIGH,HIGH,LOW,LOW,FALSE,TRUE,LOW,HIGH,HIGH,FALSE,NORMAL,HIGH,NORMAL,FALSE,NORMAL
FALSE,FALSE,NORMAL,FALSE,HIGH,FALSE,HIGH,HIGH,NORMAL,LOW,NORMAL,LOW,HIGH,HIGH,NORMAL,FALSE,LOW,NORMAL,NORMAL,LOW,ZERO,FALSE,LOW,ZERO,LOW,HIGH,FALSE,FALSE,HIGH,LOW,LOW,FALSE,HIGH,ZERO,NORMAL,FALSE,NORMAL
FALSE,FALSE,NORMAL,FALSE,HIGH,FALSE,HIGH,NORMAL,NORMAL,HIGH,NORMAL,LOW,HIGH,HIGH,NORMAL,FALSE,NORMAL,NORMAL,HIGH,NORMAL,ZERO,FALSE,LOW,ZERO,LOW,HIGH,FALSE,FALSE,HIGH,NORMAL,LOW,FALSE,HIGH,ZERO,NORMAL,FALSE,NORMAL
FALSE,FALSE,NORMAL,FALSE,LOW,TRUE,HIGH,HIGH,NORMAL,HIGH,HIGH,ZERO,HIGH,NORMAL,NORMAL,FALSE,HIGH,HIGH,NORMAL,HIGH,LOW,FALSE,HIGH,HIGH,HIGH,NORMAL,FALSE,TRUE,NORMAL,HIGH,HIGH,FALSE,HIGH,HIGH,LOW,FALSE,NORMAL
FALSE,FALSE,LOW,FALSE,HIGH,FALSE,HIGH,HIGH,NORMAL,LOW,NORMAL,LOW,HIGH,HIGH,NORMAL,FALSE,NORMAL,NORMAL,LOW,NORMAL,ZERO,FALSE,LOW,LOW,LOW,HIGH,FALSE,FALSE,HIGH,NORMAL,LOW,FALSE,HIGH,ZERO,HIGH,FALSE,NORMAL
FALSE,FALSE,NORMAL,FALSE,HIGH,FALSE,HIGH,HIGH,NORMAL,HIGH,NORMAL,LOW,HIGH,HIGH,NORMAL,FALSE,HIGH,NORMAL,NORMAL,NORMAL,ZERO,FALSE,LOW,ZERO,LOW,HIGH,FALSE,TRUE,HIGH,HIGH,LOW,FALSE,HIGH,ZERO,NORMAL,FALSE,NORMAL
FALSE,FALSE,NORMAL,FALSE,HIGH,FALSE,HIGH,NORMAL,NORMAL,LOW,NORMAL,LOW,HIGH,HIGH,NORMAL,FALSE,NORMAL,NORMAL,LOW,NORMAL,ZERO,FALSE,LOW,ZERO,LOW,HIGH,FALSE,FALSE,HIGH,NORMAL,LOW,FALSE,HIGH,ZERO,HIGH,FALSE,NORMAL
TRUE,FALSE,NORMAL,FALSE,NORMAL,FALSE,HIGH,HIGH,NORMAL,NORMAL,NORMAL,ZERO,HIGH,HIGH,NORMAL,FALSE,NORMAL,NORMAL,LOW,NORMAL,NORMAL,FALSE,LOW,LOW,NORMAL,HIGH,FALSE,FALSE,HIGH,NORMAL,LOW,FALSE,HIGH,NORMAL,NORMAL,FALSE,NORMAL
FALSE,FALSE,NORMAL,FALSE,LOW,FALSE,LOW,HIGH,NORMAL,HIGH,NORMAL,LOW,NORMAL,NORMAL,NORMAL,FALSE,HIGH,NORMAL,HIGH,HIGH,ZERO,FALSE,LOW,ZERO,ZERO,LOW,FALSE,TRUE,LOW,HIGH,LOW,FALSE,NORMAL,LOW,NORMAL,FALSE,NORMAL
FALSE,FALSE,NORMAL,FALSE,HIGH,FALSE,HIGH,LOW,NORMAL,LOW,NORMAL,LOW,HIGH,HIGH,NORMAL,FALSE,NORMAL,NORMAL,LOW,NORMAL,ZERO,FALSE,LOW,ZERO,LOW,HIGH,FALSE,FALSE,HIGH,NORMAL,LOW,FALSE,HIGH,ZERO,NORMAL,FALSE,NORMAL
TRUE,FALSE,NORMAL,FALSE,LOW,FALSE,HIGH,HIGH,NORMAL,LOW,NORMAL,ZERO,HIGH,HIGH,NORMAL,FALSE,NORMAL,NORMAL,LOW,HIGH,LOW,FALSE,HIGH,HIGH,LOW,HIGH,FALSE,FALSE,HIGH,NORMAL,HIGH,FALSE,HIGH,HIGH,NORMAL,FALSE,NORMAL
FALSE,TRUE,NORMAL,FALSE,HIGH,FALSE,HIGH,LOW,NORMAL,NORMAL,NORMAL,LOW,HIGH,LOW,NORMAL,FALSE,LOW,NORMAL,HIGH,LOW,ZERO,FALSE,LOW,ZERO,LOW,HIGH,TRUE,FALSE,HIGH,LOW,LOW,FALSE,HIGH,ZERO,LOW,FALSE,NORMAL
FALSE,FALSE,NORMAL,FALSE,HIGH,FALSE,HIGH,NORMAL,NORMAL,HIGH,NORMAL,LOW,HIGH,HIGH,NORMAL,FALSE,NORMAL,NORMAL,NORMAL,NORMAL,ZERO,FALSE,LOW,ZERO,LOW,HIGH,FALSE,FALSE,HIGH,NORMAL,LOW,FALSE,HIGH,ZERO,NORMAL,FALSE,NORMAL
FALSE,FALSE,NORMAL,FALSE,NORMAL,FALSE,LOW,HIGH,NORMAL,NORMAL,NORMAL,LOW,NORMAL,NORMAL,ONESIDED,FALSE,NORMAL,NORMAL,HIGH,NORMAL,LOW,FALSE,LOW,ZERO,ZERO,LOW,FALSE,FALSE,LOW,NORMAL,LOW,FALSE,NORMAL,NORMAL,NORMAL,FALSE,HIGH
FALSE,FALSE,NORMAL,FALSE,HIGH,FALSE,HIGH,LOW,NORMAL,NORMAL,NORMAL,LOW,HIGH,HIGH,NORMAL,FALSE,NORMAL,NORMAL,LOW,NORMAL,ZERO,FALSE,LOW,ZERO,LOW,HIGH,FALSE,FALSE,HIGH,NORMAL,LOW,FALSE,HIGH,ZERO,NORMAL,FALSE,NORMAL
FALSE,FALSE,NORMAL,FALSE,HIGH,FALSE,NORMAL,HIGH,NORMAL,HIGH,NORMAL,LOW,HIGH,HIGH,NORMAL,TRUE,NORMAL,NORMAL,NORMAL,NORMAL,ZERO,FALSE,LOW,ZERO,LOW,HIGH,FALSE,FALSE,HIGH,NORMAL,LOW,FALSE,HIGH,ZERO,NORMAL,FALSE,NORMAL
FALSE,FALSE,NORMAL,FALSE,HIGH,FALSE,HIGH,HIGH,NORMAL,LOW,NORMAL,LOW,HIGH,LOW,NORMAL,FALSE,HIGH,NORMAL,LOW,NORMAL,ZERO,FALSE,LOW,ZERO,LOW,HIGH,FALSE,TRUE,HIGH,HIGH,LOW,FALSE,HIGH,ZERO,LOW,FALSE,NORMAL
FALSE,FALSE,NORMAL,FALSE,HIGH,FALSE,HIGH,NORMAL,NORMAL,HIGH,NORMAL,LOW,HIGH,HIGH,NORMAL,FALSE,NORMAL,NORMAL,NORMAL,NORMAL,ZERO,FALSE,LOW,ZERO,LOW,HIGH,FALSE,FALSE,HIGH,NORMAL,LOW,FALSE,HIGH,ZERO,NORMAL,FALSE,NORMAL
FALSE,FALSE,HIGH,FALSE,HIGH,FALSE,NORMAL,HIGH,NORMAL,HIGH,NORMAL,LOW,HIGH,HIGH,NORMAL,TRUE,NORMAL,NORMAL,HIGH,NORMAL,ZERO,FALSE,LOW,ZERO,LOW,HIGH,FALSE,FALSE,HIGH,NORMAL,LOW,FALSE,HIGH,ZERO,NORMAL,TRUE,NORMAL
FALSE,TRUE,NORMAL,FALSE,HIGH,FALSE,HIGH,NORMAL,LOW,HIGH,NORMAL,LOW,HIGH,HIGH,NORMAL,FALSE,NORMAL,NORMAL,HIGH,NORMAL,ZERO,FALSE,LOW,ZERO,LOW,HIGH,FALSE,FALSE,HIGH,NORMAL,LOW,FALSE,HIGH,ZERO,NORMAL,FALSE,NORMAL
FALSE,FALSE,NORMAL,FALSE,HIGH,FALSE,LOW,LOW,LOW,HIGH,NORMAL,LOW,HIGH,HIGH,NORMAL,FALSE,NORMAL,NORMAL,NORMAL,NORMAL,ZERO,FALSE,LOW,ZERO,LOW,HIGH,FALSE,FALSE,HIGH,NORMAL,LOW,FALSE,HIGH,ZERO,NORMAL,FALSE,NORMAL
TRUE,FALSE,NORMAL,FALSE,LOW,FALSE,HIGH,HIGH,NORMAL,LOW,NORMAL,ZERO,HIGH,HIGH,NORMAL,FALSE,LOW,NORMAL,LOW,LOW,LOW,FALSE,HIGH,HIGH,LOW,HIGH,FALSE,FALSE,HIGH,LOW,HIGH,FALSE,HIGH,HIGH,NORMAL,FALSE,NORMAL
TRUE,FALSE,NORMAL,FALSE,LOW,FALSE,HIGH,HIGH,NORMAL,LOW,NORMAL,ZERO,HIGH,HIGH,NORMAL,FALSE,NORMAL,NORMAL,LOW,NORMAL,LOW,FALSE,HIGH,HIGH,LOW,HIGH,FALSE,FALSE,HIGH,NORMAL,HIGH,FALSE,HIGH,HIGH,NORMAL,FALSE,NORMAL
FALSE,FALSE,NORMAL,FALSE,HIGH,FALSE,HIGH,HIGH,NORMAL,LOW,NORMAL,LOW,HIGH,LOW,NORMAL,FALSE,NORMAL,NORMAL,NORMAL,HIGH,ZERO,FALSE,LOW,ZERO,LOW,HIGH,FALSE,TRUE,HIGH,HIGH,LOW,FALSE,HIGH,ZERO,LOW,FALSE,NORMAL
FALSE,FALSE,NORMAL,FALSE,HIGH,TRUE,LOW,HIGH,NORMAL,LOW,NORMAL,LOW,HIGH,NORMAL,NORMAL,FALSE,HIGH,NORMAL,LOW,HIGH,ZERO,FALSE,LOW,ZERO,LOW,HIGH,FALSE,TRUE,LOW,HIGH,LOW,FALSE,NORMAL,ZERO,NORMAL,FALSE,NORMAL
TRUE,TRUE,NORMAL,FALSE,LOW,FALSE,HIGH,HIGH,NORMAL,LOW,NORMAL,ZERO,HIGH,HIGH,NORMAL,FALSE,NORMAL,NORMAL,LOW,NORMAL,LOW,FALSE,HIGH,HIGH,LOW,HIGH,FALSE,FALSE,HIGH,NORMAL,HIGH,FALSE,HIGH,HIGH,NORMAL,FALSE,NORMAL
FALSE,FALSE,NORMAL,TRUE,HIGH,FALSE,HIGH,HIGH,NORMAL,LOW,NORMAL,LOW,HIGH,LOW,NORMAL,FALSE,LOW,NORMAL,NORMAL,LOW,ZERO,FALSE,LOW,ZERO,LOW,HIGH,TRUE,FALSE,LOW,LOW,LOW,FALSE,HIGH,ZERO,LOW,FALSE,NORMAL
FALSE,FALSE,NORMAL,FALSE,HIGH,FALSE,HIGH,NORMAL,NORMAL,LOW,NORMAL,LOW,HIGH,HIGH,NORMAL,FALSE,HIGH,NORMAL,LOW,NORMAL,ZERO,FALSE,LOW,ZERO,LOW,HIGH,FALSE,TRUE,HIGH,HIGH,LOW,FALSE,HIGH,ZERO,NORMAL,FALSE,NORMAL
FALSE,FALSE,NORMAL,FALSE,HIGH,FALSE,HIGH,HIGH,NORMAL,HIGH,ZERO,ZERO,HIGH,HIGH,NORMAL,FALSE,NORMAL,NORMAL,NORMAL,NORMAL,ZERO,FALSE,LOW,ZERO,LOW,HIGH,FALSE,FALSE,HIGH,NORMAL,LOW,FALSE,HIGH,ZERO,NORMAL,FALSE,NORMAL
FALSE,FALSE,NORMAL,FALSE,HIGH,FALSE,HIGH,HIGH,LOW,LOW,NORMAL,LOW,HIGH,HIGH,ONESIDED,FALSE,NORMAL,NORMAL,LOW,NORMAL,LOW,FALSE,LOW,LOW,NORMAL,HIGH,FALSE,FALSE,HIGH,NORMAL,LOW,FALSE,HIGH,LOW,NORMAL,FALSE,HIGH
FALSE,FALSE,NORMAL,FALSE,HIGH,FALSE,HIGH,NORMAL,NORMAL,NORMAL,NORMAL,LOW,HIGH,HIGH,NORMAL,FALSE,NORMAL,NORMAL,NORMAL,NORMAL,ZERO,FALSE,LOW,ZERO,LOW,HIGH,FALSE,FALSE,HIGH,NORMAL,LOW,FALSE,HIGH,ZERO,NORMAL,FALSE,NORMAL
FALSE,FALSE,NORMAL,FALSE,HIGH,FALSE,HIGH,LOW,NORMAL,NORMAL,NORMAL,LOW,HIGH,HIGH,NORMAL,FALSE,NORMAL,NORMAL,HIGH,NORMAL,ZERO,FALSE,LOW,ZERO,LOW,HIGH,FALSE,FALSE,HIGH,NORMAL,LOW,FALSE,HIGH,ZERO,NORMAL,FALSE,HIGH
FALSE,FALSE,NORMAL,FALSE,HIGH,FALSE,HIGH,LOW,NORMAL,LOW,NORMAL,LOW,HIGH,HIGH,NORMAL,FALSE,NORMAL,NORMAL,LOW,NORMAL,ZERO,FALSE,LOW,ZERO,LOW,HIGH,FALSE,FALSE,HIGH,NORMAL,LOW,FALSE,HIGH,ZERO,NORMAL,FALSE,NORMAL
FALSE,FALSE,NORMAL,FALSE,LOW,FALSE,LOW,HIGH,NORMAL,HIGH,ZERO,ZERO,NORMAL,NORMAL,NORMAL,FALSE,NORMAL,NORMAL,HIGH,NORMAL,LOW,FALSE,HIGH,HIGH,LOW,HIGH,FALSE,FALSE,LOW,NORMAL,HIGH,FALSE,NORMAL,HIGH,NORMAL,FALSE,NORMAL
FALSE,FALSE,NORMAL,FALSE,HIGH,FALSE,HIGH,LOW,NORMAL,LOW,NORMAL,LOW,HIGH,LOW,NORMAL,FALSE,HIGH,NORMAL,NORMAL,NORMAL,ZERO,FALSE,LOW,ZERO,LOW,HIGH,FALSE,TRUE,HIGH,HIGH,LOW,FALSE,HIGH,ZERO,LOW,FALSE,NORMAL
FALSE,FALSE,NORMAL,FALSE,HIGH,FALSE,HIGH,NORMAL,NORMAL,HIGH,NORMAL,LOW,HIGH,HIGH,NORMAL,FALSE,NORMAL,NORMAL,NORMAL,HIGH,ZERO,FALSE,LOW,ZERO,LOW,HIGH,FALSE,FALSE,HIGH,NORMAL,LOW,FALSE,HIGH,ZERO,NORMAL,FALSE,NORMAL
TRUE,FALSE,NORMAL,TRUE,NORMAL,FALSE,HIGH,HIGH,NORMAL,LOW,NORMAL,ZERO,HIGH,HIGH,NORMAL,FALSE,HIGH,NORMAL,LOW,HIGH,LOW,FALSE,HIGH,HIGH,ZERO,HIGH,FALSE,TRUE,HIGH,HIGH,LOW,FALSE,HIGH,HIGH,NORMAL,FALSE,HIGH
FALSE,FALSE,NORMAL,FALSE,HIGH,FALSE,HIGH,HIGH,NORMAL,HIGH,NORMAL,LOW,HIGH,HIGH,ESOPHAGEAL,FALSE,NORMAL,NORMAL,NORMAL,NORMAL,LOW,FALSE,LOW,ZERO,NORMAL,HIGH,FALSE,FALSE,HIGH,NORMAL,LOW,FALSE,HIGH,ZERO,NORMAL,FALSE,NORMAL
FALSE,FALSE,NORMAL,FALSE,HIGH,FALSE,HIGH,LOW,NORMAL,HIGH,NORMAL,LOW,HIGH,HIGH,NORMAL,FALSE,NORMAL,NORMAL,NORMAL,NORMAL,ZERO,FALSE,LOW,ZERO,LOW,HIGH,FALSE,FALSE,HIGH,NORMAL,LOW,FALSE,HIGH,ZERO,NORMAL,FALSE,NORMAL
FALSE,FALSE,NORMAL,FALSE,HIGH,FALSE,HIGH,LOW,NORMAL,HIGH,NORMAL,LOW,HIGH,LOW,NORMAL,FALSE,NORMAL,NORMAL,HIGH,NORMAL,ZERO,FALSE,LOW,ZERO,LOW,HIGH,FALSE,FALSE,HIGH,NORMAL,LOW,FALSE,HIGH,LOW,LOW,FALSE,NORMAL
FALSE,FALSE,NORMAL,FALSE,LOW,FALSE,HIGH,LOW,NORMAL,LOW,NORMAL,LOW,HIGH,LOW,NORMAL,FALSE,HIGH,NORMAL,NORMAL,NORMAL,LOW,FALSE,HIGH,NORMAL,LOW,HIGH,FALSE,FALSE,HIGH,NORMAL,HIGH,FALSE,HIGH,HIGH,LOW,FALSE,NORMAL
FALSE,FALSE,NORMAL,FALSE,LOW,FALSE,HIGH,HIGH,NORMAL,LOW,LOW,ZERO,HIGH,LOW,NORMAL,FALSE,NORMAL,LOW,NORMAL,NORMAL,LOW,FALSE,HIGH,HIGH,LOW,HIGH,FALSE,TRUE,HIGH,NORMAL,HIGH,FALSE,HIGH,HIGH,LOW,FALSE,NORMAL
FALSE,FALSE,NORMAL,FALSE,HIGH,FALSE,HIGH,NORMAL,NORMAL,NORMAL,NORMAL,LOW,HIGH,HIGH,NORMAL,FALSE,NORMAL,NORMAL,LOW,HIGH,ZERO,FALSE,LOW,ZERO,LOW,HIGH,FALSE,FALSE,HIGH,NORMAL,LOW,FALSE,HIGH,ZERO,NORMAL,FALSE,NORMAL
FALSE,FALSE,HIGH,FALSE,HIGH,FALSE,HIGH,LOW,NORMAL,HIGH,NORMAL,LOW,HIGH,HIGH,NORMAL,FALSE,NORMAL,NORMAL,HIGH,NORMAL,ZERO,FALSE,LOW,ZERO,LOW,HIGH,FALSE,FALSE,HIGH,NORMAL,LOW,FALSE,HIGH,ZERO,NORMAL,FALSE,NORMAL
FALSE,FALSE,NORMAL,FALSE,HIGH,FALSE,HIGH,HIGH,NORMAL,NORMAL,NORMAL,LOW,HIGH,HIGH,ONESIDED,FALSE,NORMAL,NORMAL,NORMAL,NORMAL,LOW,FALSE,LOW,LOW,NORMAL,HIGH,FALSE,FALSE,HIGH,NORMAL,LOW,FALSE,HIGH,LOW,HIGH,FALSE,HIGH
FALSE,FALSE,NORMAL,FALSE,NORMAL,FALSE,LOW,HIGH,NORMAL,HIGH,LOW,ZERO,NORMAL,NORMAL,NORMAL,FALSE,LOW,LOW,HIGH,HIGH,LOW,FALSE,HIGH,HIGH,ZERO,LOW,FALSE,TRUE,LOW,HIGH,HIGH,FALSE,NORMAL,HIGH,NORMAL,FALSE,NORMAL
FALSE,FALSE,LOW,FALSE,NORMAL,FALSE,HIGH,HIGH,LOW,LOW,NORMAL,LOW,HIGH,LOW,NORMAL,FALSE,HIGH,NORMAL,NORMAL,HIGH,ZERO,FALSE,LOW,ZERO,LOW,HIGH,FALSE,TRUE,HIGH,HIGH,LOW,FALSE,HIGH,ZERO,LOW,FALSE,NORMAL
FALSE,FALSE,NORMAL,FALSE,HIGH,FALSE,HIGH,NORMAL,NORMAL,LOW,NORMAL,LOW,HIGH,LOW,NORMAL,FALSE,HIGH,NORMAL,LOW,HIGH,ZERO,FALSE,LOW,ZERO,LOW,HIGH,FALSE,TRUE,HIGH,HIGH,LOW,FALSE,HIGH,ZERO,LOW,FALSE,NORMAL
FALSE,FALSE,NORMAL,FALSE,LOW,FALSE,HIGH,HIGH,NORMAL,LOW,LOW,ZERO,HIGH,HIGH,NORMAL,FALSE,HIGH,LOW,LOW,HIGH,LOW,FALSE,HIGH,HIGH,LOW,HIGH,FALSE,FALSE,HIGH,HIGH,HIGH,FALSE,HIGH,HIGH,HIGH,FALSE,NORMAL
FALSE,FALSE,NORMAL,FALSE,HIGH,FALSE,HIGH,NORMAL,NORMAL,HIGH,NORMAL,LOW,HIGH,HIGH,NORMAL,FALSE,HIGH,NORMAL,NORMAL,NORMAL,ZERO,FALSE,LOW,ZERO,LOW,HIGH,FALSE,TRUE,HIGH,HIGH,LOW,FALSE,HIGH,ZERO,NORMAL,FALSE,NORMAL
FALSE,FALSE,NORMAL,FALSE,HIGH,FALSE,HIGH,LOW,NORMAL,HIGH,NORMAL,LOW,HIGH,HIGH,NORMAL,FALSE,NORMAL,NORMAL,NORMAL,NORMAL,ZERO,FALSE,LOW,ZERO,LOW,HIGH,FALSE,FALSE,HIGH,NORMAL,LOW,FALSE,HIGH,ZERO,NORMAL,FALSE,NORMAL
FALSE,FALSE,NORMAL,FALSE,LOW,FALSE,HIGH,NORMAL,NORMAL,LOW,NORMAL,LOW,HIGH,HIGH,NORMAL,FALSE,NORMAL,NORMAL,LOW,NORMAL,ZERO,FALSE,LOW,ZERO,ZERO,HIGH,FALSE,FALSE,HIGH,NORMAL,LOW,FALSE,HIGH,NORMAL,NORMAL,FALSE,NORMAL
FALSE,TRUE,HIGH,FALSE,HIGH,TRUE,HIGH,LOW,NORMAL,HIGH,NORMAL,LOW,HIGH,HIGH,NORMAL,FALSE,NORMAL,NORMAL,HIGH,NORMAL,ZERO,FALSE,LOW,ZERO,LOW,NORMAL,FALSE,FALSE,NORMAL,NORMAL,LOW,FALSE,HIGH,LOW,NORMAL,FALSE,NORMAL
FALSE,FALSE,NORMAL,FALSE,NORMAL,FALSE,LOW,LOW,NORMAL,HIGH,NORMAL,LOW,NORMAL,LOW,NORMAL,FALSE,HIGH,NORMAL,HIGH,NORMAL,ZERO,FALSE,LOW,ZERO,LOW,LOW,FALSE,TRUE,LOW,HIGH,LOW,FALSE,NORMAL,ZERO,LOW,FALSE,NORMAL
FALSE,FALSE,NORMAL,FALSE,HIGH,FALSE,HIGH,HIGH,NORMAL,HIGH,NORMAL,LOW,HIGH,HIGH,NORMAL,FALSE,HIGH,NORMAL,HIGH,HIGH,ZERO,FALSE,LOW,ZERO,LOW,HIGH,FALSE,TRUE,HIGH,HIGH,LOW,FALSE,HIGH,ZERO,NORMAL,FALSE,NORMAL
FALSE,FALSE,NORMAL,FALSE,HIGH,FALSE,HIGH,HIGH,NORMAL,HIGH,NORMAL,LOW,HIGH,HIGH,NORMAL,FALSE,NORMAL,NORMAL,HIGH,NORMAL,ZERO,FALSE,LOW,ZERO,LOW,HIGH,FALSE,FALSE,HIGH,NORMAL,LOW,FALSE,HIGH,ZERO,NORMAL,FALSE,NORMAL
FALSE,FALSE,NORMAL,FALSE,LOW,FALSE,HIGH,LOW,NORMAL,HIGH,HIGH,HIGH,HIGH,HIGH,NORMAL,FALSE,NORMAL,HIGH,NORMAL,LOW,LOW,FALSE,HIGH,HIGH,LOW,HIGH,FALSE,FALSE,HIGH,NORMAL,HIGH,FALSE,HIGH,HIGH,NORMAL,FALSE,NORMAL
FALSE,FALSE,NORMAL,FALSE,HIGH,FALSE,HIGH,NORMAL,NORMAL,LOW,NORMAL,LOW,HIGH,LOW,NORMAL,FALSE,NORMAL,NORMAL,NORMAL,NORMAL,ZERO,FALSE,LOW,ZERO,LOW,HIGH,FALSE,TRUE,HIGH,NORMAL,LOW,FALSE,HIGH,ZERO,LOW,TRUE,NORMAL
FALSE,FALSE,NORMAL,FALSE,HIGH,FALSE,HIGH,HIGH,NORMAL,NORMAL,NORMAL,LOW,HIGH,HIGH,NORMAL,FALSE,NORMAL,NORMAL,NORMAL,NORMAL,ZERO,FALSE,LOW,ZERO,LOW,HIGH,FALSE,FALSE,HIGH,NORMAL,LOW,FALSE,HIGH,ZERO,NORMAL,FALSE,NORMAL
TRUE,FALSE,HIGH,FALSE,HIGH,FALSE,HIGH,HIGH,NORMAL,LOW,ZERO,ZERO,HIGH,HIGH,NORMAL,FALSE,HIGH,HIGH,LOW,HIGH,ZERO,FALSE,LOW,ZERO,LOW,HIGH,FALSE,FALSE,HIGH,HIGH,LOW,FALSE,HIGH,ZERO,HIGH,FALSE,NORMAL
FALSE,FALSE,NORMAL,FALSE,HIGH,FALSE,HIGH,HIGH,NORMAL,HIGH,NORMAL,LOW,HIGH,HIGH,NORMAL,FALSE,HIGH,NORMAL,NORMAL,HIGH,ZERO,FALSE,LOW,ZERO,LOW,HIGH,FALSE,TRUE,HIGH,HIGH,LOW,FALSE,HIGH,ZERO,NORMAL,FALSE,NORMAL
FALSE,FALSE,NORMAL,FALSE,HIGH,FALSE,LOW,HIGH,NORMAL,LOW,NORMAL,LOW,HIGH,LOW,NORMAL,FALSE,HIGH,NORMAL,LOW,NORMAL,ZERO,FALSE,LOW,ZERO,LOW,LOW,FALSE,FALSE,LOW,HIGH,LOW,FALSE,NORMAL,ZERO,LOW,FALSE,NORMAL
FALSE,FALSE,NORMAL,FALSE,HIGH,FALSE,HIGH,LOW,NORMAL,HIGH,NORMAL,LOW,HIGH,HIGH,NORMAL,FALSE,HIGH,NORMAL,HIGH,HIGH,ZERO,FALSE,LOW,ZERO,LOW,HIGH,FALSE,TRUE,HIGH,HIGH,LOW,FALSE,HIGH,ZERO,NORMAL,FALSE,NORMAL
FALSE,FALSE,NORMAL,FALSE,LOW,FALSE,HIGH,NORMAL,NORMAL,LOW,NORMAL,LOW,HIGH,HIGH,NORMAL,FALSE,NORMAL,NORMAL,LOW,LOW,ZERO,FALSE,HIGH,ZERO,ZERO,HIGH,FALSE,FALSE,HIGH,NORMAL,HIGH,FALSE,HIGH,HIGH,NORMAL,FALSE,NORMAL
FALSE,FALSE,NORMAL,FALSE,HIGH,FALSE,HIGH,HIGH,NORMAL,NORMAL,LOW,ZERO,HIGH,HIGH,NORMAL,FALSE,NORMAL,LOW,NORMAL,NORMAL,ZERO,FALSE,NORMAL,ZERO,LOW,HIGH,FALSE,FALSE,HIGH,NORMAL,NORMAL,FALSE,HIGH,ZERO,NORMAL,FALSE,NORMAL
FALSE,FALSE,NORMAL,FALSE,NORMAL,FALSE,HIGH,LOW,NORMAL,NORMAL,HIGH,HIGH,HIGH,HIGH,NORMAL,FALSE,NORMAL,HIGH,NORMAL,NORMAL,LOW,FALSE,LOW,HIGH,ZERO,HIGH,FALSE,FALSE,HIGH,NORMAL,LOW,FALSE,HIGH,NORMAL,NORMAL,FALSE,NORMAL
TRUE,FALSE,NORMAL,FALSE,LOW,TRUE,HIGH,HIGH,NORMAL,HIGH,NORMAL,ZERO,HIGH,HIGH,NORMAL,FALSE,NORMAL,NORMAL,NORMAL,NORMAL,LOW,FALSE,HIGH,HIGH,LOW,NORMAL,FALSE,FALSE,NORMAL,NORMAL,HIGH,FALSE,HIGH,HIGH,NORMAL,FALSE,NORMAL
FALSE,FALSE,NORMAL,FALSE,HIGH,FALSE,HIGH,NORMAL,NORMAL,HIGH,NORMAL,LOW,HIGH,HIGH,NORMAL,FALSE,NORMAL,NORMAL,NORMAL,NORMAL,ZERO,FALSE,LOW,ZERO,LOW,HIGH,FALSE,FALSE,HIGH,HIGH,LOW,FALSE,HIGH,ZERO,NORMAL,FALSE,NORMAL
FALSE,FALSE,NORMAL,FALSE,HIGH,FALSE,LOW,NORMAL,NORMAL,LOW,NORMAL,LOW,HIGH,NORMAL,NORMAL,FALSE,NORMAL,NORMAL,LOW,NORMAL,ZERO,FALSE,LOW,ZERO,LOW,LOW,FALSE,FALSE,LOW,NORMAL,LOW,FALSE,NORMAL,ZERO,NORMAL,FALSE,NORMAL
FALSE,FALSE,NORMAL,FALSE,HIGH,FALSE,HIGH,NORMAL,NORMAL,LOW,NORMAL,LOW,HIGH,HIGH,NORMAL,FALSE,NORMAL,NORMAL,LOW,NORMAL,ZERO,FALSE,LOW,ZERO,LOW,HIGH,FALSE,FALSE,HIGH,NORMAL,LOW,FALSE,HIGH,ZERO,NORMAL,FALSE,NORMAL
FALSE,FALSE,NORMAL,FALSE,LOW,FALSE,LOW,HIGH,NORMAL,NORMAL,NORMAL,LOW,NORMAL,NORMAL,NORMAL,FALSE,NORMAL,NORMAL,NORMAL,NORMAL,LOW,FALSE,HIGH,HIGH,LOW,LOW,FALSE,FALSE,LOW,NORMAL,HIGH,FALSE,NORMAL,HIGH,NORMAL,FALSE,NORMAL
FALSE,FALSE,NORMAL,FALSE,HIGH,FALSE,HIGH,NORMAL,NORMAL,LOW,NORMAL,LOW,HIGH,LOW,NORMAL,FALSE,NORMAL,NORMAL,LOW,NORMAL,ZERO,FALSE,LOW,ZERO,LOW,HIGH,FALSE,FALSE,HIGH,NORMAL,LOW,FALSE,HIGH,ZERO,LOW,FALSE,NORMAL
FALSE,FALSE,NORMAL,FALSE,LOW,FALSE,HIGH,HIGH,NORMAL,LOW,NORMAL,LOW,HIGH,HIGH,NORMAL,FALSE,HIGH,NORMAL,LOW,HIGH,NORMAL,FALSE,LOW,LOW,NORMAL,HIGH,FALSE,FALSE,HIGH,HIGH,LOW,FALSE,HIGH,NORMAL,NORMAL,FALSE,NORMAL
FALSE,TRUE,NORMAL,FALSE,HIGH,FALSE,HIGH,NORMAL,NORMAL,NORMAL,NORMAL,LOW,HIGH,LOW,NORMAL,FALSE,NORMAL,NORMAL,HIGH,NORMAL,ZERO,FALSE,LOW,ZERO,LOW,HIGH,FALSE,FALSE,HIGH,NORMAL,HIGH,FALSE,HIGH,ZERO,LOW,FALSE,NORMAL
TRUE,FALSE,NORMAL,FALSE,LOW,FALSE,HIGH,HIGH,NORMAL,NORMAL,NORMAL,ZERO,HIGH,HIGH,NORMAL,FALSE,NORMAL,NORMAL,NORMAL,NORMAL,LOW,FALSE,HIGH,HIGH,LOW,HIGH,FALSE,FALSE,HIGH,NORMAL,HIGH,FALSE,HIGH,HIGH,NORMAL,FALSE,NORMAL
FALSE,FALSE,NORMAL,FALSE,HIGH,FALSE,HIGH,NORMAL,NORMAL,LOW,NORMAL,LOW,HIGH,HIGH,NORMAL,FALSE,NORMAL,NORMAL,LOW,NORMAL,ZERO,FALSE,LOW,ZERO,LOW,HIGH,FALSE,FALSE,HIGH,NORMAL,LOW,FALSE,HIGH,ZERO,NORMAL,FALSE,NORMAL
FALSE,FALSE,LOW,FALSE,HIGH,FALSE,HIGH,NORMAL,LOW,LOW,NORMAL,LOW,HIGH,HIGH,NORMAL,FALSE,NORMAL,NORMAL,LOW,NORMAL,ZERO,FALSE,LOW,ZERO,ZERO,HIGH,FALSE,FALSE,HIGH,NORMAL,LOW,FALSE,HIGH,ZERO,NORMAL,FALSE,NORMAL
FALSE,FALSE,NORMAL,FALSE,HIGH,TRUE,HIGH,NORMAL,NORMAL,LOW,NORMAL,LOW,HIGH,LOW,NORMAL,FALSE,NORMAL,NORMAL,LOW,NORMAL,ZERO,FALSE,LOW,ZERO,LOW,NORMAL,FALSE,FALSE,NORMAL,NORMAL,LOW,FALSE,HIGH,ZERO,LOW,FALSE,NORMAL
FALSE,FALSE,NORMAL,FALSE,HIGH,TRUE,HIGH,LOW,NORMAL,HIGH,NORMAL,LOW,HIGH,HIGH,NORMAL,FALSE,NORMAL,NORMAL,NORMAL,NORMAL,ZERO,FALSE,LOW,ZERO,LOW,NORMAL,FALSE,FALSE,NORMAL,NORMAL,LOW,FALSE,HIGH,ZERO,NORMAL,FALSE,NORMAL
FALSE,FALSE,NORMAL,FALSE,HIGH,FALSE,HIGH,NORMAL,NORMAL,NORMAL,NORMAL,LOW,HIGH,HIGH,NORMAL,FALSE,NORMAL,NORMAL,NORMAL,NORMAL,ZERO,FALSE,LOW,ZERO,LOW,HIGH,FALSE,FALSE,HIGH,NORMAL,LOW,FALSE,HIGH,ZERO,NORMAL,FALSE,NORMAL
FALSE,TRUE,NORMAL,FALSE,HIGH,FALSE,HIGH,LOW,NORMAL,HIGH,NORMAL,LOW,HIGH,HIGH,NORMAL,FALSE,HIGH,NORMAL,HIGH,HIGH,ZERO,FALSE,LOW,ZERO,LOW,HIGH,FALSE,TRUE,HIGH,HIGH,LOW,FALSE,HIGH,ZERO,NORMAL,FALSE,NORMAL
FALSE,FALSE,NORMAL,FALSE,HIGH,FALSE,HIGH,LOW,NORMAL,HIGH,NORMAL,LOW,HIGH,HIGH,NORMAL,FALSE,NORMAL,NORMAL,NORMAL,HIGH,ZERO,FALSE,LOW,ZERO,LOW,HIGH,FALSE,FALSE,HIGH,NORMAL,LOW,FALSE,HIGH,ZERO,NORMAL,FALSE,NORMAL
FALSE,FALSE,NORMAL,TRUE,HIGH,FALSE,HIGH,NORMAL,NORMAL,LOW,NORMAL,LOW,HIGH,LOW,NORMAL,FALSE,LOW,NORMAL,LOW,LOW,ZERO,FALSE,LOW,ZERO,LOW,HIGH,TRUE,FALSE,HIGH,LOW,LOW,FALSE,HIGH,ZERO,LOW,FALSE,NORMAL
FALSE,FALSE,NORMAL,FALSE,HIGH,FALSE,HIGH,ZERO,NORMAL,HIGH,NORMAL,LOW,HIGH,HIGH,NORMAL,FALSE,NORMAL,NORMAL,HIGH,NORMAL,ZERO,FALSE,LOW,ZERO,LOW,HIGH,FALSE,FALSE,HIGH,NORMAL,LOW,FALSE,HIGH,ZERO,NORMAL,TRUE,NORMAL
FALSE,FALSE,NORMAL,FALSE,HIGH,FALSE,HIGH,LOW,NORMAL,HIGH,NORMAL,LOW,HIGH,HIGH,NORMAL,FALSE,NORMAL,NORMAL,NORMAL,NORMAL,ZERO,FALSE,LOW,ZERO,LOW,HIGH,FALSE,FALSE,HIGH,NORMAL,LOW,FALSE,HIGH,ZERO,NORMAL,FALSE,NORMAL
FALSE,FALSE,NORMAL,FALSE,HIGH,FALSE,LOW,HIGH,LOW,HIGH,NORMAL,LOW,NORMAL,HIGH,ONESIDED,FALSE,NORMAL,NORMAL,NORMAL,NORMAL,LOW,FALSE,LOW,LOW,NORMAL,LOW,FALSE,FALSE,LOW,NORMAL,LOW,FALSE,NORMAL,LOW,LOW,FALSE,HIGH
FALSE,FALSE,NORMAL,TRUE,HIGH,TRUE,NORMAL,HIGH,NORMAL,HIGH,NORMAL,LOW,HIGH,HIGH,NORMAL,TRUE,NORMAL,NORMAL,NORMAL,NORMAL,ZERO,FALSE,LOW,ZERO,LOW,NORMAL,FALSE,FALSE,HIGH,NORMAL,LOW,FALSE,HIGH,ZERO,NORMAL,FALSE,NORMAL
FALSE,FALSE,NORMAL,FALSE,HIGH,FALSE,HIGH,HIGH,NORMAL,LOW,NORMAL,LOW,HIGH,HIGH,NORMAL,FALSE,NORMAL,NORMAL,LOW,NORMAL,ZERO,FALSE,LOW,LOW,LOW,HIGH,FALSE,FALSE,HIGH,NORMAL,LOW,FALSE,HIGH,ZERO,NORMAL,FALSE,NORMAL
FALSE,TRUE,NORMAL,FALSE,HIGH,FALSE,HIGH,HIGH,NORMAL,LOW,NORMAL,LOW,HIGH,HIGH,NORMAL,FALSE,NORMAL,NORMAL,LOW,NORMAL,ZERO,FALSE,LOW,ZERO,LOW,HIGH,FALSE,FALSE,HIGH,NORMAL,LOW,FALSE,HIGH,ZERO,NORMAL,FALSE,NORMAL
FALSE,FALSE,NORMAL,FALSE,LOW,FALSE,HIGH,LOW,NORMAL,HIGH,NORMAL,LOW,NORMAL,HIGH,NORMAL,FALSE,HIGH,NORMAL,HIGH,HIGH,LOW,FALSE,HIGH,NORMAL,LOW,HIGH,FALSE,FALSE,HIGH,HIGH,HIGH,FALSE,HIGH,HIGH,NORMAL,TRUE,NORMAL
FALSE,FALSE,NORMAL,FALSE,HIGH,FALSE,HIGH,NORMAL,NORMAL,LOW,NORMAL,LOW,HIGH,LOW,NORMAL,FALSE,NORMAL,NORMAL,LOW,NORMAL,ZERO,FALSE,LOW,ZERO,LOW,HIGH,FALSE,FALSE,HIGH,NORMAL,LOW,FALSE,HIGH,ZERO,LOW,FALSE,NORMAL
FALSE,FALSE,NORMAL,FALSE,HIGH,FALSE,HIGH,NORMAL,NORMAL,LOW,NORMAL,LOW,HIGH,NORMAL,NORMAL,FALSE,HIGH,NORMAL,LOW,HIGH,ZERO,FALSE,LOW,ZERO,LOW,HIGH,FALSE,TRUE,HIGH,HIGH,LOW,FALSE,HIGH,ZERO,LOW,FALSE,NORMAL
FALSE,FALSE,NORMAL,FALSE,HIGH,FALSE,HIGH,NORMAL,NORMAL,LOW,NORMAL,LOW,HIGH,HIGH,NORMAL,FALSE,NORMAL,NORMAL,LOW,NORMAL,ZERO,FALSE,LOW,ZERO,LOW,HIGH,FALSE,FALSE,HIGH,NORMAL,LOW,FALSE,HIGH,ZERO,NORMAL,FALSE,NORMAL
FALSE,TRUE,LOW,FALSE,HIGH,FALSE,LOW,HIGH,NORMAL,LOW,NORMAL,LOW,HIGH,HIGH,NORMAL,FALSE,NORMAL,NORMAL,LOW,NORMAL,ZERO,FALSE,LOW,ZERO,LOW,HIGH,FALSE,FALSE,HIGH,NORMAL,LOW,FALSE,HIGH,ZERO,NORMAL,FALSE,NORMAL
FALSE,FALSE,NORMAL,FALSE,LOW,FALSE,LOW,HIGH,NORMAL,LOW,LOW,ZERO,NORMAL,LOW,NORMAL,FALSE,NORMAL,LOW,HIGH,NORMAL,LOW,FALSE,HIGH,HIGH,LOW,LOW,FALSE,FALSE,LOW,NORMAL,HIGH,FALSE,NORMAL,HIGH,NORMAL,FALSE,NORMAL
FALSE,FALSE,NORMAL,FALSE,HIGH,FALSE,HIGH,HIGH,NORMAL,LOW,NORMAL,LOW,HIGH,HIGH,NORMAL,FALSE,NORMAL,NORMAL,LOW,NORMAL,ZERO,FALSE,LOW,ZERO,ZERO,HIGH,FALSE,FALSE,HIGH,NORMAL,LOW,FALSE,HIGH,ZERO,NORMAL,FALSE,NORMAL
FALSE,FALSE,NORMAL,FALSE,HIGH,FALSE,HIGH,HIGH,NORMAL,HIGH,NORMAL,LOW,HIGH,HIGH,NORMAL,FALSE,NORMAL,NORMAL,HIGH,NORMAL,ZERO,FALSE,LOW,ZERO,LOW,HIGH,FALSE,FALSE,HIGH,NORMAL,LOW,FALSE,HIGH,ZERO,NORMAL,FALSE,NORMAL
FALSE,FALSE,NORMAL,FALSE,HIGH,FALSE,HIGH,HIGH,NORMAL,HIGH,NORMAL,LOW,HIGH,HIGH,NORMAL,FALSE,NORMAL,NORMAL,NORMAL,NORMAL,ZERO,FALSE,LOW,ZERO,LOW,HIGH,FALSE,FALSE,HIGH,NORMAL,LOW,FALSE,HIGH,ZERO,NORMAL,FALSE,NORMAL
FALSE,FALSE,NORMAL,FALSE,HIGH,FALSE,HIGH,NORMAL,NORMAL,HIGH,NORMAL,LOW,HIGH,HIGH,NORMAL,FALSE,LOW,NORMAL,HIGH,NORMAL,ZERO,FALSE,LOW,ZERO,LOW,HIGH,FALSE,FALSE,HIGH,LOW,LOW,FALSE,HIGH,ZERO,NORMAL,FALSE,NORMAL
FALSE,FALSE,NORMAL,FALSE,HIGH,FALSE,HIGH,LOW,NORMAL,LOW,NORMAL,LOW,HIGH,HIGH,NORMAL,FALSE,NORMAL,NORMAL,LOW,NORMAL,ZERO,FALSE,LOW,ZERO,LOW,HIGH,FALSE,FALSE,HIGH,NORMAL,LOW,FALSE,HIGH,ZERO,NORMAL,FALSE,NORMAL
FALSE,TRUE,NORMAL,FALSE,LOW,TRUE,HIGH,HIGH,NORMAL,LOW,LOW,ZERO,HIGH,NORMAL,NORMAL,FALSE,HIGH,LOW,LOW,NORMAL,LOW,FALSE,HIGH,HIGH,LOW,NORMAL,FALSE,TRUE,NORMAL,HIGH,HIGH,FALSE,HIGH,HIGH,LOW,FALSE,NORMAL
FALSE,FALSE,NORMAL,FALSE,NORMAL,TRUE,HIGH,HIGH,NORMAL,LOW,NORMAL,LOW,HIGH,HIGH,NORMAL,FALSE,NORMAL,NORMAL,LOW,NORMAL,ZERO,FALSE,NORMAL,ZERO,LOW,NORMAL,FALSE,FALSE,NORMAL,NORMAL,NORMAL,FALSE,HIGH,NORMAL,NORMAL,FALSE,NORMAL
FALSE,FALSE,NORMAL,FALSE,HIGH,FALSE,NORMAL,NORMAL,NORMAL,HIGH,NORMAL,LOW,HIGH,HIGH,NORMAL,TRUE,NORMAL,NORMAL,NORMAL,NORMAL,ZERO,FALSE,LOW,ZERO,LOW,HIGH,FALSE,FALSE,HIGH,NORMAL,LOW,FALSE,HIGH,ZERO,NORMAL,FALSE,NORMAL
FALSE,FALSE,NORMAL,FALSE,LOW,FALSE,HIGH,HIGH,NORMAL,NORMAL,LOW,ZERO,HIGH,HIGH,NORMAL,FALSE,NORMAL,LOW,NORMAL,NORMAL,LOW,FALSE,HIGH,HIGH,LOW,HIGH,FALSE,FALSE,HIGH,NORMAL,HIGH,FALSE,HIGH,HIGH,NORMAL,FALSE,NORMAL
FALSE,TRUE,NORMAL,FALSE,LOW,FALSE,LOW,LOW,NORMAL,HIGH,HIGH,HIGH,NORMAL,NORMAL,NORMAL,FALSE,NORMAL,HIGH,HIGH,NORMAL,LOW,FALSE,HIGH,HIGH,LOW,LOW,FALSE,FALSE,LOW,NORMAL,HIGH,FALSE,NORMAL,HIGH,NORMAL,FALSE,NORMAL
FALSE,FALSE,NORMAL,FALSE,HIGH,FALSE,HIGH,LOW,NORMAL,HIGH,NORMAL,LOW,HIGH,HIGH,NORMAL,FALSE,NORMAL,NORMAL,HIGH,NORMAL,ZERO,FALSE,LOW,ZERO,LOW,HIGH,FALSE,FALSE,HIGH,NORMAL,LOW,FALSE,HIGH,ZERO,NORMAL,FALSE,NORMAL
FALSE,FALSE,NORMAL,FALSE,HIGH,TRUE,LOW,NORMAL,NORMAL,HIGH,NORMAL,LOW,HIGH,NORMAL,NORMAL,FALSE,NORMAL,NORMAL,HIGH,NORMAL,ZERO,FALSE,LOW,ZERO,LOW,HIGH,FALSE,FALSE,HIGH,NORMAL,LOW,FALSE,NORMAL,ZERO,NORMAL,FALSE,NORMAL
FALSE,FALSE,NORMAL,FALSE,HIGH,FALSE,HIGH,LOW,NORMAL,HIGH,NORMAL,LOW,HIGH,HIGH,NORMAL,FALSE,NORMAL,NORMAL,NORMAL,NORMAL,ZERO,FALSE,LOW,ZERO,LOW,HIGH,FALSE,FALSE,HIGH,NORMAL,LOW,FALSE,HIGH,ZERO,NORMAL,FALSE,NORMAL
FALSE,FALSE,NORMAL,FALSE,LOW,FALSE,LOW,NORMAL,LOW,HIGH,NORMAL,LOW,NORMAL,NORMAL,NORMAL,FALSE,NORMAL,NORMAL,HIGH,NORMAL,ZERO,FALSE,NORMAL,ZERO,ZERO,LOW,FALSE,FALSE,LOW,NORMAL,NORMAL,FALSE,NORMAL,HIGH,NORMAL,FALSE,NORMAL
FALSE,FALSE,NORMAL,FALSE,HIGH,FALSE,LOW,LOW,NORMAL,NORMAL,NORMAL,LOW,NORMAL,NORMAL,NORMAL,FALSE,NORMAL,NORMAL,HIGH,NORMAL,ZERO,FALSE,LOW,ZERO,LOW,LOW,FALSE,FALSE,LOW,NORMAL,NORMAL,FALSE,NORMAL,ZERO,NORMAL,FALSE,NORMAL
FALSE,FALSE,NORMAL,FALSE,NORMAL,FALSE,NORMAL,HIGH,NORMAL,NORMAL,ZERO,ZERO,NORMAL,LOW,NORMAL,TRUE,HIGH,NORMAL,HIGH,NORMAL,LOW,FALSE,HIGH,HIGH,ZERO,LOW,FALSE,TRUE,LOW,HIGH,HIGH,FALSE,NORMAL,HIGH,LOW,FALSE,NORMAL
FALSE,FALSE,NORMAL,FALSE,LOW,FALSE,LOW,HIGH,NORMAL,HIGH,LOW,ZERO,NORMAL,NORMAL,NORMAL,FALSE,NORMAL,NORMAL,HIGH,NORMAL,LOW,FALSE,HIGH,HIGH,LOW,LOW,FALSE,FALSE,LOW,NORMAL,HIGH,FALSE,NORMAL,HIGH,HIGH,FALSE,NORMAL
FALSE,FALSE,NORMAL,FALSE,NORMAL,FALSE,HIGH,ZERO,NORMAL,LOW,NORMAL,LOW,HIGH,HIGH,ONESIDED,FALSE,NORMAL,NORMAL,LOW,NORMAL,ZERO,FALSE,LOW,NORMAL,LOW,HIGH,FALSE,FALSE,HIGH,NORMAL,LOW,FALSE,HIGH,NORMAL,NORMAL,TRUE,HIGH
FALSE,FALSE,NORMAL,TRUE,HIGH,FALSE,LOW,HIGH,NORMAL,LOW,NORMAL,LOW,HIGH,LOW,NORMAL,FALSE,NORMAL,NORMAL,NORMAL,LOW,LOW,FALSE,LOW,HIGH,NORMAL,LOW,TRUE,FALSE,LOW,LOW,LOW,FALSE,NORMAL,ZERO,LOW,FALSE,NORMAL
TRUE,FALSE,NORMAL,FALSE,NORMAL,FALSE,HIGH,HIGH,NORMAL,LOW,NORMAL,ZERO,HIGH,LOW,NORMAL,FALSE,NORMAL,NORMAL,NORMAL,NORMAL,ZERO,FALSE,LOW,ZERO,LOW,HIGH,FALSE,FALSE,HIGH,NORMAL,LOW,FALSE,HIGH,NORMAL,LOW,FALSE,NORMAL
TRUE,FALSE,NORMAL,FALSE,LOW,FALSE,LOW,LOW,NORMAL,HIGH,NORMAL,ZERO,NORMAL,NORMAL,NORMAL,FALSE,NORMAL,NORMAL,HIGH,NORMAL,LOW,FALSE,HIGH,HIGH,LOW,LOW,FALSE,FALSE,LOW,NORMAL,HIGH,FALSE,NORMAL,HIGH,NORMAL,FALSE,NORMAL
FALSE,FALSE,NORMAL,FALSE,HIGH,FALSE,HIGH,NORMAL,NORMAL,HIGH,NORMAL,LOW,HIGH,HIGH,NORMAL,FALSE,NORMAL,NORMAL,HIGH,NORMAL,ZERO,FALSE,LOW,ZERO,LOW,HIGH,FALSE,FALSE,HIGH,NORMAL,LOW,FALSE,HIGH,ZERO,NORMAL,FALSE,NORMAL
FALSE,FALSE,NORMAL,TRUE,HIGH,FALSE,LOW,LOW,NORMAL,LOW,NORMAL,LOW,HIGH,LOW,NORMAL,FALSE,LOW,NORMAL,LOW,LOW,ZERO,FALSE,LOW,ZERO,LOW,LOW,TRUE,FALSE,LOW,LOW,LOW,FALSE,NORMAL,ZERO,LOW,FALSE,NORMAL
FALSE,FALSE,NORMAL,FALSE,HIGH,TRUE,LOW,HIGH,NORMAL,LOW,NORMAL,LOW,NORMAL,LOW,NORMAL,FALSE,HIGH,NORMAL,NORMAL,HIGH,ZERO,FALSE,LOW,ZERO,LOW,HIGH,FALSE,TRUE,HIGH,LOW,LOW,FALSE,NORMAL,ZERO,LOW,FALSE,NORMAL
FALSE,FALSE,NORMAL,FALSE,HIGH,FALSE,HIGH,HIGH,NORMAL,NORMAL,NORMAL,LOW,HIGH,HIGH,NORMAL,FALSE,NORMAL,NORMAL,LOW,NORMAL,ZERO,FALSE,LOW,ZERO,LOW,HIGH,FALSE,FALSE,HIGH,NORMAL,LOW,FALSE,HIGH,ZERO,NORMAL,FALSE,NORMAL
FALSE,FALSE,NORMAL,FALSE,NORMAL,FALSE,LOW,HIGH,NORMAL,NORMAL,NORMAL,LOW,HIGH,NORMAL,ONESIDED,FALSE,NORMAL,NORMAL,NORMAL,NORMAL,ZERO,FALSE,LOW,NORMAL,LOW,LOW,FALSE,FALSE,HIGH,NORMAL,LOW,FALSE,NORMAL,NORMAL,NORMAL,FALSE,HIGH
FALSE,FALSE,NORMAL,FALSE,HIGH,TRUE,HIGH,HIGH,NORMAL,HIGH,NORMAL,LOW,HIGH,HIGH,NORMAL,FALSE,NORMAL,NORMAL,HIGH,NORMAL,ZERO,FALSE,LOW,ZERO,LOW,NORMAL,FALSE,FALSE,NORMAL,NORMAL,LOW,FALSE,HIGH,ZERO,NORMAL,TRUE,NORMAL
FALSE,FALSE,NORMAL,TRUE,HIGH,FALSE,NORMAL,LOW,NORMAL,LOW,NORMAL,LOW,HIGH,LOW,NORMAL,FALSE,LOW,NORMAL,NORMAL,LOW,ZERO,FALSE,LOW,ZERO,LOW,HIGH,TRUE,FALSE,HIGH,LOW,LOW,FALSE,HIGH,ZERO,LOW,FALSE,NORMAL
FALSE,TRUE,NORMAL,TRUE,LOW,FALSE,HIGH,HIGH,NORMAL,NORMAL,LOW,ZERO,HIGH,NORMAL,NORMAL,FALSE,LOW,LOW,NORMAL,LOW,LOW,FALSE,HIGH,HIGH,LOW,HIGH,TRUE,FALSE,HIGH,LOW,HIGH,FALSE,HIGH,HIGH,LOW,FALSE,NORMAL
FALSE,FALSE,NORMAL,FALSE,LOW,FALSE,LOW,HIGH,NORMAL,LOW,ZERO,ZERO,NORMAL,LOW,NORMAL,FALSE,LOW,HIGH,HIGH,LOW,LOW,FALSE,HIGH,HIGH,LOW,LOW,TRUE,FALSE,HIGH,LOW,HIGH,FALSE,NORMAL,HIGH,LOW,FALSE,NORMAL
FALSE,FALSE,NORMAL,FALSE,HIGH,FALSE,HIGH,LOW,NORMAL,HIGH,NORMAL,LOW,HIGH,HIGH,NORMAL,FALSE,NORMAL,NORMAL,HIGH,NORMAL,ZERO,FALSE,LOW,ZERO,LOW,HIGH,FALSE,FALSE,HIGH,NORMAL,LOW,FALSE,HIGH,ZERO,NORMAL,FALSE,NORMAL
FALSE,TRUE,NORMAL,FALSE,LOW,FALSE,HIGH,LOW,NORMAL,NORMAL,NORMAL,HIGH,HIGH,NORMAL,NORMAL,FALSE,LOW,NORMAL,NORMAL,LOW,LOW,FALSE,HIGH,HIGH,LOW,HIGH,TRUE,FALSE,HIGH,LOW,HIGH,FALSE,HIGH,HIGH,LOW,FALSE,NORMAL
FALSE,FALSE,NORMAL,FALSE,HIGH,FALSE,NORMAL,HIGH,NORMAL,LOW,NORMAL,LOW,HIGH,LOW,ESOPHAGEAL,FALSE,NORMAL,NORMAL,NORMAL,NORMAL,ZERO,FALSE,LOW,LOW,LOW,HIGH,FALSE,FALSE,LOW,NORMAL,LOW,FALSE,LOW,LOW,NORMAL,FALSE,HIGH
FALSE,TRUE,NORMAL,FALSE,HIGH,FALSE,HIGH,ZERO,NORMAL,HIGH,NORMAL,NORMAL,HIGH,HIGH,ESOPHAGEAL,FALSE,NORMAL,NORMAL,HIGH,NORMAL,ZERO,FALSE,LOW,LOW,LOW,HIGH,FALSE,FALSE,HIGH,NORMAL,LOW,FALSE,HIGH,LOW,NORMAL,FALSE,NORMAL
FALSE,FALSE,NORMAL,TRUE,HIGH,FALSE,LOW,LOW,NORMAL,NORMAL,NORMAL,LOW,HIGH,LOW,NORMAL,FALSE,LOW,NORMAL,HIGH,LOW,ZERO,FALSE,LOW,ZERO,LOW,LOW,TRUE,FALSE,LOW,LOW,LOW,FALSE,NORMAL,ZERO,LOW,FALSE,NORMAL
FALSE,FALSE,NORMAL,FALSE,HIGH,FALSE,HIGH,NORMAL,NORMAL,HIGH,NORMAL,LOW,HIGH,HIGH,NORMAL,FALSE,NORMAL,NORMAL,HIGH,NORMAL,ZERO,FALSE,LOW,ZERO,LOW,HIGH,FALSE,FALSE,HIGH,NORMAL,LOW,FALSE,HIGH,ZERO,NORMAL,FALSE,NORMAL
FALSE,FALSE,NORMAL,FALSE,HIGH,FALSE,HIGH,LOW,NORMAL,LOW,NORMAL,LOW,HIGH,HIGH,NORMAL,FALSE,NORMAL,NORMAL,LOW,NORMAL,ZERO,FALSE,LOW,ZERO,LOW,HIGH,FALSE,FALSE,HIGH,NORMAL,LOW,FALSE,HIGH,ZERO,NORMAL,FALSE,NORMAL
FALSE,FALSE,NORMAL,FALSE,HIGH,FALSE,HIGH,HIGH,NORMAL,HIGH,NORMAL,LOW,HIGH,HIGH,NORMAL,FALSE,NORMAL,NORMAL,NORMAL,NORMAL,ZERO,FALSE,LOW,ZERO,LOW,HIGH,FALSE,FALSE,HIGH,NORMAL,LOW,FALSE,HIGH,ZERO,HIGH,FALSE,NORMAL
FALSE,FALSE,NORMAL,FALSE,HIGH,FALSE,HIGH,LOW,NORMAL,HIGH,NORMAL,LOW,HIGH,HIGH,NORMAL,FALSE,NORMAL,NORMAL,HIGH,NORMAL,ZERO,FALSE,LOW,ZERO,LOW,HIGH,FALSE,FALSE,HIGH,NORMAL,LOW,FALSE,HIGH,ZERO,NORMAL,FALSE,NORMAL
FALSE,FALSE,NORMAL,FALSE,HIGH,FALSE,HIGH,NORMAL,LOW,HIGH,NORMAL,LOW,HIGH,HIGH,NORMAL,FALSE,LOW,NORMAL,HIGH,NORMAL,ZERO,FALSE,LOW,ZERO,LOW,HIGH,FALSE,TRUE,HIGH,HIGH,LOW,FALSE,HIGH,ZERO,NORMAL,FALSE,NORMAL
FALSE,FALSE,NORMAL,FALSE,HIGH,FALSE,HIGH,NORMAL,NORMAL,LOW,NORMAL,LOW,HIGH,LOW,NORMAL,FALSE,NORMAL,NORMAL,NORMAL,NORMAL,ZERO,FALSE,LOW,ZERO,LOW,HIGH,FALSE,TRUE,HIGH,NORMAL,LOW,FALSE,HIGH,ZERO,LOW,FALSE,NORMAL
TRUE,FALSE,NORMAL,FALSE,LOW,FALSE,HIGH,HIGH,NORMAL,HIGH,NORMAL,ZERO,HIGH,HIGH,NORMAL,FALSE,NORMAL,NORMAL,NORMAL,NORMAL,LOW,FALSE,HIGH,HIGH,LOW,HIGH,FALSE,FALSE,HIGH,NORMAL,HIGH,FALSE,HIGH,HIGH,NORMAL,FALSE,NORMAL
FALSE,FALSE,NORMAL,TRUE,NORMAL,FALSE,HIGH,LOW,NORMAL,LOW,NORMAL,LOW,HIGH,LOW,NORMAL,FALSE,LOW,NORMAL,NORMAL,LOW,ZERO,FALSE,LOW,ZERO,LOW,HIGH,TRUE,FALSE,HIGH,LOW,LOW,FALSE,HIGH,NORMAL,LOW,FALSE,NORMAL
FALSE,TRUE,NORMAL,FALSE,HIGH,FALSE,LOW,NORMAL,NORMAL,LOW,NORMAL,LOW,HIGH,HIGH,NORMAL,FALSE,HIGH,NORMAL,LOW,HIGH,ZERO,FALSE,LOW,ZERO,LOW,HIGH,FALSE,TRUE,HIGH,HIGH,LOW,FALSE,HIGH,ZERO,NORMAL,FALSE,NORMAL
FALSE,FALSE,HIGH,FALSE,HIGH,FALSE,HIGH,LOW,NORMAL,LOW,NORMAL,LOW,HIGH,HIGH,NORMAL,FALSE,NORMAL,NORMAL,LOW,NORMAL,ZERO,FALSE,LOW,ZERO,LOW,HIGH,FALSE,FALSE,HIGH,NORMAL,LOW,FALSE,HIGH,ZERO,NORMAL,FALSE,NORMAL
FALSE,FALSE,NORMAL,FALSE,HIGH,FALSE,HIGH,HIGH,NORMAL,HIGH,NORMAL,LOW,HIGH,HIGH,NORMAL,FALSE,NORMAL,NORMAL,HIGH,NORMAL,ZERO,FALSE,LOW,ZERO,LOW,HIGH,FALSE,FALSE,HIGH,NORMAL,LOW,FALSE,HIGH,ZERO,NORMAL,FALSE,NORMAL
FALSE,FALSE,NORMAL,FALSE,HIGH,FALSE,HIGH,NORMAL,NORMAL,LOW,NORMAL,LOW,HIGH,HIGH,NORMAL,FALSE,NORMAL,NORMAL,LOW,NORMAL,ZERO,FALSE,NORMAL,ZERO,LOW,HIGH,FALSE,FALSE,HIGH,NORMAL,NORMAL,FALSE,HIGH,ZERO,NORMAL,FALSE,NORMAL
TRUE,FALSE,HIGH,FALSE,HIGH,FALSE,HIGH,HIGH,NORMAL,LOW,NORMAL,ZERO,HIGH,HIGH,NORMAL,FALSE,NORMAL,NORMAL,LOW,LOW,ZERO,FALSE,LOW,ZERO,LOW,HIGH,FALSE,FALSE,HIGH,NORMAL,LOW,FALSE,HIGH,ZERO,NORMAL,FALSE,NORMAL
FALSE,FALSE,NORMAL,FALSE,LOW,FALSE,HIGH,HIGH,NORMAL,HIGH,ZERO,ZERO,HIGH,HIGH,NORMAL,FALSE,NORMAL,NORMAL,NORMAL,NORMAL,LOW,FALSE,HIGH,HIGH,LOW,HIGH,FALSE,FALSE,HIGH,NORMAL,HIGH,FALSE,HIGH,HIGH,NORMAL,FALSE,NORMAL
FALSE,FALSE,HIGH,FALSE,HIGH,FALSE,HIGH,LOW,NORMAL,HIGH,NORMAL,LOW,HIGH,HIGH,NORMAL,FALSE,NORMAL,NORMAL,HIGH,HIGH,ZERO,FALSE,LOW,ZERO,LOW,HIGH,FALSE,FALSE,HIGH,NORMAL,LOW,FALSE,HIGH,ZERO,NORMAL,FALSE,NORMAL
FALSE,FALSE,NORMAL,FALSE,HIGH,FALSE,HIGH,LOW,NORMAL,LOW,NORMAL,LOW,HIGH,HIGH,NORMAL,FALSE,NORMAL,NORMAL,LOW,NORMAL,ZERO,FALSE,NORMAL,ZERO,LOW,HIGH,FALSE,TRUE,HIGH,NORMAL,NORMAL,FALSE,HIGH,ZERO,NORMAL,FALSE,NORMAL
FALSE,FALSE,NORMAL,FALSE,LOW,FALSE,NORMAL,LOW,NORMAL,LOW,HIGH,HIGH,HIGH,LOW,NORMAL,TRUE,HIGH,HIGH,NORMAL,HIGH,LOW,FALSE,HIGH,HIGH,LOW,HIGH,FALSE,TRUE,HIGH,HIGH,HIGH,FALSE,HIGH,HIGH,LOW,FALSE,NORMAL
FALSE,FALSE,LOW,FALSE,HIGH,FALSE,LOW,LOW,NORMAL,HIGH,NORMAL,LOW,NORMAL,NORMAL,NORMAL,FALSE,NORMAL,NORMAL,HIGH,NORMAL,ZERO,FALSE,LOW,ZERO,LOW,LOW,FALSE,FALSE,LOW,NORMAL,LOW,FALSE,NORMAL,ZERO,NORMAL,FALSE,NORMAL
FALSE,FALSE,NORMAL,FALSE,LOW,FALSE,HIGH,LOW,NORMAL,NORMAL,HIGH,HIGH,NORMAL,NORMAL,NORMAL,TRUE,HIGH,HIGH,HIGH,NORMAL,LOW,FALSE,HIGH,HIGH,LOW,LOW,FALSE,FALSE,LOW,NORMAL,HIGH,FALSE,NORMAL,HIGH,HIGH,FALSE,NORMAL
FALSE,FALSE,NORMAL,FALSE,HIGH,FALSE,HIGH,HIGH,NORMAL,HIGH,NORMAL,LOW,HIGH,HIGH,NORMAL,FALSE,NORMAL,NORMAL,NORMAL,NORMAL,ZERO,FALSE,LOW,ZERO,LOW,HIGH,FALSE,FALSE,HIGH,NORMAL,LOW,FALSE,HIGH,ZERO,NORMAL,FALSE,NORMAL
TRUE,FALSE,NORMAL,FALSE,LOW,FALSE,HIGH,HIGH,NORMAL,HIGH,NORMAL,ZERO,HIGH,HIGH,NORMAL,FALSE,NORMAL,NORMAL,NORMAL,NORMAL,LOW,FALSE,HIGH,HIGH,LOW,HIGH,FALSE,FALSE,HIGH,NORMAL,HIGH,FALSE,HIGH,HIGH,NORMAL,FALSE,NORMAL
FALSE,FALSE,NORMAL,FALSE,LOW,FALSE,LOW,LOW,NORMAL,NORMAL,HIGH,HIGH,HIGH,NORMAL,NORMAL,FALSE,NORMAL,HIGH,NORMAL,NORMAL,LOW,FALSE,HIGH,HIGH,LOW,LOW,FALSE,FALSE,LOW,NORMAL,HIGH,FALSE,NORMAL,HIGH,NORMAL,FALSE,NORMAL
FALSE,FALSE,HIGH,FALSE,HIGH,FALSE,HIGH,NORMAL,NORMAL,LOW,NORMAL,LOW,HIGH,HIGH,NORMAL,FALSE,LOW,NORMAL,LOW,NORMAL,ZERO,FALSE,LOW,ZERO,LOW,HIGH,FALSE,FALSE,HIGH,NORMAL,LOW,FALSE,HIGH,ZERO,NORMAL,FALSE,NORMAL
FALSE,FALSE,NORMAL,FALSE,LOW,FALSE,HIGH,LOW,NORMAL,LOW,NORMAL,HIGH,HIGH,LOW,NORMAL,FALSE,HIGH,NORMAL,NORMAL,HIGH,LOW,FALSE,HIGH,HIGH,LOW,HIGH,FALSE,TRUE,HIGH,HIGH,HIGH,FALSE,HIGH,HIGH,LOW,FALSE,NORMAL
FALSE,FALSE,NORMAL,FALSE,HIGH,FALSE,NORMAL,NORMAL,NORMAL,NORMAL,NORMAL,LOW,HIGH,LOW,NORMAL,TRUE,NORMAL,NORMAL,HIGH,HIGH,ZERO,FALSE,LOW,ZERO,LOW,HIGH,FALSE,TRUE,HIGH,HIGH,LOW,FALSE,HIGH,ZERO,LOW,FALSE,NORMAL
FALSE,FALSE,NORMAL,FALSE,NORMAL,FALSE,HIGH,HIGH,NORMAL,LOW,NORMAL,LOW,HIGH,HIGH,ONESIDED,FALSE,NORMAL,NORMAL,LOW,NORMAL,ZERO,FALSE,LOW,NORMAL,LOW,HIGH,FALSE,FALSE,HIGH,NORMAL,LOW,FALSE,HIGH,NORMAL,NORMAL,FALSE,HIGH
FALSE,FALSE,NORMAL,FALSE,LOW,FALSE,LOW,HIGH,NORMAL,NORMAL,NORMAL,LOW,NORMAL,LOW,NORMAL,FALSE,NORMAL,NORMAL,HIGH,HIGH,LOW,FALSE,HIGH,HIGH,LOW,LOW,FALSE,TRUE,LOW,HIGH,HIGH,FALSE,NORMAL,HIGH,LOW,FALSE,NORMAL
TRUE,FALSE,NORMAL,FALSE,LOW,FALSE,HIGH,HIGH,NORMAL,LOW,NORMAL,ZERO,HIGH,HIGH,NORMAL,FALSE,HIGH,NORMAL,LOW,HIGH,LOW,FALSE,HIGH,HIGH,LOW,HIGH,FALSE,TRUE,HIGH,HIGH,LOW,FALSE,HIGH,HIGH,NORMAL,FALSE,HIGH
FALSE,FALSE,NORMAL,FALSE,HIGH,FALSE,HIGH,HIGH,NORMAL,LOW,NORMAL,LOW,HIGH,HIGH,NORMAL,FALSE,NORMAL,NORMAL,LOW,NORMAL,ZERO,FALSE,LOW,ZERO,LOW,HIGH,FALSE,FALSE,HIGH,NORMAL,LOW,FALSE,HIGH,ZERO,HIGH,FALSE,NORMAL
TRUE,FALSE,NORMAL,FALSE,LOW,FALSE,HIGH,HIGH,NORMAL,HIGH,NORMAL,ZERO,HIGH,HIGH,NORMAL,FALSE,NORMAL,NORMAL,NORMAL,NORMAL,LOW,FALSE,HIGH,HIGH,LOW,HIGH,FALSE,TRUE,HIGH,HIGH,HIGH,FALSE,HIGH,HIGH,NORMAL,FALSE,NORMAL
FALSE,FALSE,NORMAL,FALSE,HIGH,TRUE,HIGH,LOW,NORMAL,HIGH,NORMAL,LOW,HIGH,HIGH,NORMAL,FALSE,NORMAL,NORMAL,NORMAL,NORMAL,ZERO,FALSE,LOW,ZERO,LOW,NORMAL,FALSE,FALSE,NORMAL,NORMAL,LOW,FALSE,HIGH,ZERO,NORMAL,FALSE,NORMAL
FALSE,FALSE,NORMAL,FALSE,HIGH,FALSE,HIGH,HIGH,NORMAL,LOW,LOW,ZERO,HIGH,HIGH,NORMAL,FALSE,NORMAL,NORMAL,LOW,NORMAL,ZERO,FALSE,LOW,ZERO,LOW,HIGH,FALSE,FALSE,HIGH,NORMAL,LOW,FALSE,HIGH,ZERO,HIGH,FALSE,NORMAL
FALSE,FALSE,NORMAL,FALSE,HIGH,FALSE,LOW,LOW,NORMAL,NORMAL,NORMAL,LOW,HIGH,NORMAL,NORMAL,FALSE,NORMAL,NORMAL,NORMAL,NORMAL,ZERO,FALSE,LOW,ZERO,LOW,LOW,FALSE,FALSE,LOW,NORMAL,LOW,FALSE,NORMAL,ZERO,NORMAL,FALSE,NORMAL
FALSE,FALSE,NORMAL,FALSE,HIGH,FALSE,HIGH,HIGH,NORMAL,LOW,NORMAL,LOW,HIGH,HIGH,ESOPHAGEAL,FALSE,NORMAL,NORMAL,LOW,NORMAL,LOW,FALSE,LOW,ZERO,NORMAL,HIGH,FALSE,FALSE,HIGH,NORMAL,LOW,FALSE,HIGH,ZERO,NORMAL,FALSE,NORMAL
FALSE,FALSE,NORMAL,FALSE,HIGH,FALSE,HIGH,NORMAL,NORMAL,HIGH,NORMAL,LOW,HIGH,HIGH,NORMAL,FALSE,LOW,NORMAL,NORMAL,LOW,ZERO,FALSE,LOW,ZERO,LOW,LOW,FALSE,FALSE,HIGH,LOW,LOW,FALSE,HIGH,ZERO,NORMAL,FALSE,NORMAL
TRUE,FALSE,NORMAL,FALSE,HIGH,FALSE,HIGH,HIGH,NORMAL,HIGH,NORMAL,ZERO,HIGH,HIGH,NORMAL,FALSE,NORMAL,NORMAL,NORMAL,NORMAL,ZERO,FALSE,LOW,ZERO,LOW,HIGH,FALSE,FALSE,HIGH,NORMAL,LOW,FALSE,HIGH,ZERO,HIGH,FALSE,NORMAL
FALSE,FALSE,NORMAL,FALSE,HIGH,FALSE,LOW,LOW,NORMAL,NORMAL,NORMAL,LOW,NORMAL,NORMAL,NORMAL,FALSE,NORMAL,NORMAL,HIGH,NORMAL,ZERO,FALSE,LOW,ZERO,LOW,LOW,FALSE,FALSE,LOW,NORMAL,LOW,FALSE,NORMAL,ZERO,NORMAL,FALSE,HIGH
FALSE,FALSE,HIGH,FALSE,LOW,FALSE,LOW,HIGH,NORMAL,NORMAL,LOW,ZERO,NORMAL,NORMAL,NORMAL,FALSE,LOW,LOW,NORMAL,LOW,LOW,FALSE,HIGH,HIGH,LOW,LOW,FALSE,FALSE,LOW,LOW,HIGH,FALSE,NORMAL,HIGH,NORMAL,FALSE,NORMAL
FALSE,FALSE,NORMAL,FALSE,HIGH,FALSE,HIGH,HIGH,NORMAL,HIGH,NORMAL,LOW,HIGH,HIGH,NORMAL,FALSE,NORMAL,NORMAL,NORMAL,NORMAL,ZERO,FALSE,LOW,ZERO,LOW,HIGH,FALSE,FALSE,HIGH,NORMAL,LOW,FALSE,HIGH,ZERO,NORMAL,FALSE,NORMAL
TRUE,FALSE,NORMAL,FALSE,HIGH,FALSE,HIGH,HIGH,NORMAL,LOW,NORMAL,ZERO,HIGH,HIGH,NORMAL,FALSE,NORMAL,NORMAL,LOW,NORMAL,ZERO,FALSE,LOW,ZERO,LOW,HIGH,FALSE,FALSE,HIGH,NORMAL,LOW,FALSE,HIGH,ZERO,NORMAL,FALSE,NORMAL
FALSE,FALSE,NORMAL,FALSE,HIGH,FALSE,HIGH,HIGH,NORMAL,HIGH,NORMAL,LOW,HIGH,HIGH,NORMAL,FALSE,NORMAL,NORMAL,HIGH,NORMAL,ZERO,FALSE,LOW,ZERO,LOW,HIGH,FALSE,FALSE,HIGH,NORMAL,LOW,FALSE,HIGH,ZERO,NORMAL,FALSE,NORMAL
TRUE,FALSE,NORMAL,TRUE,HIGH,FALSE,HIGH,HIGH,NORMAL,NORMAL,NORMAL,ZERO,HIGH,NORMAL,NORMAL,FALSE,LOW,NORMAL,NORMAL,LOW,ZERO,FALSE,LOW,ZERO,LOW,HIGH,TRUE,FALSE,HIGH,LOW,LOW,FALSE,HIGH,ZERO,LOW,FALSE,NORMAL
FALSE,FALSE,NORMAL,FALSE,HIGH,FALSE,HIGH,LOW,NORMAL,HIGH,NORMAL,LOW,HIGH,HIGH,NORMAL,FALSE,NORMAL,NORMAL,HIGH,NORMAL,ZERO,FALSE,LOW,ZERO,LOW,HIGH,FALSE,FALSE,HIGH,NORMAL,LOW,FALSE,HIGH,ZERO,NORMAL,FALSE,NORMAL
FALSE,FALSE,NORMAL,TRUE,NORMAL,FALSE,HIGH,HIGH,NORMAL,HIGH,NORMAL,LOW,HIGH,HIGH,NORMAL,FALSE,NORMAL,NORMAL,NORMAL,NORMAL,ZERO,FALSE,LOW,ZERO,LOW,HIGH,FALSE,FALSE,HIGH,NORMAL,LOW,FALSE,HIGH,NORMAL,NORMAL,FALSE,NORMAL
FALSE,FALSE,NORMAL,FALSE,HIGH,FALSE,HIGH,NORMAL,NORMAL,NORMAL,NORMAL,LOW,HIGH,HIGH,NORMAL,FALSE,NORMAL,NORMAL,HIGH,NORMAL,ZERO,FALSE,LOW,ZERO,LOW,HIGH,FALSE,FALSE,HIGH,NORMAL,LOW,FALSE,HIGH,ZERO,NORMAL,FALSE,NORMAL
FALSE,FALSE,NORMAL,FALSE,HIGH,FALSE,HIGH,LOW,NORMAL,NORMAL,NORMAL,LOW,HIGH,HIGH,NORMAL,FALSE,NORMAL,NORMAL,NORMAL,NORMAL,ZERO,FALSE,LOW,ZERO,LOW,HIGH,FALSE,FALSE,HIGH,NORMAL,LOW,FALSE,HIGH,ZERO,NORMAL,FALSE,NORMAL
FALSE,FALSE,NORMAL,FALSE,LOW,FALSE,HIGH,HIGH,NORMAL,LOW,LOW,ZERO,HIGH,HIGH,NORMAL,FALSE,NORMAL,NORMAL,LOW,NORMAL,LOW,FALSE,HIGH,HIGH,LOW,HIGH,FALSE,TRUE,HIGH,HIGH,HIGH,FALSE,HIGH,HIGH,NORMAL,FALSE,NORMAL
FALSE,FALSE,NORMAL,FALSE,HIGH,FALSE,HIGH,LOW,NORMAL,LOW,NORMAL,LOW,HIGH,HIGH,NORMAL,FALSE,NORMAL,NORMAL,LOW,NORMAL,ZERO,FALSE,LOW,ZERO,LOW,HIGH,FALSE,FALSE,HIGH,NORMAL,LOW,FALSE,HIGH,ZERO,NORMAL,FALSE,NORMAL
FALSE,FALSE,NORMAL,FALSE,LOW,FALSE,HIGH,LOW,NORMAL,LOW,NORMAL,LOW,HIGH,HIGH,NORMAL,FALSE,NORMAL,NORMAL,LOW,NORMAL,ZERO,TRUE,HIGH,ZERO,ZERO,HIGH,FALSE,FALSE,NORMAL,NORMAL,HIGH,FALSE,HIGH,HIGH,NORMAL,FALSE,NORMAL
FALSE,TRUE,NORMAL,FALSE,HIGH,FALSE,HIGH,HIGH,NORMAL,HIGH,NORMAL,NORMAL,HIGH,HIGH,NORMAL,FALSE,NORMAL,NORMAL,NORMAL,NORMAL,HIGH,FALSE,NORMAL,LOW,HIGH,HIGH,FALSE,FALSE,HIGH,NORMAL,NORMAL,FALSE,HIGH,LOW,NORMAL,FALSE,NORMAL
FALSE,TRUE,NORMAL,FALSE,HIGH,FALSE,HIGH,HIGH,NORMAL,HIGH,NORMAL,LOW,HIGH,HIGH,NORMAL,FALSE,NORMAL,NORMAL,NORMAL,NORMAL,ZERO,FALSE,LOW,ZERO,LOW,HIGH,FALSE,FALSE,HIGH,NORMAL,HIGH,FALSE,HIGH,ZERO,HIGH,FALSE,NORMAL
FALSE,TRUE,NORMAL,FALSE,HIGH,FALSE,HIGH,LOW,NORMAL,LOW,NORMAL,LOW,HIGH,HIGH,NORMAL,FALSE,NORMAL,NORMAL,LOW,NORMAL,ZERO,FALSE,LOW,ZERO,LOW,HIGH,FALSE,FALSE,HIGH,NORMAL,LOW,FALSE,HIGH,ZERO,NORMAL,FALSE,NORMAL
FALSE,TRUE,HIGH,FALSE,HIGH,FALSE,HIGH,LOW,NORMAL,LOW,NORMAL,LOW,HIGH,HIGH,NORMAL,FALSE,NORMAL,NORMAL,LOW,NORMAL,ZERO,TRUE,LOW,ZERO,LOW,HIGH,FALSE,FALSE,LOW,NORMAL,LOW,FALSE,HIGH,ZERO,NORMAL,FALSE,NORMAL
FALSE,FALSE,NORMAL,FALSE,HIGH,FALSE,HIGH,HIGH,NORMAL,LOW,NORMAL,LOW,HIGH,HIGH,NORMAL,FALSE,NORMAL,NORMAL,NORMAL,NORMAL,ZERO,FALSE,LOW,ZERO,LOW,HIGH,FALSE,FALSE,HIGH,NORMAL,LOW,FALSE,HIGH,ZERO,NORMAL,FALSE,NORMAL
FALSE,TRUE,NORMAL,FALSE,LOW,FALSE,HIGH,HIGH,NORMAL,LOW,LOW,ZERO,HIGH,HIGH,NORMAL,FALSE,NORMAL,LOW,LOW,NORMAL,LOW,FALSE,HIGH,HIGH,LOW,HIGH,FALSE,FALSE,HIGH,NORMAL,HIGH,FALSE,HIGH,HIGH,NORMAL,FALSE,NORMAL
FALSE,FALSE,NORMAL,FALSE,HIGH,FALSE,HIGH,NORMAL,NORMAL,LOW,NORMAL,LOW,HIGH,LOW,NORMAL,FALSE,NORMAL,NORMAL,NORMAL,NORMAL,ZERO,FALSE,LOW,ZERO,LOW,HIGH,FALSE,FALSE,HIGH,NORMAL,LOW,FALSE,HIGH,ZERO,LOW,FALSE,NORMAL
FALSE,FALSE,NORMAL,FALSE,HIGH,FALSE,HIGH,HIGH,NORMAL,HIGH,NORMAL,LOW,HIGH,HIGH,NORMAL,FALSE,HIGH,NORMAL,HIGH,HIGH,ZERO,FALSE,LOW,ZERO,LOW,NORMAL,FALSE,TRUE,HIGH,HIGH,LOW,FALSE,HIGH,ZERO,NORMAL,FALSE,NORMAL
FALSE,FALSE,NORMAL,FALSE,HIGH,FALSE,HIGH,NORMAL,NORMAL,HIGH,NORMAL,LOW,HIGH,HIGH,NORMAL,FALSE,NORMAL,NORMAL,HIGH,NORMAL,ZERO,FALSE,LOW,ZERO,LOW,HIGH,FALSE,FALSE,HIGH,NORMAL,LOW,FALSE,HIGH,ZERO,NORMAL,FALSE,NORMAL
FALSE,TRUE,NORMAL,FALSE,HIGH,FALSE,LOW,NORMAL,NORMAL,NORMAL,NORMAL,LOW,HIGH,NORMAL,NORMAL,FALSE,NORMAL,NORMAL,NORMAL,LOW,ZERO,FALSE,LOW,ZERO,LOW,LOW,FALSE,FALSE,LOW,NORMAL,LOW,FALSE,NORMAL,ZERO,NORMAL,FALSE,NORMAL
FALSE,FALSE,NORMAL,FALSE,NORMAL,FALSE,HIGH,LOW,NORMAL,LOW,HIGH,HIGH,HIGH,HIGH,NORMAL,FALSE,HIGH,HIGH,LOW,HIGH,LOW,FALSE,HIGH,HIGH,ZERO,HIGH,FALSE,FALSE,HIGH,HIGH,HIGH,FALSE,HIGH,HIGH,NORMAL,FALSE,NORMAL
FALSE,FALSE,NORMAL,FALSE,LOW,FALSE,HIGH,LOW,NORMAL,LOW,NORMAL,LOW,HIGH,LOW,NORMAL,FALSE,NORMAL,NORMAL,LOW,NORMAL,LOW,FALSE,HIGH,HIGH,LOW,HIGH,FALSE,FALSE,HIGH,NORMAL,HIGH,FALSE,HIGH,HIGH,LOW,FALSE,NORMAL
FALSE,FALSE,NORMAL,FALSE,LOW,FALSE,HIGH,HIGH,NORMAL,NORMAL,NORMAL,LOW,HIGH,NORMAL,NORMAL,FALSE,LOW,NORMAL,NORMAL,LOW,LOW,FALSE,HIGH,HIGH,LOW,HIGH,FALSE,FALSE,HIGH,NORMAL,HIGH,FALSE,HIGH,HIGH,NORMAL,FALSE,NORMAL
FALSE,FALSE,LOW,FALSE,HIGH,FALSE,HIGH,NORMAL,NORMAL,HIGH,NORMAL,LOW,HIGH,HIGH,NORMAL,FALSE,NORMAL,NORMAL,NORMAL,NORMAL,ZERO,FALSE,LOW,ZERO,LOW,HIGH,FALSE,FALSE,HIGH,NORMAL,LOW,FALSE,HIGH,ZERO,NORMAL,FALSE,NORMAL
FALSE,FALSE,LOW,FALSE,HIGH,FALSE,HIGH,HIGH,NORMAL,LOW,NORMAL,LOW,HIGH,HIGH,NORMAL,FALSE,NORMAL,NORMAL,LOW,NORMAL,ZERO,FALSE,LOW,ZERO,LOW,HIGH,FALSE,FALSE,HIGH,NORMAL,LOW,FALSE,HIGH,ZERO,NORMAL,FALSE,NORMAL
FALSE,FALSE,NORMAL,FALSE,NORMAL,FALSE,HIGH,HIGH,NORMAL,HIGH,NORMAL,ZERO,HIGH,HIGH,NORMAL,FALSE,NORMAL,NORMAL,NORMAL,NORMAL,LOW,FALSE,HIGH,HIGH,ZERO,HIGH,FALSE,FALSE,HIGH,NORMAL,HIGH,FALSE,HIGH,HIGH,NORMAL,FALSE,NORMAL
FALSE,FALSE,NORMAL,TRUE,NORMAL,FALSE,LOW,HIGH,NORMAL,NORMAL,ZERO,ZERO,NORMAL,LOW,NORMAL,FALSE,LOW,NORMAL,HIGH,LOW,LOW,FALSE,HIGH,HIGH,ZERO,LOW,TRUE,FALSE,LOW,LOW,HIGH,FALSE,NORMAL,HIGH,LOW,FALSE,NORMAL
FALSE,FALSE,NORMAL,FALSE,LOW,FALSE,HIGH,HIGH,NORMAL,HIGH,LOW,ZERO,HIGH,HIGH,NORMAL,FALSE,NORMAL,LOW,NORMAL,NORMAL,LOW,FALSE,HIGH,HIGH,LOW,HIGH,FALSE,FALSE,HIGH,NORMAL,HIGH,FALSE,HIGH,HIGH,NORMAL,FALSE,NORMAL
FALSE,TRUE,NORMAL,FALSE,HIGH,TRUE,HIGH,HIGH,NORMAL,NORMAL,NORMAL,NORMAL,HIGH,LOW,NORMAL,FALSE,HIGH,NORMAL,HIGH,HIGH,HIGH,FALSE,LOW,LOW,HIGH,NORMAL,FALSE,TRUE,NORMAL,HIGH,LOW,FALSE,HIGH,LOW,LOW,FALSE,NORMAL
FALSE,FALSE,NORMAL,FALSE,HIGH,FALSE,LOW,HIGH,NORMAL,HIGH,NORMAL,NORMAL,NORMAL,NORMAL,NORMAL,FALSE,HIGH,NORMAL,HIGH,HIGH,HIGH,FALSE,LOW,LOW,HIGH,LOW,FALSE,TRUE,LOW,HIGH,LOW,FALSE,NORMAL,LOW,NORMAL,FALSE,NORMAL
FALSE,FALSE,NORMAL,FALSE,HIGH,FALSE,HIGH,LOW,NORMAL,HIGH,NORMAL,LOW,HIGH,HIGH,NORMAL,FALSE,NORMAL,NORMAL,HIGH,LOW,ZERO,FALSE,LOW,ZERO,LOW,HIGH,FALSE,FALSE,HIGH,NORMAL,LOW,FALSE,HIGH,ZERO,NORMAL,FALSE,NORMAL
FALSE,FALSE,NORMAL,FALSE,HIGH,FALSE,HIGH,ZERO,NORMAL,LOW,NORMAL,LOW,HIGH,HIGH,NORMAL,FALSE,NORMAL,NORMAL,LOW,NORMAL,ZERO,FALSE,LOW,ZERO,LOW,HIGH,FALSE,FALSE,HIGH,NORMAL,LOW,FALSE,HIGH,ZERO,NORMAL,TRUE,NORMAL
FALSE,FALSE,NORMAL,FALSE,LOW,FALSE,NORMAL,HIGH,NORMAL,HIGH,LOW,ZERO,HIGH,HIGH,NORMAL,TRUE,NORMAL,LOW,NORMAL,NORMAL,LOW,FALSE,HIGH,ZERO,LOW,LOW,FALSE,FALSE,HIGH,NORMAL,HIGH,FALSE,HIGH,HIGH,NORMAL,FALSE,NORMAL
FALSE,FALSE,NORMAL,FALSE,HIGH,FALSE,HIGH,HIGH,LOW,LOW,NORMAL,LOW,HIGH,NORMAL,NORMAL,FALSE,NORMAL,NORMAL,LOW,NORMAL,ZERO,FALSE,LOW,ZERO,LOW,LOW,FALSE,FALSE,LOW,NORMAL,LOW,FALSE,NORMAL,ZERO,NORMAL,FALSE,NORMAL
FALSE,FALSE,NORMAL,FALSE,LOW,FALSE,HIGH,LOW,NORMAL,HIGH,HIGH,HIGH,HIGH,HIGH,NORMAL,FALSE,NORMAL,HIGH,NORMAL,NORMAL,LOW,FALSE,HIGH,HIGH,LOW,HIGH,FALSE,FALSE,HIGH,NORMAL,HIGH,FALSE,HIGH,HIGH,NORMAL,FALSE,NORMAL
TRUE,TRUE,NORMAL,FALSE,LOW,FALSE,LOW,HIGH,NORMAL,HIGH,NORMAL,ZERO,NORMAL,NORMAL,NORMAL,TRUE,NORMAL,NORMAL,HIGH,NORMAL,LOW,FALSE,HIGH,HIGH,LOW,LOW,FALSE,FALSE,LOW,NORMAL,HIGH,FALSE,NORMAL,HIGH,NORMAL,FALSE,NORMAL
FALSE,FALSE,NORMAL,FALSE,HIGH,FALSE,LOW,HIGH,NORMAL,NORMAL,NORMAL,LOW,HIGH,NORMAL,ONESIDED,FALSE,NORMAL,NORMAL,NORMAL,NORMAL,LOW,FALSE,LOW,ZERO,NORMAL,LOW,FALSE,FALSE,LOW,NORMAL,LOW,FALSE,NORMAL,LOW,NORMAL,FALSE,HIGH
FALSE,FALSE,NORMAL,FALSE,HIGH,FALSE,HIGH,HIGH,NORMAL,LOW,NORMAL,LOW,HIGH,HIGH,ONESIDED,FALSE,NORMAL,NORMAL,LOW,NORMAL,LOW,FALSE,LOW,LOW,NORMAL,HIGH,FALSE,FALSE,HIGH,NORMAL,LOW,FALSE,HIGH,LOW,NORMAL,FALSE,NORMAL
FALSE,FALSE,HIGH,FALSE,HIGH,FALSE,HIGH,HIGH,NORMAL,HIGH,NORMAL,LOW,HIGH,HIGH,NORMAL,FALSE,NORMAL,NORMAL,NORMAL,NORMAL,ZERO,FALSE,NORMAL,ZERO,LOW,HIGH,FALSE,FALSE,HIGH,NORMAL,NORMAL,FALSE,HIGH,ZERO,NORMAL,FALSE,NORMAL
FALSE,FALSE,NORMAL,FALSE,HIGH,FALSE,LOW,NORMAL,NORMAL,HIGH,NORMAL,LOW,HIGH,LOW,NORMAL,FALSE,NORMAL,NORMAL,HIGH,NORMAL,ZERO,FALSE,LOW,ZERO,LOW,LOW,FALSE,FALSE,LOW,NORMAL,LOW,FALSE,NORMAL,ZERO,NORMAL,FALSE,NORMAL
FALSE,FALSE,NORMAL,FALSE,LOW,FALSE,HIGH,HIGH,NORMAL,HIGH,LOW,ZERO,HIGH,HIGH,NORMAL,FALSE,NORMAL,LOW,NORMAL,NORMAL,LOW,FALSE,HIGH,HIGH,LOW,HIGH,FALSE,FALSE,HIGH,NORMAL,HIGH,FALSE,HIGH,HIGH,NORMAL,FALSE,NORMAL
FALSE,FALSE,NORMAL,TRUE,HIGH,FALSE,HIGH,HIGH,NORMAL,LOW,NORMAL,LOW,HIGH,LOW,NORMAL,FALSE,LOW,NORMAL,NORMAL,LOW,ZERO,FALSE,LOW,ZERO,LOW,HIGH,TRUE,TRUE,HIGH,LOW,LOW,FALSE,HIGH,ZERO,LOW,FALSE,NORMAL
FALSE,FALSE,LOW,TRUE,HIGH,FALSE,HIGH,HIGH,LOW,LOW,NORMAL,LOW,HIGH,LOW,ONESIDED,FALSE,LOW,NORMAL,LOW,LOW,LOW,FALSE,LOW,LOW,NORMAL,HIGH,TRUE,FALSE,HIGH,LOW,LOW,FALSE,HIGH,LOW,LOW,FALSE,NORMAL
FALSE,TRUE,NORMAL,FALSE,NORMAL,FALSE,HIGH,LOW,NORMAL,LOW,NORMAL,LOW,HIGH,HIGH,NORMAL,FALSE,NORMAL,NORMAL,LOW,NORMAL,NORMAL,FALSE,LOW,LOW,NORMAL,HIGH,FALSE,FALSE,HIGH,NORMAL,LOW,FALSE,HIGH,NORMAL,NORMAL,FALSE,NORMAL
FALSE,FALSE,NORMAL,FALSE,HIGH,FALSE,HIGH,LOW,NORMAL,NORMAL,NORMAL,LOW,HIGH,HIGH,NORMAL,FALSE,HIGH,NORMAL,NORMAL,NORMAL,ZERO,FALSE,LOW,ZERO,LOW,HIGH,FALSE,FALSE,HIGH,NORMAL,LOW,FALSE,HIGH,ZERO,NORMAL,FALSE,NORMAL
FALSE,FALSE,NORMAL,FALSE,HIGH,FALSE,HIGH,HIGH,NORMAL,LOW,NORMAL,LOW,HIGH,HIGH,NORMAL,FALSE,NORMAL,NORMAL,LOW,NORMAL,ZERO,FALSE,LOW,ZERO,LOW,HIGH,FALSE,FALSE,HIGH,NORMAL,LOW,FALSE,HIGH,NORMAL,NORMAL,FALSE,NORMAL
FALSE,FALSE,NORMAL,FALSE,HIGH,FALSE,HIGH,NORMAL,NORMAL,NORMAL,NORMAL,LOW,HIGH,HIGH,NORMAL,FALSE,NORMAL,NORMAL,LOW,NORMAL,ZERO,FALSE,LOW,ZERO,LOW,HIGH,FALSE,FALSE,HIGH,NORMAL,LOW,FALSE,HIGH,ZERO,NORMAL,FALSE,NORMAL
FALSE,FALSE,NORMAL,FALSE,HIGH,FALSE,HIGH,HIGH,NORMAL,LOW,NORMAL,LOW,HIGH,HIGH,NORMAL,FALSE,LOW,NORMAL,LOW,NORMAL,LOW,FALSE,LOW,HIGH,NORMAL,HIGH,FALSE,FALSE,HIGH,NORMAL,LOW,FALSE,HIGH,LOW,NORMAL,FALSE,NORMAL
FALSE,FALSE,HIGH,FALSE,HIGH,FALSE,HIGH,LOW,NORMAL,HIGH,NORMAL,LOW,HIGH,HIGH,NORMAL,FALSE,NORMAL,NORMAL,NORMAL,NORMAL,ZERO,FALSE,LOW,ZERO,LOW,HIGH,FALSE,FALSE,HIGH,NORMAL,LOW,FALSE,HIGH,ZERO,NORMAL,FALSE,NORMAL
FALSE,FALSE,NORMAL,FALSE,LOW,FALSE,HIGH,HIGH,NORMAL,NORMAL,ZERO,ZERO,HIGH,LOW,NORMAL,FALSE,NORMAL,NORMAL,HIGH,NORMAL,LOW,FALSE,HIGH,HIGH,LOW,HIGH,FALSE,FALSE,HIGH,NORMAL,HIGH,FALSE,HIGH,HIGH,LOW,FALSE,NORMAL
FALSE,FALSE,LOW,FALSE,HIGH,TRUE,LOW,NORMAL,NORMAL,HIGH,NORMAL,LOW,HIGH,NORMAL,NORMAL,FALSE,NORMAL,NORMAL,HIGH,NORMAL,ZERO,FALSE,LOW,ZERO,LOW,NORMAL,FALSE,FALSE,NORMAL,NORMAL,LOW,FALSE,NORMAL,ZERO,NORMAL,FALSE,NORMAL
FALSE,FALSE,NORMAL,FALSE,HIGH,FALSE,LOW,LOW,NORMAL,NORMAL,NORMAL,LOW,HIGH,NORMAL,NORMAL,FALSE,NORMAL,NORMAL,NORMAL,NORMAL,ZERO,FALSE,LOW,ZERO,LOW,LOW,FALSE,FALSE,LOW,NORMAL,LOW,FALSE,NORMAL,ZERO,NORMAL,FALSE,NORMAL
FALSE,FALSE,NORMAL,FALSE,HIGH,FALSE,HIGH,LOW,NORMAL,LOW,NORMAL,LOW,HIGH,HIGH,NORMAL,FALSE,NORMAL,NORMAL,LOW,NORMAL,ZERO,FALSE,LOW,NORMAL,LOW,HIGH,FALSE,FALSE,HIGH,NORMAL,LOW,FALSE,HIGH,ZERO,NORMAL,FALSE,NORMAL
FALSE,FALSE,NORMAL,FALSE,HIGH,FALSE,HIGH,HIGH,NORMAL,HIGH,NORMAL,LOW,HIGH,HIGH,NORMAL,FALSE,HIGH,NORMAL,NORMAL,HIGH,ZERO,FALSE,NORMAL,ZERO,LOW,LOW,FALSE,TRUE,HIGH,HIGH,NORMAL,FALSE,HIGH,ZERO,NORMAL,FALSE,NORMAL
FALSE,FALSE,NORMAL,FALSE,HIGH,FALSE,LOW,HIGH,NORMAL,NORMAL,NORMAL,LOW,HIGH,LOW,ONESIDED,FALSE,HIGH,NORMAL,HIGH,HIGH,LOW,FALSE,LOW,LOW,NORMAL,LOW,FALSE,TRUE,LOW,HIGH,LOW,FALSE,NORMAL,LOW,LOW,FALSE,HIGH
FALSE,FALSE,NORMAL,FALSE,HIGH,FALSE,HIGH,HIGH,NORMAL,LOW,NORMAL,LOW,HIGH,HIGH,NORMAL,FALSE,NORMAL,NORMAL,LOW,NORMAL,ZERO,FALSE,LOW,ZERO,LOW,HIGH,FALSE,FALSE,HIGH,NORMAL,LOW,FALSE,HIGH,ZERO,NORMAL,FALSE,NORMAL
FALSE,FALSE,LOW,TRUE,HIGH,FALSE,HIGH,LOW,NORMAL,LOW,NORMAL,LOW,HIGH,LOW,NORMAL,FALSE,LOW,NORMAL,NORMAL,LOW,ZERO,FALSE,LOW,ZERO,LOW,HIGH,TRUE,FALSE,HIGH,LOW,LOW,FALSE,HIGH,ZERO,LOW,FALSE,NORMAL
FALSE,FALSE,NORMAL,FALSE,HIGH,FALSE,HIGH,ZERO,NORMAL,HIGH,NORMAL,LOW,HIGH,HIGH,NORMAL,FALSE,HIGH,NORMAL,HIGH,HIGH,ZERO,FALSE,LOW,ZERO,LOW,HIGH,FALSE,TRUE,HIGH,HIGH,LOW,FALSE,HIGH,ZERO,NORMAL,FALSE,NORMAL
TRUE,FALSE,NORMAL,TRUE,LOW,FALSE,LOW,LOW,NORMAL,HIGH,NORMAL,LOW,NORMAL,NORMAL,NORMAL,FALSE,NORMAL,NORMAL,HIGH,NORMAL,ZERO,FALSE,HIGH,ZERO,ZERO,LOW,FALSE,FALSE,LOW,NORMAL,HIGH,FALSE,NORMAL,HIGH,NORMAL,FALSE,NORMAL
FALSE,FALSE,NORMAL,FALSE,HIGH,FALSE,HIGH,LOW,NORMAL,HIGH,NORMAL,LOW,HIGH,HIGH,NORMAL,FALSE,NORMAL,NORMAL,NORMAL,NORMAL,ZERO,FALSE,LOW,NORMAL,LOW,HIGH,FALSE,FALSE,HIGH,NORMAL,LOW,FALSE,HIGH,ZERO,NORMAL,FALSE,NORMAL
FALSE,TRUE,NORMAL,FALSE,HIGH,TRUE,HIGH,NORMAL,NORMAL,NORMAL,NORMAL,LOW,HIGH,HIGH,NORMAL,FALSE,NORMAL,NORMAL,HIGH,NORMAL,ZERO,FALSE,LOW,ZERO,LOW,NORMAL,FALSE,FALSE,NORMAL,NORMAL,LOW,FALSE,HIGH,ZERO,NORMAL,FALSE,NORMAL
FALSE,FALSE,NORMAL,FALSE,HIGH,FALSE,HIGH,LOW,NORMAL,HIGH,NORMAL,LOW,HIGH,HIGH,NORMAL,FALSE,NORMAL,NORMAL,NORMAL,NORMAL,ZERO,FALSE,LOW,ZERO,LOW,HIGH,FALSE,FALSE,HIGH,NORMAL,NORMAL,FALSE,HIGH,ZERO,NORMAL,FALSE,NORMAL
FALSE,TRUE,NORMAL,FALSE,LOW,FALSE,LOW,HIGH,NORMAL,HIGH,LOW,ZERO,NORMAL,NORMAL,NORMAL,FALSE,NORMAL,LOW,HIGH,NORMAL,LOW,FALSE,LOW,HIGH,LOW,LOW,FALSE,FALSE,LOW,NORMAL,LOW,FALSE,NORMAL,HIGH,NORMAL,FALSE,NORMAL
FALSE,TRUE,NORMAL,FALSE,NORMAL,FALSE,LOW,NORMAL,NORMAL,LOW,NORMAL,LOW,HIGH,NORMAL,NORMAL,FALSE,HIGH,NORMAL,LOW,HIGH,NORMAL,FALSE,LOW,LOW,NORMAL,LOW,FALSE,FALSE,LOW,HIGH,LOW,FALSE,NORMAL,NORMAL,NORMAL,FALSE,NORMAL
FALSE,FALSE,NORMAL,FALSE,HIGH,FALSE,LOW,HIGH,NORMAL,LOW,NORMAL,LOW,HIGH,NORMAL,NORMAL,FALSE,NORMAL,NORMAL,LOW,NORMAL,ZERO,FALSE,LOW,ZERO,LOW,LOW,FALSE,FALSE,LOW,NORMAL,LOW,FALSE,NORMAL,ZERO,NORMAL,TRUE,NORMAL
FALSE,FALSE,NORMAL,FALSE,HIGH,FALSE,HIGH,HIGH,NORMAL,NORMAL,NORMAL,LOW,HIGH,NORMAL,NORMAL,FALSE,NORMAL,NORMAL,NORMAL,HIGH,ZERO,FALSE,LOW,ZERO,LOW,HIGH,FALSE,FALSE,HIGH,NORMAL,LOW,FALSE,HIGH,ZERO,NORMAL,FALSE,NORMAL
FALSE,FALSE,NORMAL,FALSE,HIGH,FALSE,HIGH,LOW,NORMAL,LOW,NORMAL,LOW,HIGH,HIGH,NORMAL,FALSE,NORMAL,NORMAL,LOW,NORMAL,ZERO,FALSE,LOW,ZERO,LOW,HIGH,FALSE,FALSE,HIGH,NORMAL,LOW,FALSE,HIGH,ZERO,NORMAL,FALSE,NORMAL
FALSE,FALSE,NORMAL,FALSE,LOW,FALSE,HIGH,HIGH,NORMAL,HIGH,ZERO,ZERO,HIGH,HIGH,NORMAL,FALSE,NORMAL,NORMAL,NORMAL,NORMAL,LOW,FALSE,HIGH,HIGH,LOW,HIGH,FALSE,FALSE,HIGH,NORMAL,HIGH,FALSE,HIGH,HIGH,NORMAL,FALSE,NORMAL
FALSE,FALSE,NORMAL,FALSE,LOW,FALSE,LOW,HIGH,NORMAL,HIGH,LOW,ZERO,NORMAL,NORMAL,NORMAL,FALSE,NORMAL,LOW,HIGH,NORMAL,LOW,FALSE,HIGH,NORMAL,LOW,LOW,FALSE,FALSE,LOW,NORMAL,HIGH,FALSE,NORMAL,HIGH,NORMAL,FALSE,NORMAL
FALSE,FALSE,NORMAL,FALSE,HIGH,FALSE,HIGH,LOW,NORMAL,HIGH,NORMAL,LOW,HIGH,HIGH,NORMAL,FALSE,NORMAL,NORMAL,NORMAL,NORMAL,ZERO,FALSE,LOW,ZERO,LOW,HIGH,FALSE,FALSE,HIGH,NORMAL,LOW,FALSE,HIGH,ZERO,NORMAL,FALSE,NORMAL
FALSE,TRUE,NORMAL,FALSE,HIGH,FALSE,HIGH,HIGH,NORMAL,NORMAL,NORMAL,LOW,HIGH,HIGH,NORMAL,FALSE,NORMAL,NORMAL,HIGH,NORMAL,ZERO,FALSE,LOW,ZERO,LOW,HIGH,FALSE,FALSE,HIGH,NORMAL,LOW,FALSE,HIGH,ZERO,NORMAL,FALSE,NORMAL
FALSE,FALSE,NORMAL,FALSE,HIGH,FALSE,HIGH,HIGH,NORMAL,HIGH,NORMAL,LOW,HIGH,HIGH,NORMAL,FALSE,NORMAL,NORMAL,HIGH,NORMAL,ZERO,FALSE,LOW,ZERO,LOW,HIGH,FALSE,FALSE,HIGH,NORMAL,LOW,FALSE,HIGH,ZERO,NORMAL,FALSE,NORMAL
FALSE,FALSE,NORMAL,FALSE,HIGH,FALSE,HIGH,HIGH,NORMAL,LOW,LOW,ZERO,HIGH,NORMAL,NORMAL,FALSE,NORMAL,LOW,LOW,NORMAL,ZERO,FALSE,LOW,ZERO,LOW,HIGH,FALSE,FALSE,HIGH,NORMAL,LOW,FALSE,HIGH,ZERO,NORMAL,FALSE,NORMAL
TRUE,TRUE,NORMAL,FALSE,LOW,FALSE,LOW,HIGH,NORMAL,NORMAL,NORMAL,ZERO,NORMAL,NORMAL,NORMAL,FALSE,NORMAL,NORMAL,HIGH,NORMAL,LOW,FALSE,HIGH,HIGH,LOW,LOW,FALSE,FALSE,LOW,NORMAL,HIGH,FALSE,NORMAL,HIGH,NORMAL,FALSE,NORMAL
FALSE,FALSE,NORMAL,FALSE,HIGH,FALSE,LOW,HIGH,NORMAL,LOW,NORMAL,LOW,HIGH,NORMAL,NORMAL,FALSE,NORMAL,NORMAL,LOW,NORMAL,ZERO,TRUE,NORMAL,ZERO,LOW,LOW,FALSE,FALSE,LOW,NORMAL,NORMAL,FALSE,NORMAL,ZERO,NORMAL,FALSE,NORMAL
FALSE,FALSE,NORMAL,FALSE,HIGH,FALSE,HIGH,NORMAL,LOW,LOW,NORMAL,LOW,HIGH,HIGH,NORMAL,FALSE,NORMAL,NORMAL,NORMAL,NORMAL,ZERO,FALSE,LOW,ZERO,LOW,HIGH,FALSE,FALSE,HIGH,NORMAL,LOW,FALSE,HIGH,ZERO,NORMAL,FALSE,NORMAL
FALSE,FALSE,NORMAL,FALSE,HIGH,FALSE,HIGH,LOW,NORMAL,HIGH,NORMAL,LOW,HIGH,HIGH,NORMAL,FALSE,NORMAL,NORMAL,NORMAL,NORMAL,ZERO,FALSE,LOW,ZERO,LOW,HIGH,FALSE,FALSE,HIGH,NORMAL,LOW,FALSE,HIGH,ZERO,NORMAL,TRUE,NORMAL
FALSE,FALSE,NORMAL,FALSE,HIGH,FALSE,HIGH,HIGH,NORMAL,HIGH,NORMAL,LOW,HIGH,HIGH,NORMAL,FALSE,NORMAL,NORMAL,NORMAL,NORMAL,ZERO,FALSE,LOW,ZERO,LOW,HIGH,FALSE,FALSE,HIGH,NORMAL,HIGH,FALSE,HIGH,ZERO,NORMAL,FALSE,NORMAL
FALSE,FALSE,NORMAL,FALSE,HIGH,FALSE,HIGH,HIGH,NORMAL,LOW,NORMAL,LOW,HIGH,LOW,NORMAL,FALSE,HIGH,NORMAL,LOW,HIGH,ZERO,FALSE,LOW,ZERO,LOW,HIGH,FALSE,TRUE,HIGH,HIGH,LOW,FALSE,HIGH,ZERO,LOW,FALSE,NORMAL
FALSE,FALSE,NORMAL,FALSE,HIGH,FALSE,HIGH,LOW,NORMAL,HIGH,NORMAL,LOW,HIGH,HIGH,NORMAL,FALSE,NORMAL,NORMAL,NORMAL,NORMAL,ZERO,FALSE,LOW,ZERO,LOW,HIGH,FALSE,FALSE,HIGH,NORMAL,LOW,FALSE,HIGH,ZERO,NORMAL,FALSE,NORMAL
FALSE,FALSE,NORMAL,FALSE,HIGH,FALSE,HIGH,HIGH,NORMAL,LOW,NORMAL,LOW,HIGH,LOW,NORMAL,FALSE,HIGH,NORMAL,NORMAL,HIGH,ZERO,FALSE,LOW,ZERO,LOW,HIGH,FALSE,FALSE,HIGH,HIGH,LOW,FALSE,HIGH,LOW,LOW,FALSE,NORMAL
FALSE,FALSE,NORMAL,FALSE,HIGH,FALSE,HIGH,HIGH,NORMAL,HIGH,NORMAL,LOW,HIGH,HIGH,ONESIDED,FALSE,NORMAL,NORMAL,HIGH,NORMAL,LOW,FALSE,LOW,LOW,NORMAL,HIGH,FALSE,FALSE,HIGH,NORMAL,LOW,FALSE,HIGH,LOW,NORMAL,FALSE,HIGH
FALSE,FALSE,NORMAL,FALSE,HIGH,FALSE,HIGH,LOW,NORMAL,LOW,NORMAL,LOW,HIGH,NORMAL,NORMAL,FALSE,LOW,NORMAL,LOW,NORMAL,ZERO,FALSE,LOW,ZERO,LOW,HIGH,FALSE,FALSE,HIGH,NORMAL,LOW,FALSE,HIGH,ZERO,NORMAL,FALSE,NORMAL
FALSE,TRUE,NORMAL,FALSE,LOW,FALSE,HIGH,HIGH,NORMAL,HIGH,NORMAL,LOW,HIGH,HIGH,NORMAL,FALSE,NORMAL,NORMAL,NORMAL,NORMAL,ZERO,FALSE,HIGH,ZERO,ZERO,HIGH,FALSE,FALSE,HIGH,NORMAL,HIGH,FALSE,HIGH,HIGH,NORMAL,FALSE,NORMAL
FALSE,FALSE,NORMAL,FALSE,HIGH,FALSE,HIGH,HIGH,NORMAL,HIGH,NORMAL,LOW,HIGH,HIGH,NORMAL,FALSE,NORMAL,NORMAL,HIGH,NORMAL,ZERO,FALSE,LOW,ZERO,LOW,HIGH,FALSE,FALSE,HIGH,NORMAL,LOW,FALSE,HIGH,ZERO,NORMAL,FALSE,NORMAL
FALSE,FALSE,NORMAL,FALSE,NORMAL,FALSE,HIGH,LOW,NORMAL,HIGH,HIGH,HIGH,HIGH,HIGH,NORMAL,FALSE,NORMAL,HIGH,NORMAL,NORMAL,LOW,FALSE,HIGH,HIGH,ZERO,HIGH,FALSE,FALSE,HIGH,NORMAL,HIGH,FALSE,HIGH,HIGH,NORMAL,FALSE,NORMAL
FALSE,FALSE,NORMAL,FALSE,HIGH,FALSE,HIGH,HIGH,NORMAL,NORMAL,LOW,ZERO,HIGH,HIGH,NORMAL,FALSE,NORMAL,LOW,NORMAL,NORMAL,ZERO,FALSE,LOW,ZERO,LOW,HIGH,FALSE,FALSE,HIGH,NORMAL,LOW,FALSE,HIGH,ZERO,NORMAL,FALSE,NORMAL
FALSE,FALSE,NORMAL,FALSE,LOW,FALSE,LOW,HIGH,LOW,NORMAL,ZERO,ZERO,NORMAL,NORMAL,NORMAL,FALSE,NORMAL,LOW,HIGH,NORMAL,LOW,FALSE,NORMAL,HIGH,LOW,LOW,FALSE,FALSE,LOW,NORMAL,NORMAL,FALSE,NORMAL,HIGH,NORMAL,FALSE,NORMAL
FALSE,FALSE,NORMAL,FALSE,HIGH,TRUE,HIGH,NORMAL,NORMAL,LOW,NORMAL,LOW,HIGH,HIGH,ESOPHAGEAL,FALSE,NORMAL,NORMAL,LOW,NORMAL,ZERO,FALSE,LOW,LOW,LOW,NORMAL,FALSE,FALSE,NORMAL,NORMAL,LOW,FALSE,HIGH,LOW,NORMAL,FALSE,NORMAL
FALSE,FALSE,NORMAL,FALSE,HIGH,FALSE,HIGH,LOW,NORMAL,HIGH,NORMAL,LOW,HIGH,HIGH,NORMAL,FALSE,HIGH,NORMAL,NORMAL,HIGH,ZERO,FALSE,LOW,ZERO,LOW,HIGH,FALSE,TRUE,HIGH,HIGH,LOW,FALSE,HIGH,ZERO,NORMAL,FALSE,NORMAL
FALSE,FALSE,NORMAL,FALSE,LOW,FALSE,HIGH,LOW,NORMAL,LOW,HIGH,HIGH,HIGH,HIGH,NORMAL,FALSE,NORMAL,HIGH,LOW,NORMAL,LOW,FALSE,HIGH,ZERO,LOW,HIGH,FALSE,FALSE,HIGH,NORMAL,HIGH,FALSE,HIGH,HIGH,HIGH,FALSE,NORMAL
FALSE,FALSE,HIGH,FALSE,HIGH,FALSE,HIGH,HIGH,NORMAL,HIGH,NORMAL,LOW,HIGH,HIGH,NORMAL,FALSE,NORMAL,NORMAL,NORMAL,NORMAL,ZERO,FALSE,LOW,ZERO,LOW,HIGH,FALSE,FALSE,HIGH,NORMAL,LOW,FALSE,HIGH,ZERO,NORMAL,FALSE,HIGH
FALSE,FALSE,NORMAL,FALSE,HIGH,FALSE,HIGH,NORMAL,NORMAL,LOW,NORMAL,LOW,HIGH,LOW,NORMAL,FALSE,NORMAL,NORMAL,NORMAL,NORMAL,ZERO,FALSE,LOW,ZERO,LOW,HIGH,FALSE,FALSE,HIGH,NORMAL,HIGH,FALSE,HIGH,ZERO,LOW,FALSE,HIGH
FALSE,FALSE,NORMAL,FALSE,HIGH,FALSE,HIGH,HIGH,NORMAL,LOW,NORMAL,NORMAL,HIGH,LOW,NORMAL,FALSE,HIGH,NORMAL,NORMAL,HIGH,HIGH,FALSE,LOW,LOW,HIGH,HIGH,FALSE,TRUE,HIGH,HIGH,LOW,FALSE,HIGH,LOW,LOW,FALSE,NORMAL
TRUE,FALSE,NORMAL,FALSE,NORMAL,FALSE,NORMAL,HIGH,NORMAL,HIGH,LOW,ZERO,HIGH,HIGH,NORMAL,FALSE,NORMAL,LOW,HIGH,NORMAL,NORMAL,FALSE,LOW,ZERO,NORMAL,HIGH,FALSE,TRUE,NORMAL,NORMAL,LOW,FALSE,HIGH,NORMAL,NORMAL,FALSE,NORMAL
FALSE,FALSE,NORMAL,FALSE,HIGH,FALSE,HIGH,HIGH,NORMAL,HIGH,NORMAL,LOW,HIGH,HIGH,NORMAL,FALSE,HIGH,NORMAL,NORMAL,NORMAL,ZERO,FALSE,LOW,ZERO,LOW,HIGH,FALSE,TRUE,HIGH,HIGH,LOW,FALSE,HIGH,ZERO,NORMAL,FALSE,NORMAL
FALSE,FALSE,NORMAL,FALSE,HIGH,FALSE,HIGH,HIGH,NORMAL,HIGH,NORMAL,LOW,HIGH,NORMAL,NORMAL,FALSE,NORMAL,NORMAL,HIGH,NORMAL,ZERO,FALSE,LOW,ZERO,LOW,HIGH,FALSE,FALSE,HIGH,NORMAL,LOW,FALSE,HIGH,ZERO,NORMAL,FALSE,NORMAL
FALSE,FALSE,NORMAL,FALSE,HIGH,FALSE,HIGH,HIGH,NORMAL,HIGH,NORMAL,LOW,HIGH,HIGH,NORMAL,FALSE,NORMAL,NORMAL,HIGH,NORMAL,ZERO,FALSE,LOW,ZERO,LOW,HIGH,FALSE,FALSE,HIGH,NORMAL,LOW,FALSE,HIGH,ZERO,NORMAL,TRUE,NORMAL
FALSE,FALSE,NORMAL,FALSE,LOW,FALSE,HIGH,LOW,NORMAL,LOW,HIGH,HIGH,NORMAL,LOW,NORMAL,FALSE,HIGH,HIGH,NORMAL,NORMAL,LOW,FALSE,HIGH,HIGH,LOW,HIGH,FALSE,TRUE,HIGH,HIGH,HIGH,FALSE,HIGH,HIGH,LOW,FALSE,NORMAL
FALSE,FALSE,NORMAL,FALSE,HIGH,FALSE,NORMAL,NORMAL,NORMAL,LOW,NORMAL,LOW,HIGH,LOW,NORMAL,FALSE,HIGH,NORMAL,HIGH,NORMAL,ZERO,FALSE,LOW,ZERO,LOW,HIGH,FALSE,TRUE,HIGH,HIGH,LOW,FALSE,HIGH,ZERO,LOW,FALSE,NORMAL
FALSE,FALSE,NORMAL,TRUE,LOW,FALSE,HIGH,LOW,NORMAL,LOW,HIGH,HIGH,HIGH,NORMAL,NORMAL,FALSE,LOW,HIGH,LOW,LOW,LOW,FALSE,HIGH,HIGH,LOW,HIGH,TRUE,FALSE,HIGH,LOW,HIGH,FALSE,HIGH,HIGH,LOW,FALSE,NORMAL
FALSE,FALSE,NORMAL,FALSE,HIGH,FALSE,HIGH,HIGH,NORMAL,LOW,NORMAL,LOW,HIGH,LOW,NORMAL,FALSE,HIGH,NORMAL,NORMAL,HIGH,ZERO,FALSE,LOW,ZERO,LOW,HIGH,FALSE,TRUE,HIGH,HIGH,LOW,FALSE,HIGH,ZERO,LOW,FALSE,NORMAL
TRUE,FALSE,NORMAL,FALSE,LOW,FALSE,HIGH,HIGH,NORMAL,LOW,NORMAL,ZERO,HIGH,LOW,NORMAL,FALSE,NORMAL,NORMAL,NORMAL,NORMAL,LOW,FALSE,HIGH,HIGH,LOW,HIGH,FALSE,FALSE,HIGH,NORMAL,HIGH,FALSE,HIGH,HIGH,LOW,FALSE,NORMAL
FALSE,FALSE,HIGH,FALSE,HIGH,FALSE,HIGH,HIGH,NORMAL,NORMAL,NORMAL,LOW,HIGH,NORMAL,NORMAL,FALSE,NORMAL,NORMAL,NORMAL,NORMAL,ZERO,FALSE,LOW,ZERO,LOW,HIGH,FALSE,FALSE,HIGH,NORMAL,LOW,FALSE,HIGH,ZERO,NORMAL,FALSE,NORMAL
FALSE,FALSE,NORMAL,FALSE,HIGH,FALSE,HIGH,HIGH,LOW,HIGH,NORMAL,LOW,HIGH,HIGH,NORMAL,FALSE,HIGH,NORMAL,HIGH,HIGH,ZERO,FALSE,LOW,ZERO,LOW,HIGH,FALSE,TRUE,HIGH,HIGH,LOW,FALSE,HIGH,ZERO,NORMAL,FALSE,NORMAL
FALSE,FALSE,HIGH,FALSE,HIGH,FALSE,LOW,NORMAL,NORMAL,NORMAL,NORMAL,LOW,HIGH,NORMAL,NORMAL,FALSE,NORMAL,NORMAL,NORMAL,NORMAL,ZERO,FALSE,LOW,ZERO,LOW,LOW,FALSE,FALSE,LOW,NORMAL,LOW,FALSE,NORMAL,ZERO,NORMAL,FALSE,NORMAL
FALSE,FALSE,LOW,FALSE,HIGH,FALSE,HIGH,HIGH,NORMAL,HIGH,NORMAL,LOW,HIGH,HIGH,NORMAL,FALSE,NORMAL,NORMAL,NORMAL,NORMAL,ZERO,FALSE,LOW,ZERO,LOW,LOW,FALSE,FALSE,HIGH,NORMAL,LOW,FALSE,HIGH,ZERO,NORMAL,FALSE,NORMAL
FALSE,FALSE,NORMAL,FALSE,HIGH,FALSE,HIGH,NORMAL,NORMAL,LOW,NORMAL,LOW,HIGH,LOW,NORMAL,FALSE,HIGH,NORMAL,NORMAL,HIGH,ZERO,FALSE,LOW,NORMAL,LOW,HIGH,FALSE,TRUE,HIGH,HIGH,LOW,FALSE,HIGH,ZERO,LOW,FALSE,NORMAL
FALSE,FALSE,HIGH,FALSE,HIGH,FALSE,HIGH,HIGH,NORMAL,HIGH,NORMAL,LOW,HIGH,HIGH,ESOPHAGEAL,FALSE,NORMAL,NORMAL,NORMAL,NORMAL,LOW,FALSE,LOW,ZERO,NORMAL,HIGH,FALSE,FALSE,HIGH,NORMAL,LOW,FALSE,HIGH,ZERO,NORMAL,FALSE,NORMAL
FALSE,FALSE,NORMAL,FALSE,HIGH,FALSE,HIGH,HIGH,NORMAL,LOW,NORMAL,LOW,HIGH,HIGH,NORMAL,FALSE,NORMAL,NORMAL,LOW,NORMAL,ZERO,FALSE,LOW,ZERO,LOW,HIGH,FALSE,FALSE,HIGH,NORMAL,LOW,FALSE,HIGH,ZERO,HIGH,FALSE,NORMAL
FALSE,FALSE,NORMAL,FALSE,HIGH,FALSE,HIGH,LOW,NORMAL,LOW,ZERO,HIGH,HIGH,NORMAL,NORMAL,FALSE,HIGH,NORMAL,LOW,HIGH,LOW,FALSE,LOW,HIGH,NORMAL,HIGH,FALSE,TRUE,HIGH,HIGH,LOW,FALSE,HIGH,LOW,LOW,FALSE,NORMAL
FALSE,FALSE,HIGH,FALSE,LOW,FALSE,HIGH,NORMAL,NORMAL,HIGH,NORMAL,LOW,HIGH,HIGH,NORMAL,FALSE,NORMAL,NORMAL,NORMAL,NORMAL,LOW,FALSE,HIGH,HIGH,LOW,HIGH,FALSE,FALSE,HIGH,NORMAL,HIGH,FALSE,HIGH,HIGH,NORMAL,FALSE,NORMAL
TRUE,FALSE,NORMAL,FALSE,LOW,FALSE,LOW,HIGH,NORMAL,HIGH,NORMAL,ZERO,NORMAL,NORMAL,NORMAL,FALSE,NORMAL,NORMAL,HIGH,NORMAL,LOW,FALSE,HIGH,HIGH,LOW,LOW,FALSE,FALSE,LOW,NORMAL,HIGH,FALSE,NORMAL,HIGH,NORMAL,FALSE,NORMAL
FALSE,FALSE,NORMAL,FALSE,HIGH,FALSE,LOW,LOW,NORMAL,NORMAL,NORMAL,LOW,HIGH,LOW,NORMAL,FALSE,HIGH,NORMAL,NORMAL,HIGH,ZERO,FALSE,LOW,ZERO,LOW,LOW,FALSE,TRUE,LOW,HIGH,LOW,FALSE,NORMAL,ZERO,LOW,FALSE,NORMAL
TRUE,FALSE,NORMAL,FALSE,LOW,FALSE,HIGH,HIGH,NORMAL,NORMAL,NORMAL,ZERO,HIGH,NORMAL,NORMAL,FALSE,NORMAL,NORMAL,NORMAL,NORMAL,LOW,FALSE,HIGH,HIGH,LOW,HIGH,FALSE,FALSE,HIGH,NORMAL,HIGH,FALSE,HIGH,HIGH,NORMAL,FALSE,NORMAL
FALSE,FALSE,NORMAL,FALSE,HIGH,FALSE,HIGH,LOW,NORMAL,HIGH,NORMAL,LOW,HIGH,HIGH,NORMAL,FALSE,HIGH,NORMAL,HIGH,HIGH,ZERO,FALSE,LOW,ZERO,LOW,HIGH,FALSE,TRUE,HIGH,HIGH,LOW,FALSE,HIGH,ZERO,NORMAL,FALSE,NORMAL
FALSE,FALSE,NORMAL,FALSE,HIGH,FALSE,HIGH,NORMAL,NORMAL,LOW,NORMAL,LOW,HIGH,HIGH,NORMAL,FALSE,NORMAL,NORMAL,LOW,NORMAL,ZERO,FALSE,LOW,ZERO,LOW,HIGH,FALSE,FALSE,HIGH,NORMAL,LOW,FALSE,HIGH,ZERO,NORMAL,FALSE,NORMAL
FALSE,FALSE,NORMAL,FALSE,LOW,TRUE,HIGH,NORMAL,NORMAL,LOW,NORMAL,LOW,HIGH,HIGH,NORMAL,FALSE,NORMAL,NORMAL,LOW,NORMAL,ZERO,FALSE,LOW,ZERO,ZERO,NORMAL,FALSE,FALSE,NORMAL,NORMAL,LOW,FALSE,HIGH,ZERO,NORMAL,FALSE,NORMAL
TRUE,FALSE,NORMAL,FALSE,HIGH,FALSE,HIGH,ZERO,NORMAL,HIGH,HIGH,NORMAL,HIGH,HIGH,NORMAL,FALSE,NORMAL,HIGH,HIGH,NORMAL,ZERO,FALSE,LOW,ZERO,LOW,HIGH,FALSE,FALSE,HIGH,NORMAL,LOW,FALSE,HIGH,ZERO,NORMAL,TRUE,NORMAL
FALSE,FALSE,NORMAL,FALSE,HIGH,FALSE,HIGH,NORMAL,NORMAL,LOW,NORMAL,LOW,HIGH,LOW,NORMAL,FALSE,NORMAL,NORMAL,LOW,NORMAL,ZERO,FALSE,LOW,ZERO,LOW,HIGH,FALSE,TRUE,HIGH,NORMAL,LOW,FALSE,HIGH,ZERO,LOW,FALSE,NORMAL
FALSE,FALSE,NORMAL,FALSE,HIGH,FALSE,HIGH,NORMAL,NORMAL,NORMAL,NORMAL,LOW,HIGH,HIGH,NORMAL,FALSE,NORMAL,NORMAL,HIGH,NORMAL,ZERO,FALSE,LOW,ZERO,LOW,HIGH,FALSE,FALSE,HIGH,NORMAL,LOW,FALSE,HIGH,ZERO,NORMAL,FALSE,NORMAL
FALSE,FALSE,NORMAL,FALSE,HIGH,FALSE,HIGH,LOW,NORMAL,LOW,NORMAL,LOW,HIGH,NORMAL,NORMAL,FALSE,HIGH,NORMAL,LOW,HIGH,ZERO,FALSE,LOW,ZERO,ZERO,HIGH,FALSE,TRUE,HIGH,HIGH,LOW,FALSE,HIGH,ZERO,NORMAL,FALSE,NORMAL
FALSE,FALSE,NORMAL,FALSE,HIGH,TRUE,HIGH,LOW,NORMAL,HIGH,NORMAL,LOW,HIGH,HIGH,NORMAL,FALSE,NORMAL,NORMAL,HIGH,LOW,ZERO,FALSE,LOW,ZERO,LOW,NORMAL,FALSE,FALSE,NORMAL,NORMAL,LOW,FALSE,HIGH,ZERO,NORMAL,FALSE,NORMAL
FALSE,FALSE,NORMAL,FALSE,HIGH,FALSE,NORMAL,NORMAL,NORMAL,LOW,NORMAL,LOW,HIGH,LOW,NORMAL,TRUE,HIGH,NORMAL,NORMAL,HIGH,ZERO,FALSE,LOW,ZERO,LOW,HIGH,FALSE,TRUE,HIGH,HIGH,LOW,FALSE,HIGH,ZERO,LOW,FALSE,NORMAL
FALSE,TRUE,NORMAL,FALSE,LOW,FALSE,LOW,HIGH,NORMAL,LOW,NORMAL,ZERO,NORMAL,NORMAL,NORMAL,FALSE,HIGH,NORMAL,LOW,HIGH,LOW,FALSE,HIGH,HIGH,LOW,LOW,FALSE,TRUE,LOW,HIGH,HIGH,FALSE,NORMAL,HIGH,NORMAL,FALSE,NORMAL
FALSE,FALSE,NORMAL,TRUE,HIGH,FALSE,HIGH,LOW,NORMAL,LOW,NORMAL,LOW,HIGH,LOW,NORMAL,FALSE,LOW,NORMAL,LOW,LOW,ZERO,FALSE,LOW,ZERO,LOW,HIGH,TRUE,FALSE,LOW,LOW,LOW,FALSE,HIGH,ZERO,LOW,FALSE,NORMAL
FALSE,FALSE,NORMAL,FALSE,HIGH,FALSE,LOW,HIGH,NORMAL,LOW,LOW,ZERO,HIGH,NORMAL,NORMAL,FALSE,NORMAL,LOW,LOW,NORMAL,ZERO,FALSE,LOW,ZERO,LOW,LOW,FALSE,FALSE,LOW,NORMAL,LOW,FALSE,NORMAL,ZERO,NORMAL,FALSE,NORMAL
FALSE,FALSE,NORMAL,FALSE,HIGH,FALSE,HIGH,LOW,NORMAL,HIGH,NORMAL,LOW,HIGH,HIGH,NORMAL,FALSE,NORMAL,NORMAL,NORMAL,NORMAL,ZERO,FALSE,LOW,ZERO,LOW,HIGH,FALSE,FALSE,HIGH,NORMAL,LOW,FALSE,HIGH,ZERO,NORMAL,FALSE,NORMAL
FALSE,FALSE,LOW,FALSE,LOW,FALSE,HIGH,LOW,NORMAL,HIGH,HIGH,HIGH,HIGH,HIGH,NORMAL,FALSE,NORMAL,HIGH,NORMAL,NORMAL,LOW,FALSE,HIGH,HIGH,LOW,HIGH,FALSE,FALSE,HIGH,NORMAL,LOW,FALSE,HIGH,HIGH,HIGH,FALSE,HIGH
FALSE,FALSE,LOW,FALSE,HIGH,FALSE,HIGH,LOW,NORMAL,LOW,NORMAL,LOW,HIGH,HIGH,NORMAL,FALSE,NORMAL,NORMAL,LOW,NORMAL,ZERO,FALSE,LOW,ZERO,LOW,HIGH,FALSE,FALSE,HIGH,NORMAL,LOW,FALSE,HIGH,ZERO,NORMAL,FALSE,NORMAL
FALSE,FALSE,NORMAL,FALSE,HIGH,FALSE,NORMAL,HIGH,NORMAL,LOW,NORMAL,LOW,HIGH,HIGH,NORMAL,FALSE,NORMAL,NORMAL,LOW,LOW,ZERO,TRUE,LOW,ZERO,LOW,HIGH,FALSE,FALSE,HIGH,NORMAL,LOW,FALSE,HIGH,ZERO,NORMAL,FALSE,NORMAL
FALSE,FALSE,NORMAL,FALSE,HIGH,FALSE,HIGH,NORMAL,NORMAL,NORMAL,NORMAL,LOW,HIGH,HIGH,NORMAL,FALSE,NORMAL,NORMAL,NORMAL,NORMAL,ZERO,FALSE,LOW,ZERO,LOW,HIGH,FALSE,FALSE,HIGH,NORMAL,LOW,FALSE,HIGH,ZERO,NORMAL,FALSE,HIGH
FALSE,FALSE,NORMAL,FALSE,HIGH,FALSE,HIGH,HIGH,NORMAL,LOW,NORMAL,ZERO,HIGH,LOW,NORMAL,FALSE,HIGH,NORMAL,NORMAL,HIGH,ZERO,FALSE,LOW,ZERO,LOW,HIGH,FALSE,TRUE,HIGH,HIGH,LOW,FALSE,HIGH,ZERO,LOW,FALSE,HIGH
FALSE,FALSE,NORMAL,FALSE,HIGH,FALSE,HIGH,LOW,NORMAL,HIGH,NORMAL,LOW,HIGH,HIGH,NORMAL,FALSE,NORMAL,NORMAL,NORMAL,NORMAL,ZERO,FALSE,LOW,ZERO,LOW,HIGH,FALSE,FALSE,HIGH,NORMAL,LOW,FALSE,HIGH,ZERO,NORMAL,FALSE,NORMAL
FALSE,FALSE,NORMAL,FALSE,HIGH,FALSE,HIGH,NORMAL,NORMAL,HIGH,NORMAL,LOW,HIGH,HIGH,NORMAL,FALSE,NORMAL,NORMAL,NORMAL,NORMAL,ZERO,FALSE,LOW,ZERO,LOW,HIGH,FALSE,FALSE,HIGH,NORMAL,LOW,FALSE,HIGH,ZERO,NORMAL,FALSE,NORMAL
FALSE,FALSE,NORMAL,FALSE,HIGH,FALSE,NORMAL,HIGH,NORMAL,HIGH,NORMAL,LOW,HIGH,HIGH,NORMAL,TRUE,HIGH,NORMAL,HIGH,NORMAL,ZERO,FALSE,LOW,ZERO,LOW,HIGH,FALSE,TRUE,HIGH,HIGH,LOW,FALSE,HIGH,ZERO,NORMAL,FALSE,NORMAL
FALSE,FALSE,NORMAL,FALSE,HIGH,FALSE,HIGH,HIGH,NORMAL,HIGH,NORMAL,LOW,HIGH,HIGH,NORMAL,FALSE,NORMAL,NORMAL,NORMAL,HIGH,ZERO,FALSE,LOW,ZERO,LOW,HIGH,FALSE,FALSE,HIGH,HIGH,LOW,FALSE,HIGH,ZERO,NORMAL,TRUE,NORMAL
FALSE,FALSE,NORMAL,FALSE,HIGH,FALSE,HIGH,HIGH,NORMAL,HIGH,NORMAL,LOW,HIGH,HIGH,NORMAL,FALSE,NORMAL,NORMAL,HIGH,NORMAL,ZERO,FALSE,LOW,ZERO,LOW,HIGH,FALSE,FALSE,HIGH,NORMAL,LOW,FALSE,HIGH,ZERO,NORMAL,FALSE,NORMAL
FALSE,FALSE,NORMAL,FALSE,HIGH,FALSE,HIGH,LOW,NORMAL,HIGH,NORMAL,LOW,HIGH,HIGH,NORMAL,FALSE,NORMAL,NORMAL,HIGH,NORMAL,ZERO,FALSE,LOW,NORMAL,LOW,HIGH,FALSE,FALSE,HIGH,NORMAL,LOW,FALSE,HIGH,ZERO,NORMAL,FALSE,NORMAL
TRUE,FALSE,NORMAL,FALSE,LOW,FALSE,LOW,HIGH,NORMAL,HIGH,NORMAL,ZERO,NORMAL,NORMAL,NORMAL,FALSE,NORMAL,NORMAL,HIGH,NORMAL,LOW,FALSE,HIGH,HIGH,LOW,LOW,FALSE,FALSE,LOW,NORMAL,HIGH,FALSE,NORMAL,HIGH,NORMAL,FALSE,NORMAL
FALSE,FALSE,NORMAL,FALSE,HIGH,FALSE,HIGH,HIGH,NORMAL,HIGH,NORMAL,LOW,HIGH,HIGH,NORMAL,FALSE,LOW,NORMAL,HIGH,NORMAL,ZERO,FALSE,LOW,ZERO,LOW,HIGH,FALSE,FALSE,HIGH,NORMAL,LOW,FALSE,HIGH,ZERO,NORMAL,FALSE,NORMAL
FALSE,FALSE,NORMAL,FALSE,LOW,FALSE,HIGH,HIGH,NORMAL,HIGH,ZERO,ZERO,HIGH,HIGH,NORMAL,FALSE,HIGH,NORMAL,NORMAL,HIGH,LOW,FALSE,HIGH,HIGH,LOW,HIGH,FALSE,TRUE,HIGH,HIGH,HIGH,FALSE,HIGH,HIGH,NORMAL,FALSE,NORMAL
FALSE,FALSE,NORMAL,FALSE,HIGH,TRUE,HIGH,LOW,NORMAL,HIGH,NORMAL,LOW,HIGH,HIGH,NORMAL,FALSE,NORMAL,NORMAL,HIGH,NORMAL,ZERO,FALSE,LOW,NORMAL,LOW,NORMAL,FALSE,FALSE,NORMAL,NORMAL,LOW,FALSE,HIGH,ZERO,NORMAL,FALSE,NORMAL
FALSE,FALSE,NORMAL,FALSE,HIGH,FALSE,HIGH,NORMAL,NORMAL,HIGH,NORMAL,LOW,HIGH,HIGH,NORMAL,FALSE,NORMAL,NORMAL,HIGH,NORMAL,ZERO,FALSE,LOW,ZERO,LOW,HIGH,FALSE,FALSE,HIGH,NORMAL,LOW,FALSE,HIGH,ZERO,NORMAL,FALSE,NORMAL
FALSE,FALSE,NORMAL,FALSE,HIGH,FALSE,HIGH,HIGH,NORMAL,LOW,NORMAL,LOW,HIGH,HIGH,NORMAL,FALSE,HIGH,NORMAL,LOW,HIGH,ZERO,FALSE,LOW,ZERO,LOW,HIGH,FALSE,TRUE,HIGH,HIGH,LOW,FALSE,HIGH,ZERO,NORMAL,FALSE,NORMAL
FALSE,FALSE,NORMAL,FALSE,HIGH,FALSE,NORMAL,NORMAL,NORMAL,LOW,NORMAL,LOW,HIGH,LOW,NORMAL,FALSE,NORMAL,NORMAL,NORMAL,NORMAL,ZERO,FALSE,LOW,ZERO,LOW,NORMAL,FALSE,FALSE,LOW,NORMAL,LOW,FALSE,LOW,ZERO,NORMAL,FALSE,NORMAL
FALSE,FALSE,NORMAL,FALSE,HIGH,FALSE,HIGH,HIGH,NORMAL,HIGH,ZERO,ZERO,HIGH,HIGH,NORMAL,FALSE,NORMAL,NORMAL,NORMAL,HIGH,ZERO,FALSE,LOW,ZERO,LOW,LOW,FALSE,FALSE,HIGH,HIGH,LOW,FALSE,HIGH,ZERO,NORMAL,FALSE,NORMAL
FALSE,FALSE,NORMAL,FALSE,HIGH,FALSE,HIGH,HIGH,NORMAL,LOW,NORMAL,LOW,HIGH,LOW,NORMAL,FALSE,NORMAL,NORMAL,LOW,NORMAL,HIGH,FALSE,LOW,LOW,HIGH,HIGH,FALSE,FALSE,HIGH,NORMAL,LOW,FALSE,HIGH,LOW,NORMAL,FALSE,NORMAL
FALSE,FALSE,NORMAL,FALSE,HIGH,FALSE,HIGH,NORMAL,NORMAL,HIGH,NORMAL,LOW,HIGH,HIGH,NORMAL,FALSE,NORMAL,NORMAL,NORMAL,NORMAL,ZERO,FALSE,LOW,ZERO,LOW,HIGH,FALSE,FALSE,HIGH,NORMAL,LOW,FALSE,HIGH,ZERO,NORMAL,FALSE,NORMAL
FALSE,FALSE,NORMAL,FALSE,HIGH,FALSE,HIGH,LOW,NORMAL,HIGH,NORMAL,LOW,HIGH,HIGH,NORMAL,TRUE,NORMAL,NORMAL,LOW,NORMAL,ZERO,FALSE,LOW,ZERO,LOW,HIGH,FALSE,FALSE,HIGH,NORMAL,LOW,FALSE,HIGH,ZERO,NORMAL,FALSE,NORMAL
FALSE,FALSE,NORMAL,FALSE,HIGH,FALSE,HIGH,HIGH,NORMAL,LOW,NORMAL,LOW,HIGH,NORMAL,NORMAL,FALSE,NORMAL,NORMAL,LOW,NORMAL,ZERO,FALSE,LOW,ZERO,LOW,HIGH,FALSE,FALSE,HIGH,NORMAL,LOW,FALSE,HIGH,ZERO,NORMAL,FALSE,NORMAL
FALSE,FALSE,NORMAL,TRUE,HIGH,TRUE,HIGH,NORMAL,NORMAL,LOW,NORMAL,LOW,HIGH,LOW,NORMAL,FALSE,LOW,NORMAL,NORMAL,LOW,ZERO,FALSE,LOW,ZERO,LOW,NORMAL,TRUE,FALSE,NORMAL,LOW,LOW,FALSE,HIGH,ZERO,LOW,FALSE,NORMAL
FALSE,FALSE,NORMAL,FALSE,HIGH,FALSE,HIGH,HIGH,NORMAL,NORMAL,NORMAL,NORMAL,HIGH,HIGH,NORMAL,FALSE,NORMAL,NORMAL,LOW,LOW,HIGH,FALSE,LOW,LOW,HIGH,HIGH,FALSE,FALSE,HIGH,NORMAL,LOW,FALSE,HIGH,LOW,NORMAL,FALSE,NORMAL
FALSE,FALSE,NORMAL,FALSE,HIGH,FALSE,HIGH,LOW,NORMAL,HIGH,NORMAL,LOW,HIGH,HIGH,NORMAL,FALSE,NORMAL,NORMAL,NORMAL,NORMAL,ZERO,FALSE,LOW,ZERO,LOW,HIGH,FALSE,FALSE,HIGH,NORMAL,LOW,FALSE,HIGH,ZERO,NORMAL,FALSE,NORMAL
FALSE,FALSE,NORMAL,FALSE,HIGH,FALSE,HIGH,NORMAL,NORMAL,LOW,NORMAL,LOW,HIGH,HIGH,NORMAL,FALSE,NORMAL,NORMAL,LOW,NORMAL,ZERO,FALSE,LOW,ZERO,LOW,HIGH,FALSE,FALSE,HIGH,NORMAL,LOW,FALSE,HIGH,ZERO,NORMAL,FALSE,NORMAL
FALSE,FALSE,NORMAL,FALSE,HIGH,FALSE,LOW,LOW,NORMAL,NORMAL,NORMAL,LOW,HIGH,NORMAL,NORMAL,FALSE,LOW,NORMAL,HIGH,NORMAL,ZERO,FALSE,LOW,ZERO,LOW,LOW,FALSE,FALSE,LOW,LOW,LOW,FALSE,NORMAL,ZERO,NORMAL,FALSE,NORMAL
TRUE,FALSE,NORMAL,FALSE,LOW,TRUE,LOW,HIGH,NORMAL,NORMAL,LOW,ZERO,NORMAL,NORMAL,NORMAL,FALSE,NORMAL,LOW,HIGH,NORMAL,LOW,FALSE,HIGH,HIGH,LOW,NORMAL,FALSE,FALSE,NORMAL,NORMAL,HIGH,FALSE,NORMAL,HIGH,NORMAL,FALSE,NORMAL
TRUE,FALSE,LOW,FALSE,HIGH,FALSE,HIGH,HIGH,NORMAL,HIGH,HIGH,NORMAL,HIGH,HIGH,NORMAL,FALSE,NORMAL,HIGH,NORMAL,NORMAL,HIGH,FALSE,LOW,LOW,NORMAL,HIGH,FALSE,FALSE,HIGH,NORMAL,LOW,FALSE,HIGH,LOW,NORMAL,FALSE,NORMAL
FALSE,FALSE,NORMAL,FALSE,HIGH,TRUE,HIGH,HIGH,NORMAL,NORMAL,NORMAL,LOW,HIGH,HIGH,NORMAL,FALSE,NORMAL,NORMAL,HIGH,NORMAL,ZERO,FALSE,LOW,ZERO,LOW,NORMAL,FALSE,FALSE,NORMAL,NORMAL,LOW,FALSE,HIGH,ZERO,NORMAL,FALSE,NORMAL
FALSE,FALSE,NORMAL,FALSE,HIGH,FALSE,HIGH,NORMAL,NORMAL,LOW,NORMAL,LOW,HIGH,LOW,NORMAL,FALSE,HIGH,NORMAL,NORMAL,HIGH,ZERO,FALSE,LOW,ZERO,LOW,HIGH,FALSE,TRUE,HIGH,HIGH,LOW,FALSE,HIGH,ZERO,LOW,FALSE,NORMAL
TRUE,FALSE,NORMAL,FALSE,HIGH,FALSE,HIGH,ZERO,NORMAL,LOW,ZERO,ZERO,HIGH,LOW,ESOPHAGEAL,FALSE,NORMAL,NORMAL,NORMAL,NORMAL,ZERO,FALSE,LOW,LOW,LOW,HIGH,FALSE,TRUE,HIGH,NORMAL,LOW,FALSE,HIGH,LOW,LOW,FALSE,NORMAL
FALSE,FALSE,NORMAL,TRUE,HIGH,FALSE,HIGH,LOW,NORMAL,NORMAL,NORMAL,LOW,HIGH,LOW,NORMAL,FALSE,LOW,NORMAL,HIGH,LOW,ZERO,FALSE,LOW,ZERO,LOW,HIGH,TRUE,FALSE,HIGH,LOW,LOW,FALSE,HIGH,ZERO,LOW,FALSE,NORMAL
FALSE,FALSE,NORMAL,FALSE,HIGH,FALSE,HIGH,HIGH,NORMAL,HIGH,NORMAL,LOW,HIGH,HIGH,NORMAL,FALSE,NORMAL,NORMAL,NORMAL,NORMAL,ZERO,FALSE,LOW,ZERO,LOW,HIGH,FALSE,FALSE,HIGH,NORMAL,LOW,FALSE,HIGH,ZERO,NORMAL,FALSE,NORMAL
FALSE,FALSE,NORMAL,FALSE,HIGH,FALSE,HIGH,HIGH,NORMAL,LOW,NORMAL,LOW,HIGH,HIGH,NORMAL,FALSE,NORMAL,NORMAL,LOW,NORMAL,ZERO,FALSE,LOW,ZERO,LOW,HIGH,FALSE,FALSE,HIGH,NORMAL,LOW,FALSE,HIGH,ZERO,NORMAL,FALSE,NORMAL
FALSE,TRUE,NORMAL,FALSE,HIGH,FALSE,HIGH,HIGH,NORMAL,HIGH,NORMAL,LOW,HIGH,HIGH,NORMAL,FALSE,NORMAL,NORMAL,HIGH,NORMAL,ZERO,FALSE,LOW,ZERO,LOW,HIGH,FALSE,FALSE,HIGH,NORMAL,LOW,FALSE,HIGH,ZERO,NORMAL,FALSE,NORMAL
FALSE,FALSE,LOW,FALSE,HIGH,FALSE,NORMAL,LOW,NORMAL,LOW,NORMAL,LOW,HIGH,HIGH,NORMAL,FALSE,NORMAL,NORMAL,LOW,NORMAL,ZERO,FALSE,LOW,ZERO,LOW,HIGH,FALSE,FALSE,HIGH,NORMAL,LOW,FALSE,HIGH,ZERO,NORMAL,FALSE,NORMAL
FALSE,FALSE,NORMAL,FALSE,HIGH,FALSE,HIGH,HIGH,NORMAL,LOW,NORMAL,LOW,HIGH,LOW,NORMAL,FALSE,HIGH,NORMAL,NORMAL,HIGH,ZERO,FALSE,LOW,ZERO,LOW,HIGH,FALSE,TRUE,HIGH,HIGH,LOW,FALSE,HIGH,ZERO,LOW,FALSE,NORMAL
FALSE,FALSE,NORMAL,TRUE,HIGH,FALSE,HIGH,NORMAL,NORMAL,LOW,NORMAL,LOW,HIGH,LOW,NORMAL,FALSE,LOW,NORMAL,LOW,LOW,ZERO,FALSE,LOW,ZERO,LOW,HIGH,TRUE,TRUE,HIGH,LOW,LOW,FALSE,HIGH,ZERO,LOW,FALSE,NORMAL
FALSE,TRUE,LOW,FALSE,HIGH,FALSE,HIGH,LOW,NORMAL,HIGH,NORMAL,LOW,HIGH,HIGH,NORMAL,FALSE,NORMAL,NORMAL,HIGH,HIGH,ZERO,FALSE,LOW,ZERO,LOW,HIGH,FALSE,FALSE,HIGH,NORMAL,LOW,FALSE,HIGH,ZERO,NORMAL,FALSE,NORMAL
FALSE,FALSE,NORMAL,FALSE,HIGH,TRUE,LOW,LOW,NORMAL,HIGH,NORMAL,LOW,HIGH,HIGH,NORMAL,FALSE,HIGH,NORMAL,NORMAL,NORMAL,ZERO,FALSE,LOW,ZERO,LOW,NORMAL,FALSE,FALSE,NORMAL,HIGH,LOW,FALSE,HIGH,ZERO,NORMAL,FALSE,NORMAL
FALSE,FALSE,NORMAL,FALSE,LOW,FALSE,HIGH,HIGH,NORMAL,LOW,ZERO,ZERO,HIGH,LOW,NORMAL,FALSE,NORMAL,NORMAL,NORMAL,LOW,LOW,FALSE,HIGH,HIGH,LOW,HIGH,FALSE,FALSE,HIGH,NORMAL,LOW,FALSE,HIGH,HIGH,LOW,FALSE,HIGH
FALSE,FALSE,NORMAL,FALSE,HIGH,FALSE,HIGH,HIGH,NORMAL,LOW,NORMAL,LOW,HIGH,LOW,NORMAL,FALSE,HIGH,NORMAL,NORMAL,HIGH,ZERO,FALSE,LOW,ZERO,LOW,HIGH,FALSE,TRUE,HIGH,HIGH,LOW,FALSE,HIGH,ZERO,LOW,FALSE,NORMAL
FALSE,FALSE,NORMAL,FALSE,LOW,TRUE,HIGH,LOW,NORMAL,LOW,HIGH,HIGH,HIGH,HIGH,NORMAL,FALSE,NORMAL,NORMAL,LOW,NORMAL,LOW,FALSE,HIGH,HIGH,LOW,NORMAL,FALSE,FALSE,NORMAL,NORMAL,HIGH,FALSE,HIGH,HIGH,NORMAL,FALSE,NORMAL
FALSE,FALSE,NORMAL,FALSE,HIGH,FALSE,LOW,LOW,NORMAL,NORMAL,NORMAL,LOW,HIGH,NORMAL,NORMAL,FALSE,NORMAL,NORMAL,NORMAL,NORMAL,ZERO,FALSE,LOW,ZERO,LOW,LOW,FALSE,FALSE,LOW,NORMAL,LOW,FALSE,NORMAL,ZERO,NORMAL,FALSE,NORMAL
